1658926517.293248653 -0.00362573160997 0.0091121191322 0.017663793914 0.999997024047 0.00206507412888 -0.000783758116021 0.00103590048397
1658926517.394112587 0.00387359482849 0.00491515230305 0.0164835687144 0.999997856717 0.00141644801342 -0.000212435284504 -0.00149502765166
1658926517.494992733 0.00971500443273 0.00420268358928 0.0130911414141 0.999987560594 -0.000110661308594 -7.72651085119 -0.0049866173073
1658926517.595811605 0.0295532542865 0.00837169340083 0.0190329695546 0.999931228309 0.00100174272867 -0.000117035550539 -0.0116842400955
1658926517.696694374 0.051390948232 0.00764429762305 0.0127895440155 0.999732655118 -9.64365482632 9.8264934903 -0.0231214042601
1658926517.797536135 0.0719365299751 0.00845426051049 0.0174190286043 0.999336117267 0.000754735652693 0.000731387276215 -0.0364173059524
1658926517.898410797 0.0959814411829 0.00103189019214 0.0109341690544 0.99859391417 -0.000615224550921 0.00178900329843 -0.0529775003974
1658926517.999262333 0.125256802553 -0.00935377180005 0.0126169435703 0.997577478156 2.40475368384 0.00117417561186 -0.0695542652137
1658926518.100107431 0.151308015871 -0.0169817592333 0.0152944508108 0.996691764057 0.000269964767412 0.00180075911081 -0.0812539958758
1658926518.200999975 0.178431856167 -0.0269485847583 0.0158461567395 0.996431982429 -0.000349062977265 0.00204338451973 -0.0843742089015
1658926518.301812649 0.20701479348 -0.0385390298685 0.0136230594961 0.99673299093 -0.00140855809011 0.00189766775274 -0.0807326427941
1658926518.402714729 0.241695551567 -0.0494940288112 0.00763274591443 0.996961306162 -0.00247049927847 0.00272538228865 -0.0778114576394
1658926518.503498554 0.268938018842 -0.0601491279189 0.00279507242996 0.99622180981 -0.00361380821923 0.00387737633974 -0.086683400962
1658926518.604395390 0.302336115322 -0.0671886214359 -0.00380670711302 0.993884899521 -0.00539241425896 0.00463182773909 -0.110191989477
1658926518.705280781 0.330178311277 -0.073172721608 -0.00971831452912 0.989609776984 -0.00546973890506 0.00602920596236 -0.143548667458
1658926518.806034565 0.355763347081 -0.0845861146982 -0.0137358129843 0.983166912974 -0.00472329307233 0.00682615799456 -0.18252099962
1658926518.906934500 0.377849284294 -0.100965363427 -0.0136243816792 0.975001138309 -0.00378980931025 0.0067233217186 -0.222065788871
1658926519.007802963 0.404058841219 -0.128169098108 -0.00680696337734 0.964509551795 -0.00180703823596 0.004439163127 -0.264004456286
1658926519.108667850 0.428102269351 -0.168167815961 -0.0017167606876 0.950975056333 -0.000753322027283 0.0045099514808 -0.309233787087
1658926519.209531307 0.44445509736 -0.210315606947 0.00331348381422 0.935248969456 0.00010715583769 0.00533156177028 -0.353950459949
1658926519.310361862 0.460690244116 -0.249125838637 0.00275748990513 0.917183601412 0.000124747945743 0.00616782962032 -0.398417097546
1658926519.411243439 0.465351346193 -0.281405517203 0.00621471871812 0.8978861044 -0.000447913097468 0.0067862249713 -0.440175294683
1658926519.512132168 0.471360097512 -0.29950183591 0.00568183025624 0.877803949879 -0.000173991642425 0.00703742832446 -0.478968339149
1658926519.612963200 0.478382200917 -0.32413734086 0.00447759094349 0.856890505291 -0.00154468217478 0.00687082565389 -0.515450354209
1658926519.713747978 0.481733648009 -0.347101435359 0.0110781038918 0.83488098384 -0.00282082359062 0.00328796082882 -0.550413458311
1658926519.814861536 0.489268803419 -0.369059886918 0.00290958686402 0.813117182135 -0.00327041414768 0.00500557458995 -0.58206932296
1658926519.915611744 0.498939630661 -0.40106041099 -0.00597142003029 0.794277558738 -0.00403364120549 0.00318359480585 -0.607533335832
1658926520.016128063 0.504160851363 -0.445603398036 -0.00398969739435 0.781050857481 0.000172085745596 0.00393093718122 -0.624455023319
1658926520.117211819 0.509913350873 -0.506202784277 0.00141781334449 0.775616690557 0.00140584401303 0.00680104337007 -0.631165999355
1658926520.218070030 0.505994973473 -0.561829865335 0.00561633913197 0.779677676307 0.00238409886082 0.00739953039083 -0.626132800683
1658926520.318993807 0.515568062309 -0.618265491057 0.00782027718445 0.783932811561 0.00168680911299 0.00672461627205 -0.620806959666
1658926520.419834137 0.527536192487 -0.674779451087 0.00831098390585 0.785804531654 0.00307757320342 0.00635734625217 -0.618434596965
1658926520.520698786 0.537889442798 -0.722958570782 0.00188183190281 0.789817844325 0.00766158769157 0.00681434702494 -0.613255768447
1658926520.621472836 0.549858567196 -0.76785611054 0.0133377627884 0.794707294805 0.00437850984955 0.00712353537536 -0.606935251472
1658926520.722434044 0.560768839973 -0.796417973301 0.00852625168274 0.805592909047 0.00740668861288 0.00620860013335 -0.592390630532
1658926520.823293686 0.568970712773 -0.817557425295 0.0160201482563 0.820441532441 0.00423210920406 0.00455672034898 -0.571696613071
1658926520.924110889 0.580320741225 -0.833707564372 0.0108235174364 0.830861441672 0.00373794280066 0.00643729348184 -0.556429558685
1658926521.024981976 0.594022495232 -0.849660969198 0.00353270000511 0.837182240957 0.00346069557568 0.00412036622231 -0.546897560421
1658926521.125848532 0.611463893173 -0.860643078839 -0.0027796883584 0.837831900779 0.00284651388615 0.00333210315449 -0.545910707428
1658926521.226674557 0.626406685215 -0.877493727749 0.00217720125351 0.834743887828 0.00286807422884 0.00431797995504 -0.550613994495
1658926521.327516079 0.640079986387 -0.893379805156 0.00141996673803 0.833790970708 0.00404697715341 0.00472116355405 -0.55204524249
1658926521.428475142 0.648645830752 -0.918460496628 0.00105777863008 0.831854988464 0.00379583092271 0.004342185102 -0.554963075585
1658926521.529263496 0.656368253349 -0.943536616132 0.00315140834655 0.828977416805 0.00391380619139 0.00385590945605 -0.559255090733
1658926521.630095720 0.661821631167 -0.972960196491 -0.00234024002076 0.821631903447 0.0027905783826 0.00267601148193 -0.570005321793
1658926521.730949879 0.660657525764 -0.999060462169 0.0014513713219 0.810291510791 0.0043454026201 0.00324566820281 -0.58600192035
1658926521.831827402 0.657393756769 -1.02480999552 0.00440170857039 0.794761866005 0.00547584915134 0.0025924015474 -0.606891152411
1658926521.932751417 0.654142880209 -1.05402110695 0.00515737106538 0.777319551824 0.00600378748909 0.00183845867366 -0.629074629085
1658926522.033519745 0.656806002445 -1.08363526146 0.00552606490939 0.758131017307 0.0047965921525 0.00112746624453 -0.652083646567
1658926522.134394646 0.660001586774 -1.12394857971 0.00679132755221 0.73847997737 0.00532711081863 0.00158141105401 -0.674252507635
1658926522.235255957 0.662634073363 -1.1668500619 0.00506212693648 0.720408517465 0.00573777097262 0.0026114437737 -0.693521323616
1658926522.336132288 0.672915667436 -1.22126595949 0.00286117298872 0.708818976265 0.00546432025245 0.00290976738289 -0.705363263393
1658926522.436973095 0.684032346471 -1.2808500016 0.000616127006902 0.710088853677 0.00573937463174 0.0015202921262 -0.704087045879
1658926522.537832260 0.688623664954 -1.34004936212 -0.00509646720419 0.715293582604 0.00764951039873 0.00253041204129 -0.698777627497
1658926522.638645649 0.691605239737 -1.39847639486 -0.0016990195212 0.718746164996 0.00632805588945 0.000288473533347 -0.695243714675
1658926522.739527464 0.692453096485 -1.46059079829 -0.00084649316595 0.719055277751 0.00632268272474 0.000419686138242 -0.694923992307
1658926522.840259075 0.6911895272 -1.51821114723 -0.00303829531745 0.719173967966 0.00562394244565 0.00165627906255 -0.69480531936
1658926522.941294670 0.695813530015 -1.57517693589 0.00282163433038 0.720342678299 0.00533581897513 0.000839050588121 -0.693597326156
1658926523.042016029 0.697914156154 -1.62857567583 0.00257616556457 0.720353241991 0.00631014173822 0.0018045069232 -0.693576335106
1658926523.142972946 0.699813509996 -1.68078906598 0.00251301160266 0.718089756794 0.007266850164 0.00190538278117 -0.695909953653
1658926523.243811369 0.698529787664 -1.73158620317 0.000136786398697 0.714410628216 0.00558941060376 0.00298323336823 -0.699698015647
1658926523.344671726 0.69759661001 -1.78040222035 -0.00240607346806 0.710195833259 0.00612094345388 0.00282455148355 -0.703971898858
1658926523.445527792 0.700610649141 -1.82654619782 -0.00394006610459 0.708361979004 0.00653235579865 0.0025255827678 -0.705814604879
1658926523.546416759 0.701659497006 -1.86639944797 -0.00392378323697 0.707305363518 0.00639069119446 0.00217515762899 -0.706875908837
1658926523.647210598 0.705066987932 -1.91785491881 -0.00548079184446 0.708482833419 0.00698317536383 0.00382168605197 -0.705683147545
1658926523.748122931 0.708691239401 -1.96450270997 -0.00497147075287 0.711487898698 0.00747906031282 0.00414476474025 -0.702646322547
1658926523.848969698 0.712506471128 -2.00813912683 -0.00454966207181 0.715237259626 0.00716904401528 0.00416339285506 -0.698832550337
1658926523.949847698 0.714170843821 -2.04801295037 -0.00655807698522 0.719527572446 0.00635271699936 0.00480619385247 -0.69441818523
1658926524.050604343 0.717412815935 -2.08840662655 -0.00716223369938 0.724335884089 0.00646722042588 0.00497279494612 -0.689398994336
1658926524.151563644 0.724545745043 -2.12946989134 -0.00872591504706 0.728744204255 0.00663825865982 0.00485417192467 -0.684736632072
1658926524.252397776 0.731973497548 -2.16616944287 -0.00689469881234 0.734420008486 0.00643212776263 0.00504451167795 -0.678646028331
1658926524.353291988 0.735162691936 -2.20314676936 -0.00926809031208 0.741772992256 0.00663894509681 0.00460935074798 -0.670602345845
1658926524.454132080 0.746283033089 -2.23435848919 -0.0101311876134 0.753681665066 0.00643854952173 0.00488044216285 -0.657189983267
1658926524.554958105 0.755600956225 -2.26440544971 -0.00665053189318 0.767073915912 0.00575945909468 0.00443709665003 -0.641517535483
1658926524.655785561 0.767306224685 -2.28672900917 -0.00837265155229 0.781836397302 0.00514913087759 0.00442369606564 -0.623446681937
1658926524.756730318 0.779565076986 -2.31296158453 -0.00762546379463 0.795791406967 0.00530453177716 0.00357187194198 -0.605537067627
1658926524.857547760 0.799894356109 -2.34431202727 -0.00772153426806 0.808615207251 0.00461722086093 0.00438361386192 -0.588303418147
1658926524.958432198 0.821043041005 -2.37538439717 -0.0100459781436 0.821459566758 0.00418697215617 0.00408031119363 -0.570236793364
1658926525.059238911 0.84200351546 -2.4067304055 -0.0122243063134 0.832192045783 0.004753296298 0.00508672037655 -0.55444380273
1658926525.160021782 0.865857648012 -2.444292229 -0.0119464563114 0.84296084172 0.00497076915718 0.00394069334661 -0.537937525849
1658926525.260966778 0.89288490879 -2.48135518871 -0.011378619151 0.851538990081 0.00440237369047 0.00391520408333 -0.524258179388
1658926525.361805439 0.920188039795 -2.51198469443 -0.0113008306188 0.853671940093 0.0045342914122 0.00471531205908 -0.520770030561
1658926525.462695599 0.945492366996 -2.55001789627 -0.0124798880054 0.852637784089 0.00516482144411 0.00426783440574 -0.522459490634
1658926525.563793659 0.972364426623 -2.60093124514 -0.0132754806112 0.850469492696 0.0049919619705 0.00499260442162 -0.525976992091
1658926525.664399624 1.00121720786 -2.65429514553 -0.011386249226 0.848405110843 0.0048608715799 0.00435725657347 -0.529307239832
1658926525.765134096 1.02721567493 -2.7098861284 -0.0135767149928 0.846915438246 0.00483185615406 0.00482033615332 -0.531683795114
1658926525.866153717 1.05259112414 -2.76197125605 -0.0112753609052 0.845605192978 0.00493880361412 0.00401021814093 -0.533770909641
1658926525.966914177 1.076162141 -2.80648921619 -0.0131388561244 0.845890899459 0.00412232869986 0.00337281865778 -0.53332936982
1658926526.067850113 1.09700101501 -2.85012655308 -0.0130472045286 0.846844597141 0.00493685108438 0.00260932588067 -0.531811101062
1658926526.168703556 1.11566720784 -2.88927188016 -0.011992273872 0.846381924965 0.00663736634623 0.00353074703978 -0.532523348113
1658926526.269540310 1.13751944912 -2.93096066875 -0.0145318324402 0.847022291529 0.00847402125866 0.00695510199204 -0.53144431051
1658926526.370385647 1.16165917019 -2.97427831671 -0.0118164255312 0.847708423571 0.00942948051653 0.00799166159758 -0.530318439099
1658926526.471262932 1.18152272139 -3.01534295338 -0.0157222692976 0.847392626171 0.00786566787114 0.00810818520599 -0.530846612227
1658926526.572121620 1.19829719994 -3.05004313148 -0.0193522973309 0.84724505644 0.00862802198277 0.00687867141033 -0.531087615611
1658926526.672974825 1.20988539971 -3.08258422073 -0.0222871776025 0.848650198266 0.00881947392614 0.00297282785993 -0.528872593502
1658926526.773813725 1.22805431839 -3.11723995085 -0.024442265003 0.850293773027 0.00808996446966 0.00326803600394 -0.526236042064
1658926526.874579191 1.24578047532 -3.14791681416 -0.0250690981646 0.851232026341 0.00818291937799 0.00462927525489 -0.524705295354
1658926526.976887226 1.2647082986 -3.17599995684 -0.0189667579999 0.851395767743 0.0111307566987 0.00812956264569 -0.524342696274
1658926527.076403856 1.28194432442 -3.20543710326 -0.0206053527216 0.851201581165 0.00971581756227 0.00651259763714 -0.524708544988
1658926527.177270889 1.29625102582 -3.23858883978 -0.0244672168979 0.851672495851 0.00960368975279 0.00604096136347 -0.523951558582
1658926527.278036356 1.31417387379 -3.27200778128 -0.0272165429764 0.851045452575 0.0101243063605 0.00469144139787 -0.524973453091
1658926527.378963470 1.33088572495 -3.3028410541 -0.0269853772137 0.850323790539 0.0084518150309 0.00467113069735 -0.526171263567
1658926527.479787827 1.34715409727 -3.33391725038 -0.0227546964174 0.848959418689 0.00653932483884 0.00383560166549 -0.528403662752
1658926527.580696583 1.36810438272 -3.37505979728 -0.0198740774076 0.84977237204 0.0067090168472 0.00300185105391 -0.527098561657
1658926527.681523800 1.39099091681 -3.41825006205 -0.0200630542765 0.849727157171 0.00720084780089 0.00344054822403 -0.527162279365
1658926527.782408476 1.40959145686 -3.45440850864 -0.0224321259056 0.848704258543 0.00763514968683 0.00455418411182 -0.528793008111
1658926527.883249044 1.42589451928 -3.48030932668 -0.0240604728346 0.847455286636 0.00581003568061 0.00357069166557 -0.53082297501
1658926527.984114647 1.44130449984 -3.50283606787 -0.0225803325027 0.847731118898 0.00550864809759 0.00289605827443 -0.530389684755
1658926528.084968567 1.45374512091 -3.52514485292 -0.0205523018987 0.848366889475 0.00496895254339 0.00231943551858 -0.529380345849
1658926528.185822964 1.46684415224 -3.54713139924 -0.0207528086797 0.84985032812 0.00591123624234 0.00215716216529 -0.526986549858
1658926528.286657095 1.47937414305 -3.56597167938 -0.0191682872288 0.852507503588 0.00603962755465 0.00244254361257 -0.52267438545
1658926528.387541771 1.49481537839 -3.58563982075 -0.0211709921823 0.858628836191 0.00598516054938 0.00180359113257 -0.512559700496
1658926528.488388062 1.51386414207 -3.60692855498 -0.0245315011994 0.866058349022 0.00630054620497 0.00280257180268 -0.499895373852
1658926528.589397430 1.53603990644 -3.62988459246 -0.0259536872489 0.873222733883 0.0062866990999 0.00363263261851 -0.4872672146
1658926528.690065861 1.55697725004 -3.65618813226 -0.0282988064686 0.878763811664 0.00672812564511 0.00410949425257 -0.477191793404
1658926528.790980816 1.57519863569 -3.68540571277 -0.0281497221666 0.883294743414 0.00715873302914 0.00380641319185 -0.46874797068
1658926528.891884804 1.59619130105 -3.70999467836 -0.0262020488937 0.88806393298 0.00647618429353 0.00367476320651 -0.459659663331
1658926528.992717981 1.6216527647 -3.73637898218 -0.0273827998776 0.893054161218 0.00702862015435 0.0038460315515 -0.449877840832
1658926529.093546152 1.64698631174 -3.7625559793 -0.0279630367201 0.897598590159 0.00743945922763 0.00399866594214 -0.440732839781
1658926529.194386005 1.67093524947 -3.78820211925 -0.0285522280036 0.902391128849 0.00707896925825 0.00338726001275 -0.430846452043
1658926529.295300007 1.69366342163 -3.80995354216 -0.0253154140938 0.90657235479 0.00710207503386 0.00334749140337 -0.421977393188
1658926529.396212339 1.71789555081 -3.83262132528 -0.0245633879461 0.91124333277 0.00595666922229 0.00296762998453 -0.411814642462
1658926529.497177601 1.74223327394 -3.84603847056 -0.0280120294578 0.916801352746 0.00622011574513 0.00261839973298 -0.399286530885
1658926529.597855330 1.76943370528 -3.86200533071 -0.0294198001317 0.923710773497 0.00702868852418 0.00326075332288 -0.383012234728
1658926529.698684216 1.7991438163 -3.88380295063 -0.0313219149538 0.930126088306 0.00656986565239 0.00267129444213 -0.36717184111
1658926529.799556971 1.8274523261 -3.90558220754 -0.0254346266442 0.935472116181 0.00603056835777 0.00169100877142 -0.353345005034
1658926529.900386810 1.85590715104 -3.92754410095 -0.0248281822716 0.940132297547 0.00645362015087 0.000852007921921 -0.340747542879
1658926530.001304626 1.88096041323 -3.94923710963 -0.0263493801769 0.944223127488 0.00520912264508 0.000550349490674 -0.329264707604
1658926530.102124214 1.91317839262 -3.96898568861 -0.023763691755 0.948104421735 0.00463247796029 0.000626171359677 -0.317924760823
1658926530.203002930 1.94782191258 -3.9874171199 -0.0232828622107 0.951730194624 0.00562094125487 0.000403584540851 -0.306884145533
1658926530.304631233 1.97901515236 -4.00725853832 -0.0240651613865 0.955340444255 0.00468533278336 0.000579048188661 -0.295469707297
1658926530.404674530 2.00924737352 -4.02597241829 -0.0248509916815 0.958524026617 0.00439718368203 0.000653520212673 -0.284977065893
1658926530.505559444 2.04244319037 -4.04091295409 -0.027417859378 0.961170533408 0.00480087534672 9.73986403246 -0.275913297646
1658926530.606429100 2.07504656642 -4.05514524799 -0.0269269768763 0.963360515671 0.00515724183119 -0.000558410018286 -0.268159668632
1658926530.707189560 2.1071281509 -4.07379436936 -0.0283826136493 0.964943817385 0.00378833252801 0.000125563850112 -0.262429156271
1658926530.808123112 2.1359407243 -4.09593308352 -0.0281155606306 0.965260887865 0.00418253595126 0.000119893072732 -0.261254493505
1658926530.909889936 2.16645511086 -4.11547942468 -0.0282425898803 0.964917157838 0.00451954168318 -1.98386456805 -0.262515622125
1658926531.009833336 2.19832044116 -4.1344628109 -0.0302028705626 0.964577156597 0.00465129845678 -0.000599668856502 -0.263759198495
1658926531.110815525 2.23151476117 -4.14864027459 -0.0312354592991 0.964488591771 0.00461954241677 -0.000937789265002 -0.264082443041
1658926531.211604118 2.2611317776 -4.15485206296 -0.0332577924943 0.965813857016 0.00446274704186 -0.000784425969048 -0.259196956309
1658926531.312395096 2.29004561859 -4.15871762186 -0.0345983164871 0.96846188927 0.00331966195684 -0.000449681055474 -0.249139211413
1658926531.413295031 2.3187639847 -4.16147019128 -0.0350633343665 0.97167842202 0.00381775436876 -1.4876478455 -0.236276255073
1658926531.514113426 2.35200456522 -4.16608404133 -0.0357048639994 0.975003910521 0.00421156038769 0.000274153476857 -0.222147613239
1658926531.614983797 2.38566776872 -4.17493204348 -0.0343192317451 0.978211205656 0.00433301462871 0.00010948735506 -0.207566977444
1658926531.715836763 2.42011353102 -4.18187467006 -0.0353038868689 0.981375969736 0.00444849912069 0.000293951503601 -0.192045126136
1658926531.816727638 2.45257584862 -4.18805760095 -0.0306526474317 0.984243930839 0.00387525970003 -0.00021092130113 -0.176773364741
1658926531.917557478 2.48373422664 -4.19625403947 -0.0302556205062 0.986688121508 0.0039136495918 9.30746929397 -0.162576829713
1658926532.018422365 2.51568699897 -4.20307286656 -0.0323233099205 0.988881387573 0.00363295372881 0.00100681845077 -0.148658633371
1658926532.119253635 2.54082742391 -4.21185573019 -0.0317447583904 0.990631500843 0.00359479130037 0.00066140609397 -0.136513257801
1658926532.220126152 2.55462227941 -4.21719624605 -0.0287284612013 0.992248991349 0.00390137982127 0.000883337707642 -0.124201200139
1658926532.320975780 2.56586288637 -4.20732070423 -0.0261439047757 0.993978556247 0.00355514032537 -0.00036710939592 -0.109516464195
1658926532.421802998 2.57255333825 -4.20123573998 -0.0238783780878 0.995762705274 0.00304471026706 -0.000127175111412 -0.0919094573584
1658926532.522684097 2.57820298799 -4.19546112237 -0.0295937521988 0.99726144299 0.00378524455216 -0.000223841226137 -0.0738595704314
1658926532.623530865 2.5859409456 -4.18746775826 -0.0322153883694 0.998423015991 0.00399408484524 -5.35090242252 -0.0559957637866
1658926532.724395275 2.60024092814 -4.17453681125 -0.03208461688 0.999385345509 0.00357947884816 -0.00089363300497 -0.0348614390451
1658926532.825287819 2.6156254203 -4.16590938489 -0.0328032371463 0.999917874078 0.00430331235172 -0.00113885427297 -0.0120178871873
1658926532.926151991 2.63959061282 -4.15138884568 -0.0341504404679 0.999902112633 0.00362351756289 -0.000972144004184 0.0134792510356
1658926533.026983738 2.67177287363 -4.13397530466 -0.0327275058601 0.999047172352 0.00409758049482 -0.000652014944439 0.0434457377127
1658926533.127845526 2.70583882029 -4.131374989 -0.0291113282196 0.997728624748 0.00354058751303 -0.000726984547165 0.0672646050447
1658926533.228701115 2.74439099988 -4.13716460709 -0.0300385761693 0.996745234461 0.00373707909882 -0.000262632636454 0.0805288944618
1658926533.329536438 2.78751782545 -4.13326889523 -0.0293938654811 0.995891436523 0.00386841944237 -0.000736195419626 0.0904695529344
1658926533.430401802 2.83492994343 -4.12356413924 -0.0283474181066 0.994751605349 0.00334167024383 -0.00161362934477 0.102252007785
1658926533.531165838 2.89572740928 -4.10721525412 -0.0295108094644 0.993191494416 0.00370653980443 -0.00169642489797 0.116421815503
1658926533.632126808 2.95913278142 -4.10124601311 -0.025229183909 0.991961754184 0.00321281100241 -0.00228379127464 0.126476639657
1658926533.732868910 3.02207811246 -4.08398124155 -0.0251274683495 0.991145534819 0.00399547797117 -0.00376037163769 0.132666591758
1658926533.833959103 3.08372240664 -4.05718039206 -0.0238016113887 0.989804888567 0.00267306546895 -0.00209143113585 0.142389477156
1658926533.934604645 3.14055117449 -4.02428755898 -0.0220548320799 0.987735228239 0.00290147545576 -0.00215210107926 0.1560963446
1658926534.035579681 3.18446562218 -3.99998335551 -0.0181305817553 0.985719490467 0.00272785636965 -0.00215545601704 0.168359730703
1658926534.136428833 3.22051712028 -3.98173288083 -0.0168663154924 0.983661845164 0.00259518251901 -0.00183769267218 0.179997950773
1658926534.237308979 3.2559404805 -3.96011412177 -0.0166611003667 0.98058848355 0.00259543425631 -0.00236269387327 0.196045676634
1658926534.338135242 3.29496115227 -3.92812065849 -0.0181190466022 0.976588375641 0.00279859496973 -0.00329971796821 0.21507306733
1658926534.438987017 3.33851579187 -3.8910245411 -0.0181952949012 0.971294072676 0.00249454199093 -0.00256752568074 0.237855017723
1658926534.539749384 3.38705546672 -3.85466401977 -0.020794981922 0.965508997677 0.0020278191815 -0.00260949802775 0.260348715905
1658926534.640708685 3.44002867911 -3.81941886317 -0.0193255548552 0.960433499716 0.00273322379206 -0.00272092975387 0.278482707995
1658926534.741442680 3.49407317895 -3.78505084976 -0.02111376896 0.955909953834 0.00391418476892 -0.00345048571489 0.293613578479
1658926534.842403889 3.54925506993 -3.76264851343 -0.0239946709564 0.954554692395 0.00260251407757 -0.00255620781601 0.298013476119
1658926534.943308115 3.60653511119 -3.74072719759 -0.0236550458131 0.95585328136 0.00271218569953 -0.00216327056434 0.293823873814
1658926535.044108391 3.66084370414 -3.70910357883 -0.0240142276105 0.957735965211 0.00225174262355 -0.00235285603986 0.287630343783
1658926535.145028353 3.71258118804 -3.66397526223 -0.0165171273346 0.957633952648 0.00238550990126 -0.00309407980445 0.287961714032
1658926535.245838642 3.7650439667 -3.62217907669 -0.0180789433504 0.9562406056 0.00256192353761 -0.00407022817375 0.292541918349
1658926535.346706629 3.81907860238 -3.58660497039 -0.0232714755007 0.956065078355 0.00270314019533 -0.0023729596753 0.293132441134
1658926535.447472572 3.87310433015 -3.54978647827 -0.0258261395405 0.958001949228 0.0032964812399 -0.00185945261059 0.286736710108
1658926535.548415422 3.92801950939 -3.51672973655 -0.0211844171231 0.961234018835 0.00477528888645 -0.00203634849865 0.275684984965
1658926535.649267912 3.97919876011 -3.48165835392 -0.0149044602198 0.964445315635 0.00448568891124 -0.00232318706425 0.264234203967
1658926535.750149727 4.03458418427 -3.44842134411 -0.0165032917429 0.967633814466 0.00644135510254 -0.00191032229076 0.252269024487
1658926535.851683617 4.08774165598 -3.41525234326 -0.0165761578883 0.970992993501 0.00719149100466 -0.00240373263236 0.238987679803
1658926535.951857328 4.14043202015 -3.39023844193 -0.0109380319603 0.974926587395 0.00527919471286 -0.00201455980339 0.222454986104
1658926536.052782059 4.19200190646 -3.36457082924 -0.0103780170284 0.979337710724 0.00596738700104 -0.00419773968371 0.202100018872
1658926536.153570652 4.2473885522 -3.34407688123 -0.0127476378341 0.982844400275 0.00470424997377 -0.00353685281224 0.184342739353
1658926536.254307270 4.30206916996 -3.3224324129 -0.0109564167266 0.98577476376 0.00582024191375 -0.00454437175154 0.167909465496
1658926536.355296373 4.35987748001 -3.29764317587 -0.0131645821683 0.988708352798 0.00399491466261 -0.00397185421828 0.149746646502
1658926536.456132650 4.42674791813 -3.27788122266 -0.0111939194536 0.991303894117 0.00407327083536 -0.00316279466912 0.131491424445
1658926536.557010174 4.49544758381 -3.26411470498 -0.0097741799981 0.994018598139 0.00398735083211 -0.00288621830637 0.109099941938
1658926536.657839298 4.57161557568 -3.25779701638 -0.0103600798832 0.996321346913 0.00344578176935 -0.00150651768825 0.0856132622806
1658926536.758720875 4.64510621859 -3.25466327545 -0.00865186286856 0.998097082674 0.00368450892479 -0.00147226625384 0.0615343024888
1658926536.859739304 4.72275732142 -3.25225998836 -0.00538751282533 0.999050670193 0.00532283269269 -0.00199334158785 0.0431908836221
1658926536.960422993 4.80631958524 -3.24742423425 -0.00441858489749 0.999352804008 0.0058161719115 -0.00213355014875 0.0354343509839
1658926537.061272144 4.89082475983 -3.24864562814 -0.00485119295008 0.99935979855 0.00439948250924 0.000364259884375 0.0355035901114
1658926537.162018061 4.96703592889 -3.24332604452 -0.00454585887805 0.99926517658 0.00543377887488 -0.000741072497646 0.0379345717394
1658926537.262977600 5.03500461148 -3.23792329023 -0.00511944038517 0.999227556115 0.00693651533197 -0.00152009658649 0.0386505518995
1658926537.363867998 5.10356543555 -3.23351324096 -0.0071458562042 0.999260828796 0.00737189806725 -0.000331753304576 0.0377271930017
1658926537.464725494 5.17261363993 -3.22582747412 -0.00723705435696 0.999314642448 0.00695326338926 -0.000461565375377 0.0363549786723
1658926537.565563679 5.23078084716 -3.2209041631 -0.00621012870754 0.999365034113 0.00631082214562 0.000425468719612 0.0350645275571
1658926537.666411877 5.29137514035 -3.21881736262 -0.0070477688389 0.999301208312 0.00735650398371 0.00249041767256 0.0365619301248
1658926537.767277479 5.34100096217 -3.21288455491 -0.00475291885504 0.999213117443 0.00651051274326 0.00335994390551 0.0389803787781
1658926537.868133545 5.36793044568 -3.20705971787 -0.00606513979949 0.999061875935 0.0059647898438 0.00397972588434 0.0427077407287
1658926537.969022274 5.38468742049 -3.20559156387 -0.00600704103172 0.998637463229 0.00600042404523 0.00215814159328 0.0517933815473
1658926538.069821119 5.39723359439 -3.20252974367 -0.00364251998524 0.997805116045 0.00673589362199 0.0010092597316 0.0658677426908
1658926538.170711517 5.4110247881 -3.20033391078 -0.00214607303829 0.996752038167 0.00647793209069 0.00129070359535 0.0802604815017
1658926538.271553516 5.43726763357 -3.19527139379 -0.00501547402143 0.995387332189 0.00620530889401 0.00179963228191 0.0957199790158
1658926538.372424841 5.46702903469 -3.18600582455 -0.00463517205748 0.994001346694 0.00578920464756 0.00222149991291 0.109191908212
1658926538.473281384 5.49717161558 -3.174480269 -0.00611246722314 0.992490548355 0.00514539306264 0.000913864996865 0.122209660859
1658926538.574147940 5.5338296663 -3.15880217577 -0.00644008373019 0.99080939765 0.0044889765914 0.0018520732491 0.135178239529
1658926538.674967766 5.58183694772 -3.13894784988 -0.00639714726234 0.989087926863 0.00424260007644 0.00136751677235 0.147258966373
1658926538.775853395 5.64239559328 -3.1142819016 -0.00260936178202 0.987783436595 0.00357539019612 0.000611651624975 0.155790644315
1658926538.876683712 5.70259992714 -3.08379942359 -0.00267242803433 0.987209023702 0.00188864833415 0.00121476118173 0.159415497626
1658926538.977540731 5.76528503104 -3.05134342057 -0.00211569343985 0.986912807773 0.00166055291785 0.0016210812736 0.161238098825
1658926539.078443766 5.82952438314 -3.02411067398 -0.00345586715465 0.986975881028 0.00178372803065 0.00020743708366 0.160858277852
1658926539.179279327 5.89368541157 -2.99908062636 -0.00371448384836 0.98713824128 0.00198735745269 0.000544685022696 0.159855704717
1658926539.280146122 5.95618818917 -2.97454430496 -0.0044975506367 0.987025714708 0.00139888863192 0.00125115936315 0.160551288427
1658926539.380989313 6.0189023793 -2.9497427091 -0.00639074103317 0.986784530016 0.000913035280379 0.00216157855882 0.162020940824
1658926539.481842756 6.08276186601 -2.92162089607 -0.00883205887871 0.986674435552 0.00177656262699 0.00111141096301 0.162693475036
1658926539.582742691 6.14949183219 -2.89197840861 -0.00828639824626 0.987178695836 0.00101963738044 0.000718420798972 0.159614118109
1658926539.683569908 6.21167767049 -2.86320590998 -0.010200485167 0.988548016107 0.00064105079538 0.00158655532124 0.150896957382
1658926539.784303665 6.2782159492 -2.84005738544 -0.00563504926055 0.990292576731 0.000215125815662 0.00248350115104 0.138976251257
1658926539.885223389 6.34223878919 -2.81933432042 -0.00344028187758 0.992030971689 -0.00127899831951 0.00168586504932 0.125976478883
1658926539.986164570 6.40773021108 -2.80190148525 -0.000967149599167 0.993489024339 -0.000516767101993 0.00131736676479 0.113919076602
1658926540.087023258 6.47360486336 -2.78343124975 0.00163670527409 0.995060304457 -0.000562182462797 -3.12256134141 0.0992707080159
1658926540.187800169 6.53568136344 -2.76606863931 0.00261233925916 0.996545027498 0.00028138153518 0.000192246654165 0.0830535492011
1658926540.288799763 6.59452551043 -2.75895295008 0.00494426617158 0.997764638195 0.000765402642822 -0.00208475878196 0.066789181066
1658926540.389581680 6.6471961199 -2.7580763094 0.00456631089638 0.99858699305 0.00063306476437 -0.00268045670109 0.0530700639996
1658926540.490311861 6.69510532272 -2.76803770458 0.00437858546212 0.998786324545 0.000840245606821 -0.00217552445415 0.0491979570873
1658926540.591188669 6.73841855718 -2.76629502255 0.00445054336689 0.998444316923 0.000513860493441 5.88006738752 0.0557555550405
1658926540.692126274 6.7765520395 -2.75707778043 0.00316818740875 0.997464260103 -0.000149113768707 -0.00197725527904 0.0711415352877
1658926540.792976379 6.81100824993 -2.74902521252 0.00742241594532 0.996037023147 0.000841144946726 -0.00355540617357 0.0888645040617
1658926540.893818617 6.84833403557 -2.72961174405 0.00338114599429 0.994093851132 0.000674715191149 -0.0021307115162 0.108500783267
1658926540.994691849 6.8819270569 -2.72143431218 0.00348098364341 0.992007074211 0.000258837072535 -0.00201033958527 0.126165986912
1658926541.095542431 6.91595932224 -2.709803828 0.00480248681358 0.989951629584 0.00049624223302 -0.00177140136071 0.141394437528
1658926541.196391106 6.94751072294 -2.69627352165 0.00522736515132 0.988050899274 0.0006158581195 -0.00137923750405 0.154120533568
1658926541.297285557 6.97964295225 -2.67992790627 0.00517637610487 0.98573709146 0.000105280934693 -0.00150229840142 0.168285823929
1658926541.398117065 7.00674829107 -2.66301462905 0.00870972011294 0.98307057815 3.01192660277 -0.00105455247149 0.183224248906
1658926541.498979092 7.0285622033 -2.64285003002 0.00913965294281 0.979766603943 -0.000783528738989 0.000395917991684 0.200141527751
1658926541.599889517 7.03122783878 -2.63555797359 0.0119099783052 0.976160767275 0.000519754558046 -5.0391606007 0.217048113904
1658926541.700691700 7.02114398882 -2.637352852 0.0132671707173 0.972510116449 0.000904138122441 -0.00219114561719 0.232848566283
1658926541.801548004 7.00439558145 -2.63478299173 0.0111049184622 0.967071102905 0.000188886765725 -0.00165868112691 0.254500874311
1658926541.902414083 6.97432820242 -2.63443330483 0.0139879957356 0.958897091172 2.34450615273 -0.00330502841935 0.283734814181
1658926542.003340244 6.93416908618 -2.64848436677 0.011341307048 0.94814749251 0.000463668625462 -0.00334681216695 0.317812706334
1658926542.104109049 6.89562231739 -2.66923643875 0.0127755738074 0.936448842188 0.00103862395145 -0.00425976721539 0.350776768911
1658926542.205035210 6.86192411109 -2.69099932506 0.0100308304292 0.924857208141 -0.000406756768754 -0.00325296344569 0.380300404058
1658926542.305822849 6.82832304509 -2.71837996948 0.00829407339928 0.913623193294 0.000488284001797 -0.00448786576024 0.406536937209
1658926542.406694651 6.80001297421 -2.7474303419 0.00572087028579 0.903741100148 0.000539087517995 -0.00462557968179 0.428054128938
1658926542.507386684 6.77244621849 -2.77884409946 -0.000128791602105 0.894705155718 0.000725104577059 -0.00404905643572 0.446638291795
1658926542.709258795 6.73744095149 -2.82065788054 -0.00304245738385 0.878773438021 -0.000295107091879 -0.00312204598718 0.477228886771
1658926542.810126305 6.71854102941 -2.84304769609 -0.00224329895571 0.870609140326 -0.000672790698381 -0.00319742729618 0.491964478995
1658926542.910973072 6.70103921455 -2.85782284443 -0.00175529303852 0.860808480485 -0.00106527467654 -0.00237171425369 0.508922391024
1658926543.011853695 6.68173367776 -2.87963439274 -0.00324289089527 0.850385088136 -0.00104701572934 -0.00211204159612 0.526155533007
1658926543.112680197 6.66667026717 -2.895799493 -0.00277301363909 0.839597555129 -0.000809582981436 -0.00301640197488 0.543199955187
1658926543.213572025 6.65530423322 -2.91557588292 0.00163588528627 0.829066368278 -0.000923488041126 -0.00304832937089 0.559141137681
1658926543.314285994 6.64205574557 -2.94278425283 0.000766645833276 0.819080912895 -0.000979663978436 -0.00343426270854 0.573666893091
1658926543.415326118 6.63038692447 -2.96191818123 -0.000929102688708 0.809203284562 -0.00137089235645 -0.00290320547922 0.587519988006
1658926543.516147614 6.62047260447 -2.98400499334 -0.00174598217542 0.800526659134 -0.000977377195303 -0.00348021360302 0.599286242844
1658926543.616875172 6.61340226258 -3.00483971986 -0.00126837625272 0.793707208552 -0.00116821146175 -0.00214617738448 0.608295073379
1658926543.717851639 6.61106768458 -3.02894234806 -0.00107454319807 0.792675913431 -0.000663995051257 -0.00277997312689 0.609636553306
1658926543.818743229 6.60618736267 -3.04793622184 -0.00287432372521 0.791378436431 -0.000751124317718 -0.00247332304141 0.611321101253
1658926543.919547081 6.59726650648 -3.05951921039 -0.00275440071488 0.785035180021 -0.000670303623093 -0.00269997394294 0.619444934569
1658926544.020347357 6.58918830674 -3.06884450713 -0.00134478992423 0.774476439625 -0.000875028664455 -0.00180260401776 0.632599580627
1658926544.121262074 6.5760114085 -3.08575657 -0.0036835068022 0.762484263762 -0.00123026691034 -0.00228535336986 0.647001554185
1658926544.222145081 6.56950909107 -3.09708466141 -0.00713812016113 0.750811099103 -0.000576788539916 -0.00145294461652 0.660515139668
1658926544.323012829 6.56670092481 -3.10013229456 -0.00690374859655 0.740878139715 -0.000354893281679 -0.00280311079596 0.671633530069
1658926544.423772335 6.56038665242 -3.09845513556 -0.0025655413356 0.731359580808 -0.00121545267114 -0.00249870136464 0.681986394825
1658926544.524717808 6.55490844654 -3.09087860982 -0.00111845653265 0.7165474316 -0.00156448303057 -0.00112863467174 0.697535702917
1658926544.625543118 6.54455239064 -3.0823618851 -0.00646008762041 0.69851109685 -0.000805847986242 -0.00258401623628 0.715594103557
1658926544.726398945 6.53380598945 -3.08198436212 -0.00785652653901 0.6792338599 -0.00152179413514 -0.00223802745303 0.733916915557
1658926544.827294350 6.52985878769 -3.0777951956 -0.00593531061921 0.661875492211 -0.00171568886709 -0.00151797036804 0.749610288742
1658926544.928156137 6.52366528343 -3.07702696516 -0.00357133738033 0.647364051613 -0.001223590045 -0.00221880231809 0.762176727815
1658926545.029002428 6.51794380217 -3.065863746 -0.00404881170583 0.629716901948 -0.00183581090139 -0.00270257051596 0.776817835346
1658926545.129865646 6.51114887186 -3.05669547322 -0.0027201384257 0.610696788946 -0.00148879352088 -0.00166133157198 0.791861386508
1658926545.230681896 6.50201908369 -3.04626590532 -0.00312073852648 0.591164810435 -0.0023881504203 -0.00194348873984 0.806544906681
1658926545.331568718 6.49600143791 -3.03685983194 -0.00269967568269 0.574932087664 -0.00232477458593 -0.00144614173619 0.818196552591
1658926545.432427883 6.48494923445 -3.02328488889 -0.00425304651358 0.559447535481 -0.00193996312016 -0.00257153150307 0.82885950487
1658926545.533291578 6.47459831566 -3.01328675084 -0.00479428326168 0.543474542683 -0.00230935661703 -0.00207123298597 0.839419917754
1658926545.634146452 6.461161731 -2.99798308645 -0.00801610337907 0.528757729846 -0.00293661594863 -0.00281667850028 0.848763044516
1658926545.734930992 6.44380478609 -2.98394372994 -0.0103520175667 0.517292406168 -0.00463827522976 -0.002034768471 0.855793732532
1658926545.835762978 6.42874446196 -2.96222664494 -0.0110060845868 0.506803571619 -0.0041116311796 -0.00182763812176 0.862049821079
1658926545.936709642 6.40735011659 -2.93615778929 -0.00896911516439 0.494339168411 -0.0045356146089 -0.00261475161239 0.869253345032
1658926546.037562609 6.38461076056 -2.90623330661 -0.00588071767814 0.481540077344 -0.00471686003097 -0.00280643867192 0.876406885553
1658926546.138464451 6.35807907083 -2.87556934045 -0.00227173998177 0.468887272476 -0.00469298455858 -0.00169356533885 0.883243926355
1658926546.239252329 6.33122737404 -2.8460353029 -0.00233437899835 0.456525619299 -0.00547093519921 -0.00258257480375 0.889689697647
1658926546.340101242 6.29941772548 -2.82033213797 -0.000618541914478 0.448011816067 -0.00474626322194 -0.000555697633714 0.894014863886
1658926546.440995693 6.27951142048 -2.79393652375 0.00304432048356 0.444617003507 -0.00394111593586 -0.00210619894736 0.895709635833
1658926546.541846752 6.25781321145 -2.77043150749 0.00364159496371 0.446937805981 -0.00433299391008 -0.00190476057029 0.894552510832
1658926546.642701864 6.23497773008 -2.74419149087 0.00468415681048 0.448999610606 -0.00374793785605 -0.000557004192248 0.893523918194
1658926546.743566513 6.21147992653 -2.72201748951 0.00346665959579 0.45243807642 -0.00155489982593 0.000370312874348 0.891794388949
1658926546.844417810 6.19277889423 -2.69697516522 0.00280030737445 0.460809712157 -0.00116943238223 -0.00103903577391 0.88749758423
1658926546.945307255 6.1786672862 -2.67142795848 0.00631622935879 0.474523926013 -0.000752265447284 -0.00215624520546 0.880239642566
1658926547.046111107 6.16708577378 -2.65189354392 0.00923916723469 0.497101587367 -0.000708248885265 -0.00246353795496 0.867688562332
1658926547.146985054 6.15384043908 -2.62521569236 0.0079801660551 0.528246690793 0.000110407027514 -0.00258884589376 0.849086991629
1658926547.247814894 6.14347037646 -2.59538091361 0.00671061942729 0.560467698154 0.00117483045978 -0.00129179780742 0.8281744444
1658926547.348711967 6.1356777778 -2.56239935589 0.0075772037897 0.591662225015 0.000845637971137 -0.00134947851483 0.806184392862
1658926547.449536800 6.13124649692 -2.52439409339 0.0093228299014 0.619887664071 0.000453417067549 -0.000752947697643 0.784690073478
1658926547.550400019 6.12580878595 -2.4746052228 0.00497238485381 0.64117922359 0.00176985478679 -0.00095245814671 0.767388535016
1658926547.651486397 6.12047699321 -2.41654701938 -0.000265066765207 0.650178893112 0.0007820149653 0.000314897529058 0.75978068957
1658926547.752128363 6.11417869633 -2.35761118521 0.00239218780765 0.649117241605 0.00249158741525 -0.0017420734638 0.760682301505
1658926547.852851391 6.10866902382 -2.3011285408 0.0019002291291 0.646582737627 6.11961934334 0.000937675139289 0.762843286935
1658926548.054684639 6.09725065186 -2.21254805327 0.00204588725387 0.643124013307 0.00123753783668 -0.000187300566946 0.765761018156
1658926548.155564547 6.09107350599 -2.16618495425 0.00247605569129 0.641327240716 -0.00172846333183 0.00117584879248 0.767264621959
1658926548.256426811 6.08166195473 -2.12056327722 0.00386873436522 0.639414703152 0.000378613664592 -0.00179933100326 0.768859841878
1658926548.357318640 6.07131447786 -2.07248567487 0.00326246624148 0.63612625984 -0.000909342046575 -0.000432329412879 0.77158432315
1658926548.458149195 6.06012222257 -2.03928391488 0.00215641940499 0.627887400379 -0.000692709410874 -0.000672463485249 0.778303591404
1658926548.558951378 6.05039537571 -2.01265952642 0.00561350038484 0.615988570804 -0.000620598797022 0.00100141573161 0.78775420828
1658926548.659819126 6.0368659348 -1.98336679413 0.00837635895018 0.603224689804 -0.000823924752475 -0.000208145521948 0.797570844148
1658926548.760624170 6.02551125503 -1.9627817435 0.00388538383642 0.590212433874 -0.000460941217231 0.00048782574064 0.807247689659
1658926548.861542225 6.01519596377 -1.94336921303 0.00217718021759 0.580532632796 -0.00120718719423 0.00141348056158 0.814234859872
1658926548.962440491 6.00225923186 -1.9179345906 0.00757532205451 0.572500524153 0.000231236407849 -0.00123837677027 0.819903386258
1658926549.063275337 5.98438339721 -1.88875728001 0.00617066422877 0.564825836254 1.97160606025 -0.00131506940818 0.825209091627
1658926549.164030552 5.96688550617 -1.85731503572 0.00308059701607 0.557936801543 0.000371797559769 -0.00149620527131 0.829882008854
1658926549.265034676 5.94657616984 -1.81604026845 0.00313750486875 0.553015262924 -0.000416315555819 -0.000752122440258 0.833170678772
1658926549.365852356 5.92822854468 -1.77984667682 0.0044722821694 0.551582043536 -0.000106101432103 -0.000729210403634 0.834120318805
1658926549.466689110 5.90803916127 -1.74826024811 0.00316126954866 0.551636157311 -0.00032599074826 -0.00107088628577 0.834084106598
1658926549.567442417 5.88683072119 -1.70788445882 0.00253929521599 0.552015882611 -0.000421836367665 -0.000179604194452 0.83383346967
1658926549.668416023 5.86715826706 -1.66060906845 0.00447640176932 0.551749620834 -0.000703325214468 0.000163395028913 0.834009493078
1658926549.769259691 5.84566038071 -1.6160622652 0.00541147629257 0.550994085579 -0.00106643446166 0.000321243118321 0.834508404498
1658926549.870153904 5.82229687232 -1.57041737288 0.00745749862344 0.550504756378 -0.00154840608555 -0.000123068166416 0.834830581914
1658926549.971015215 5.80568757891 -1.51949581841 0.00798277300116 0.550281605339 -0.00278997337694 -0.000167562561573 0.834974456374
1658926550.071827173 5.78667659431 -1.46473953937 0.0110917382972 0.549651722963 -0.00388280931307 0.00214874500536 0.835382122224
1658926550.172714472 5.76185495501 -1.42049854553 0.00720268716978 0.548125077815 -0.00606254504107 0.00270670277438 0.836370024796
1658926550.273549080 5.73691014545 -1.37793871163 0.00944481343766 0.545186132283 -0.00670839734844 0.00336437591604 0.838281432185
1658926550.374411583 5.7081682055 -1.33286431084 0.00289628722587 0.541518698775 -0.00608269556624 0.00440839945394 0.840655140772
1658926550.475227833 5.68387224696 -1.28965163849 0.00992116216156 0.537580308132 -0.00267039620996 0.00330665553394 0.843201842575
1658926550.576137543 5.66513662553 -1.23354864386 0.00893349431486 0.537251322935 -0.00297379663412 0.0044473142806 0.84340523708
1658926550.676997185 5.64186665327 -1.17621164108 0.00601384624978 0.538251654435 -0.00268893176927 0.0043355319444 0.842768728244
1658926550.777846098 5.61963523682 -1.11881881226 0.000909066299351 0.538671161011 -0.00275169829025 0.00701528365476 0.842482399963
1658926550.878763199 5.59608505978 -1.06979742371 0.00127083136791 0.542192254849 -0.00093157491031 0.00379426428818 0.840245377559
1658926550.980855942 5.57377492285 -1.02627010283 0.00350856569283 0.54544883997 -0.000848034222433 0.00543874394107 0.838126042954
1658926551.080435753 5.55150834996 -0.987054897903 0.00726584925836 0.544301971795 -0.00094610621922 0.00405060384241 0.838879050275
1658926551.181310654 5.52844927086 -0.941904634305 0.00464281890386 0.54190288733 -0.0017656095073 0.00401061165138 0.84042968672
1658926551.282116890 5.50199380286 -0.895032753877 0.00369198546646 0.541644682302 -0.00327913591275 0.00400390387091 0.840591609615
1658926551.382971764 5.47717466078 -0.861724969399 0.00124290780447 0.541618148338 -0.00151445545435 0.00148384678137 0.840621963795
1658926551.483810663 5.45466459256 -0.8159218427 0.00282915708263 0.54281267106 -0.000396466801306 0.00232494786268 0.839850487628
1658926551.584842920 5.4337365239 -0.772598224094 0.0017353128466 0.53928207364 -0.00149600530687 0.00287609706745 0.842118955424
1658926551.685512304 5.41096814136 -0.737893102981 -0.000195811189848 0.53120110434 -0.0011468994325 0.00187339769123 0.847242917793
1658926551.786526680 5.38845887078 -0.703580443794 0.000691568490081 0.517540337035 -0.00186180240944 0.00187535062784 0.855654729604
1658926551.887313604 5.36642661198 -0.673444417 0.00306079029918 0.501931323494 -0.0018018238097 0.00113488889905 0.864904857168
1658926551.988192320 5.34021780471 -0.643265438349 0.00252569560476 0.485145316919 -0.00108932525463 0.000365313899846 0.874432788376
1658926552.088877678 5.31332497847 -0.612184399254 0.00385529239609 0.468408682503 -0.000169368159745 0.000436804559863 0.883511792039
1658926552.189865828 5.28484492155 -0.581757346459 0.00382943148991 0.45161038839 1.43928791117 -0.000160143315991 0.892215238183
1658926552.290573597 5.256488982 -0.550524427161 0.00305366640697 0.43481117921 -0.000430074232527 -6.70362128499 0.900521542761
1658926552.391557217 5.23135736903 -0.52216234226 0.0051252098268 0.417196525852 -0.00148496198512 -0.000372502908509 0.908815005899
1658926552.492432117 5.20463166406 -0.502711158705 0.00578154191159 0.3981033136 -0.000432847208825 -0.00121403369316 0.91733968107
1658926552.593315601 5.18483403538 -0.489258167602 0.00700709956596 0.374966165499 -0.000727747069461 -0.0014219640039 0.927037120688
1658926552.694181919 5.16096474471 -0.477104265363 0.00654238706546 0.347404182458 -0.00062884506728 -0.00139180702699 0.937714242953
1658926552.794988632 5.13425379007 -0.46676568948 0.00820613237517 0.319776642066 -0.000135852338842 -0.00231418387758 0.947490118833
1658926552.895890713 5.10647575171 -0.456355030924 0.00940927388302 0.292460662017 -0.000159700691931 -0.00231885568864 0.956274729655
1658926552.996754169 5.07621816764 -0.444837785827 0.00822985627257 0.26468628338 -0.000228498622974 -0.00221335338403 0.96433200727
1658926553.097584248 5.0405916112 -0.436424272493 0.00844672444241 0.240602417609 -0.000769065674342 -0.00195124857469 0.970621490493
1658926553.198461533 4.99942821601 -0.424508617305 0.00782370355478 0.221173422485 0.000171797349297 -0.00281476263035 0.975230416252
1658926553.299320698 4.95451939129 -0.40712431436 0.00878375824168 0.206883057808 -0.0014884771551 -0.00184235035531 0.978362811319
1658926553.400163651 4.9050615245 -0.394153342573 0.00873374795817 0.195713264831 -0.00229247716807 -0.00266247403919 0.980654869844
1658926553.501003742 4.8552199789 -0.381931249358 0.00855153929141 0.181712625253 -0.00282190978137 -0.00139108966498 0.983346644637
1658926553.601818085 4.80538357082 -0.371048948262 0.00448742723553 0.167342719489 -0.00210447449748 -0.00150941313178 0.985895383442
1658926553.702691078 4.75873799642 -0.364166840059 0.00932273896132 0.154582857434 -0.00222960880497 -0.00377082992089 0.987970115881
1658926553.803439617 4.70855771077 -0.34986437592 0.0133060567612 0.144878124213 -0.00235260496558 -0.00363753975404 0.989440024801
1658926553.904409885 4.65096085878 -0.338326098698 0.0137576914139 0.141277039762 -0.0018735187179 -0.00196108529563 0.989966384332
1658926554.005292177 4.59552121481 -0.322947819358 0.0126569499196 0.144598027641 -0.00225024305263 -0.00190681220141 0.989486084225
1658926554.106138706 4.53830992257 -0.304175249166 0.0129425274926 0.147404371107 -0.00180859965509 -0.00131203651479 0.989073788403
1658926554.206995964 4.48373116498 -0.289283196769 0.0126610258697 0.149832738065 -0.00139259170493 -0.00230838784151 0.988707683109
1658926554.307926416 4.4298928269 -0.272639173786 0.00882912397319 0.148766560226 -0.00231719237762 -0.00124743108602 0.988868841199
1658926554.408743382 4.37605641915 -0.256991334667 0.0128755653026 0.148070698015 -0.00200661289937 -0.00311326151767 0.988969842562
1658926554.509415388 4.31979042883 -0.24142074089 0.0110374096283 0.148344742297 -0.00116448889088 -0.00293111371524 0.988930680064
1658926554.610428095 4.26577997046 -0.221540591498 0.0124154734311 0.147483611902 -0.00137128485383 -0.00280559348818 0.989059569714
1658926554.711329460 4.20573618791 -0.204350704773 0.0139428873383 0.144744127336 -0.00205920085894 -0.00206499095021 0.989464821561
1658926554.812125921 4.14279871005 -0.188259512955 0.010568952454 0.141472606236 -0.00122841226757 -0.00316449738867 0.989936350805
1658926554.912988424 4.07478905558 -0.173734133176 0.00886752052779 0.13656257184 -0.000909313292975 -0.0047103367947 0.990619831141
1658926555.013845444 4.01084118428 -0.166217426629 0.00403945572675 0.127508855077 -0.00138622030305 -0.00409599702026 0.991828005795
1658926555.114633799 3.94541462513 -0.154251040556 -0.000511958923763 0.11368917772 -0.00166355316529 -0.00312323043964 0.993510064816
1658926555.215592861 3.88023552174 -0.147553349817 -0.00152009985 0.0988240818691 -0.00234894786563 -0.00294655308387 0.995097784698
1658926555.316411018 3.81575914432 -0.141885001789 -0.00125197349322 0.0820879091276 -0.00361163445782 -0.00389950073022 0.99661091965
1658926555.417253494 3.74604188436 -0.139505603694 -0.000363252265424 0.0646439847535 -0.00349677813797 -0.00466537991048 0.997891357818
1658926555.518131256 3.67703417278 -0.142273863533 0.00124567262122 0.0470735928633 -0.00199303473222 -0.00343233544874 0.998883538627
1658926555.619019985 3.60179461054 -0.141991840207 0.00262757021932 0.0304455122756 -0.00199357960674 -0.00329465300321 0.999529009926
1658926555.719829798 3.52920211243 -0.146108516783 0.00226922519933 0.0173571941933 -0.00374687280789 -0.00476705449858 0.999830967687
1658926555.820593596 3.45790546528 -0.149967489853 0.00270729093849 0.005351108975 -0.00234598252557 -0.00345765317957 0.999976953051
1658926555.921537399 3.38907149939 -0.15599131274 0.00620612785357 -0.00459333406914 -0.00360607037612 -0.0042990311033 0.999973707589
1658926556.022430420 3.31777081681 -0.155870485036 0.00706743403082 -0.0162026221663 -0.00413075626268 -0.00396277046989 0.999852343268
1658926556.123260975 3.2428207574 -0.168089880008 0.00695010525222 -0.0257522908282 -0.00411514483306 -0.00544203118957 0.999645071711
1658926556.224194527 3.16707770275 -0.17392252479 0.00931133643022 -0.0318758876988 -0.00478739319287 -0.00424999882733 0.999471333336
1658926556.324984074 3.08708735427 -0.186119821125 0.00683723533736 -0.0373178449261 -0.00420110613623 -0.00472683333592 0.99928343637
1658926556.425870419 3.00529530201 -0.192052505628 0.00201960529385 -0.0427953055737 -0.00516703344585 -0.00392641483146 0.99906278424
1658926556.526751518 2.92742398574 -0.197175324459 -0.000110883401203 -0.049386492816 -0.00435974722289 -0.00397920974573 0.998762300461
1658926556.627541065 2.84917908676 -0.206733870006 -0.000689518100118 -0.0543258406453 -0.00458097050514 -0.00368394183415 0.998505957078
1658926556.728401423 2.76984660376 -0.216958114954 -0.003124093606 -0.0576064148983 -0.00302783539913 -0.00314565082169 0.998329824285
1658926556.829211950 2.69776953763 -0.22796225301 -0.000310878148073 -0.0593356907455 -0.00377270829807 -0.00298989578361 0.998226478811
1658926556.930136442 2.62362690902 -0.244341866199 -0.00297454219475 -0.0620231954907 -0.00255967117849 -0.00296505535244 0.998067021673
1658926557.030969143 2.54969075613 -0.260652243283 -0.00269855400908 -0.0655593082245 -0.00276363601181 -0.00290064429777 0.997840631405
1658926557.131888866 2.4745202398 -0.276671769252 -0.00524697960317 -0.0680535761648 -0.00367320478616 -0.00250746520274 0.997671755116
1658926557.232720137 2.3994594686 -0.288739233494 -0.00089933270459 -0.0708901393402 -0.00219658474612 -0.00398337182866 0.997473757002
1658926557.333483219 2.33194930576 -0.302415768472 0.000846314193892 -0.0785209073964 -0.00377064571884 -0.00419617062378 0.996896504901
1658926557.434404850 2.26988134276 -0.323214675593 0.00031203824402 -0.0926839119097 -0.00452682454018 -0.00510976219755 0.99567218032
1658926557.535281897 2.20834748248 -0.348314315528 -0.0017568831899 -0.108097494992 -0.00534823047796 -0.0038954046674 0.994118279597
1658926557.636128902 2.15059090517 -0.370153563605 -0.000834291207214 -0.119012062696 -0.0062712396766 -0.00355168439155 0.992866650675
1658926557.736936092 2.08947272281 -0.387359502285 0.00241174913977 -0.125032179205 -0.00723871614923 -0.00503724672999 0.992113492145
1658926557.837836266 2.02995026512 -0.403152537601 0.00456585170979 -0.130659565724 -0.00789822449932 -0.00409316066084 0.991387382394
1658926557.938719749 1.96508606289 -0.424850321378 0.00162679874237 -0.136749612448 -0.00649886018707 -0.00471915860035 0.990573085569
1658926558.039571285 1.90825502169 -0.44538197144 0.00186974693856 -0.145248675527 -0.00546431190961 -0.00351462567622 0.989373847926
1658926558.140310049 1.85761466188 -0.464821217935 -0.000466410235667 -0.15720634402 -0.00618682804261 -0.00374199855176 0.987539308587
1658926558.241277695 1.80171369874 -0.48268959306 -0.00709489042219 -0.167222435017 -0.00596127114677 -0.00159206525922 0.985899886298
1658926558.342171669 1.74614931804 -0.499118354695 -0.00184805356306 -0.172720462198 -0.00719494842826 0.000604339618339 0.984944419462
1658926558.442965984 1.68619788536 -0.51813871644 -0.00210227624932 -0.177064433869 -0.00715284581297 3.21571070854 0.984173268292
1658926558.543871403 1.62790541434 -0.538506328169 0.000276901601621 -0.179712348204 -0.00665728495871 -0.000836701731519 0.983696321224
1658926558.644736767 1.57095272524 -0.56166092685 -0.00399001723928 -0.183732221337 -0.00605722503817 0.000891142800929 0.982957265974
1658926558.745600700 1.51635900941 -0.583596325465 -0.00228965036864 -0.185506061398 -0.0059974921055 0.00310423486046 0.982619913801
1658926558.846439362 1.46445940083 -0.601930263125 0.0061184978638 -0.189309972662 -0.00269989015571 0.00385929458658 0.981906080381
1658926558.947282076 1.40915981351 -0.624312085836 0.00566023378808 -0.191042332879 0.000771157876294 0.00406970481205 0.981573058853
1658926559.048142910 1.35868648747 -0.648141435153 0.00442626144912 -0.193193063233 0.000993985768654 0.00375730896618 0.981153063971
1658926559.149018764 1.30872878081 -0.672920758433 0.00611617662039 -0.194783694098 0.000513800413843 0.00177607100931 0.980844480075
1658926559.249752522 1.2600594748 -0.699433841546 0.00510528982393 -0.199056257069 0.00217557769909 0.00106948622513 0.979985066
1658926559.350724220 1.20962437077 -0.725677705909 0.00452339823785 -0.208013351996 0.00256791376615 0.000663610552667 0.978122390517
1658926559.451565027 1.15976874941 -0.754640956078 0.00309803852247 -0.218935595416 0.00189764902287 0.000350464067744 0.975737403794
1658926559.552422285 1.10769799692 -0.786251919339 -0.00192740821592 -0.227164723791 -0.00257132178797 -0.00234690928777 0.973850126347
1658926559.653170347 1.05933386023 -0.820027334654 0.00276089594465 -0.237836868638 -0.00185373436683 -0.00137923424379 0.971302365537
1658926559.754164457 1.01010154167 -0.851335737753 0.00382070646171 -0.246091966898 -0.00162585664503 -0.000969477438791 0.969244633997
1658926559.856833458 0.959769661068 -0.886554979449 0.00328452820922 -0.254518659975 -0.00246056902835 -0.000431888406048 0.967064636308
1658926559.955875158 0.908684481214 -0.917607670173 0.00115574715043 -0.262599845564 -0.00376603120247 -0.00107622429527 0.964896875246
1658926560.057129383 0.865609208794 -0.945660009686 -0.000281337438598 -0.269229493179 -0.00405320249198 -0.000333100814522 0.963067464198
1658926560.157604694 0.835922872228 -0.965368602626 0.0021255914545 -0.276993526986 -0.0056862577198 -0.00150660714959 0.960853777958
1658926560.258409977 0.809001080377 -0.988732615074 0.0022912227374 -0.287731728732 -0.00357563160243 0.000276864784973 0.957704333542
1658926560.359289169 0.773435279152 -1.01435525762 0.00155423583593 -0.302376203091 -0.00228040401383 -0.000245839631939 0.953185905857
1658926560.460129261 0.738796289521 -1.04246111247 0.00269390349683 -0.317873758085 -0.004371714697 -3.29215651523 0.948122967208
1658926560.560907602 0.704854444566 -1.07352819992 0.00210070421152 -0.32825160679 -0.00445559801579 0.000699691265518 0.944579557644
1658926560.661895752 0.671771464048 -1.10581115649 0.00401165746774 -0.339817972983 -0.00464954895128 0.000507430482661 0.940479595444
1658926560.762723446 0.636902772114 -1.13688648966 0.000445798317255 -0.352265446299 -0.00545630236806 -0.00113212007975 0.935883541052
1658926560.863578796 0.604334543782 -1.16787508337 0.000695899926298 -0.363956286633 -0.00500850551065 -0.000786952307974 0.931402231584
1658926560.964204311 0.57583007422 -1.20045863708 0.000496484327489 -0.378533686282 -0.00416464061386 -0.000310858032569 0.925578093672
1658926561.065265179 0.549948960013 -1.23482379672 0.00328133211691 -0.397058540423 -0.00550125069063 -0.000843810655198 0.917776410517
1658926561.166197777 0.525211484045 -1.2688547053 0.00444092888417 -0.415907616179 -0.00499361212327 -0.000441638622278 0.909393052314
1658926561.267008305 0.502486624325 -1.30392033867 0.00306870279736 -0.435786237589 -0.00497085561386 -0.000657126485575 0.900036229219
1658926561.367910385 0.480016976115 -1.33582184406 0.00268806216743 -0.452375446638 -0.00563714663503 -0.00102850460922 0.891809183646
1658926561.468720675 0.466651345894 -1.37827601188 0.00122580436787 -0.468076013991 -0.00530811043037 -0.00158535787023 0.883670841281
1658926561.569563389 0.453913647629 -1.40242740602 0.00094108053367 -0.485012466323 -0.00474511650842 -0.00049766510605 0.874494221656
1658926561.670466185 0.446739966765 -1.42675224458 0.000939041787833 -0.503975895292 -0.00381498432888 -0.000117086642724 0.863709285089
1658926561.771275997 0.442123292872 -1.45128573691 -0.00273619173116 -0.523073523674 -0.00439218374167 -0.000988714262902 0.852275671363
1658926561.872179508 0.436895250651 -1.47749059454 -0.00521123882332 -0.542245600491 -0.00464722133364 -0.000930459659371 0.840206668818
1658926561.973069191 0.427391861931 -1.50924824286 -0.00522570022745 -0.559642732186 -0.00336848569705 -0.000664743684495 0.828726869198
1658926562.073854446 0.420977271683 -1.53846147112 -0.00455105257282 -0.578458143374 -0.00479010375887 -0.000626685898401 0.815697761757
1658926562.174687386 0.415876475416 -1.57321525359 -0.00629407811724 -0.595206335598 -0.00383253245343 -0.0009176536179 0.80356324435
1658926562.275591135 0.411739291916 -1.61235105873 -0.00587766868894 -0.61127895105 -0.00296500013363 -0.00130519089706 0.791408585533
1658926562.376425743 0.411847382561 -1.65156013141 -0.00674433766564 -0.627338359941 -0.00317209059796 -0.00137928581973 0.778739120347
1658926562.477325916 0.412852072739 -1.68906471704 -0.00785997318507 -0.642500925702 -0.00343348371225 -0.00227105454396 0.766273850508
1658926562.578114033 0.410789131889 -1.73305755159 -0.00490715359609 -0.65791481309 -0.00268302767225 -0.00206876560201 0.753084736459
1658926562.678979874 0.407988094487 -1.77531060366 -0.00201426047909 -0.673747448963 -0.00274460513744 -0.00285224511549 0.738951085564
1658926562.779831409 0.410441941055 -1.82146170999 -0.000701020224436 -0.687894346005 -0.00427339028077 -0.00270092162082 0.725793229434
1658926562.981561899 0.419876659246 -1.90772976555 -0.000417802201166 -0.711632597394 -0.00555372870605 -0.00300429229881 0.702523434948
1658926563.082442045 0.429998363449 -1.9531279809 -0.000858457416803 -0.721011163934 -0.00586974657908 -0.00383875117317 0.692887950211
1658926563.183141232 0.437768687982 -1.99551925057 -0.00319799617707 -0.72833445367 -0.00538234261838 -0.0031903357438 0.685193239709
1658926563.284105778 0.443987124277 -2.03655550123 -0.000780158654043 -0.736176459816 -0.00556298626422 -0.00352304695239 0.676757608998
1658926563.385061502 0.453396640573 -2.07389385708 -0.000946992544549 -0.7459956075 -0.00524621779343 -0.00377053830841 0.665919525041
1658926563.485849619 0.460723357728 -2.10873647693 -0.00691497669909 -0.75551574303 -0.00436043390452 -0.00265831598713 0.655110587615
1658926563.586685419 0.475109955378 -2.14623874294 -0.00730733563908 -0.767113584672 -0.00609860708393 -0.00378337213395 0.64147115391
1658926563.687572241 0.48823552354 -2.19335929608 -0.00814239825796 -0.7771541718 -0.00567369797312 -0.00290084047921 0.629277989072
1658926563.788480043 0.502692427586 -2.24825222657 -0.00588950207169 -0.783458323962 -0.0060619250234 -0.00386986081934 0.621402713107
1658926563.889284134 0.519743306675 -2.30259093356 -0.00740908173127 -0.786700743321 -0.00606879122438 -0.00263592696501 0.617299086441
1658926563.990235090 0.531353533565 -2.35973503369 -0.00591293789676 -0.786493294311 -0.00640547989141 -0.00377535441568 0.617554057981
1658926564.091016293 0.545507786116 -2.40807126839 -0.0056995870157 -0.783471673783 -0.00841855300321 -0.00375458517548 0.621359129196
1658926564.191829681 0.555826019335 -2.4541516313 -0.00862348112794 -0.780882008922 -0.00639805090618 -0.00317009868158 0.624637737861
1658926564.292730570 0.567378408188 -2.50579286477 -0.00852460837733 -0.77902362655 -0.00658710623611 -0.00220476344465 0.626956089632
1658926564.393561363 0.577646373609 -2.55986175904 -0.0074918065729 -0.776056428227 -0.0059382166516 -0.00202134256467 0.630632279513
1658926564.494452477 0.58893815527 -2.6145235422 -0.0080337639172 -0.771139750426 -0.00744281787046 -0.00273989515981 0.636616511527
1658926564.595312595 0.598773394886 -2.66697149036 -0.0120328241425 -0.767113040272 -0.00678841631827 -0.00238370633499 0.641471604042
1658926564.696163416 0.606496310761 -2.71899360893 -0.0134158049518 -0.762641252648 -0.00627480352403 -0.00230117293473 0.646787176128
1658926564.796990395 0.613581188369 -2.76923453566 -0.0144242076975 -0.759565395694 -0.00626024409142 -0.00243438668239 0.650396258269
1658926564.897893906 0.620141339315 -2.81479668864 -0.011973619173 -0.756519482154 -0.00614382592315 -0.00264141205576 0.653936961386
1658926564.998728275 0.629227311333 -2.85516815622 -0.0168929852252 -0.754436921172 -0.0100888394086 -0.00652191954999 0.656262608913
1658926565.099610090 0.634826656 -2.89632265043 -0.0154213237526 -0.753698964502 -0.00720700865326 -0.00551486957787 0.657157147224
1658926565.200422764 0.645166430536 -2.93905859449 -0.0105048983342 -0.751663288025 -0.00838328688382 -0.0064076167198 0.659462633046
1658926565.301322460 0.649599334672 -2.98023374233 -0.0217586221018 -0.747224598935 -0.00940498077486 -0.00730998474791 0.664464829171
1658926565.402142286 0.65812719641 -3.02268050959 -0.00725410677162 -0.743554705448 -0.0113076467729 -0.00738027984709 0.668538756244
1658926565.502994299 0.65841329911 -3.06330140548 -0.00846283876226 -0.740716501903 -0.0111665679197 -0.00568222230554 0.671700888729
1658926565.603847027 0.659330166365 -3.09952559572 -0.00881494811456 -0.739339084116 -0.00912936473497 -0.00453512265366 0.673256122186
1658926565.704740047 0.66215785573 -3.14494247077 -0.0112594529535 -0.735927723835 -0.00942356353706 -0.00674916407211 0.676960878135
1658926565.805734158 0.660960021074 -3.1875183515 -0.0161369722303 -0.729735452158 -0.00785235610611 -0.0059224992673 0.683658858182
1658926565.906446695 0.666230334268 -3.23020519121 -0.016240675696 -0.726489830216 -0.008500696941 -0.00617221996683 0.68709691343
1658926566.007279873 0.666089573261 -3.27543865453 -0.0171336654554 -0.723324704319 -0.00843520985606 -0.00286220320323 0.690450597183
1658926566.107941389 0.666337891643 -3.31758239634 -0.0152113959932 -0.719726389864 -0.00847585377917 -0.00252669409358 0.694201483327
1658926566.208927870 0.670505281566 -3.36011207411 -0.0158431701926 -0.716843957004 -0.00499966825331 -0.00169537055851 0.697213647559
1658926566.309870720 0.673711657606 -3.40378517573 -0.016482623657 -0.713978624324 -0.0053228896929 -0.00168501999308 0.700145236049
1658926566.410976171 0.671729849105 -3.45242820843 -0.0187122739421 -0.710339881374 -0.00453578418992 -0.00143384947835 0.703842754929
1658926566.511548281 0.671465040307 -3.50370176815 -0.0197458417795 -0.704736767667 -0.0046791775537 -0.002240362047 0.7094499097
1658926566.612432480 0.669058246899 -3.55449226012 -0.0197143543622 -0.699377078254 -0.00453155002838 -0.00152256706095 0.714736909119
1658926566.713279963 0.667066181697 -3.60666119687 -0.0183192138383 -0.696261317854 -0.00291709739352 -0.00078403006035 0.71778203732
1658926566.814151287 0.668009630567 -3.65963223989 -0.0194853826125 -0.694230584321 -0.00276488134047 -0.000758881514864 0.719746952285
1658926566.915023565 0.66823067262 -3.70942333029 -0.02028706208 -0.692977865584 -0.00280421533513 -0.000614011998212 0.720953144925
1658926567.015883446 0.66856939572 -3.76005968583 -0.0226069753827 -0.692243983792 -0.00288915612391 -0.00184382874045 0.721655402513
1658926567.116710424 0.668470388909 -3.79380772276 -0.0232341000798 -0.690002111269 -0.0041297481203 -0.00191513737286 0.723793039393
1658926567.217572212 0.668018269097 -3.81234798169 -0.0212236888639 -0.689124464956 -0.00319632013982 -0.00200260403061 0.724633179556
1658926567.318435669 0.673931977937 -3.81578814272 -0.0195670549744 -0.688476019914 -0.00273130727567 -0.00213977018736 0.725250805824
1658926567.419236422 0.6786435692 -3.81762684107 -0.0187235189431 -0.692958036259 -0.00252559190168 -0.00161110196341 0.720971695505
1658926567.520144463 0.681876368412 -3.81869933186 -0.0226315264004 -0.699750553489 -0.00369268449656 -0.00162199366479 0.714375878728
1658926567.621000767 0.678667184095 -3.8179927222 -0.0234447691602 -0.703244326134 -0.00344609233954 -0.00119596730159 0.71093889461
1658926567.721850395 0.67630646766 -3.8155175751 -0.022624499137 -0.704185668258 -0.00278442042656 -0.00139099588404 0.710009053993
1658926567.822647572 0.66718213747 -3.8148883527 -0.0236443837529 -0.701973195257 -0.00246336037133 -0.00141557451131 0.712197698076
1658926567.923629761 0.6490691058 -3.81822326519 -0.0241275654164 -0.693237058152 -0.00241891940387 -0.000944617242989 0.720704958864
1658926568.024449825 0.626666316869 -3.83665456922 -0.0227674076131 -0.678281111085 -0.00122726143413 -0.00161549152021 0.734799713093
1658926568.125626087 0.603509525601 -3.85706144482 -0.022396661757 -0.657480529454 -0.0011814120009 -0.00175885790252 0.753468555464
1658926568.226125479 0.594707760646 -3.89372825307 -0.0220614329445 -0.635518422027 9.63656031833 -0.00299464919776 0.772079890979
1658926568.327004671 0.616609932732 -3.9311625388 -0.0215464052842 -0.627976830924 -0.000822502872037 -0.00303596806433 0.7782256782
1658926568.427782536 0.641422394653 -3.9514203669 -0.0196958469929 -0.641092626187 -0.00195268922694 -0.00258540496275 0.767456674565
1658926568.528738499 0.661750768628 -3.95572530433 -0.0174975966334 -0.664919869135 -0.00161026085468 -0.00199075529052 0.746910310267
1658926568.629599094 0.677177858742 -3.96535432779 -0.0159960054417 -0.690747478708 -0.00017542784997 -0.00207044685325 0.723093080546
1658926568.730458260 0.688247314323 -3.972956651 -0.0172933492235 -0.715524500088 -0.000706075306387 -0.00177069676948 0.698585038392
1658926568.831334591 0.695031662184 -3.97784900059 -0.016543890325 -0.734786784077 0.000385344906199 -0.0025200807326 0.678293360315
1658926568.932151556 0.703053117385 -3.97519702086 -0.0179679404889 -0.750007238019 -0.000210564241072 -0.00282104206032 0.661423571022
1658926569.032994747 0.715483910101 -3.97504339375 -0.0155570110961 -0.765311253442 0.000783112246816 -0.00308814041263 0.6436524959
1658926569.133899212 0.733653259766 -3.98178464759 -0.0167350692508 -0.783606605316 0.00133458243165 -0.00346919346749 0.62124622469
1658926569.234752655 0.755174222805 -3.99245612372 -0.0182019943222 -0.803410637727 0.00129203198229 -0.00354502285475 0.595413394755
1658926569.335584164 0.774082406801 -4.01101623193 -0.0178125261608 -0.824314951689 0.000992168700538 -0.00398154501554 0.566116616362
1658926569.436385870 0.788535774675 -4.03214025281 -0.020332485139 -0.839673408086 0.00089722593868 -0.0044293196442 0.543072871598
1658926569.537256479 0.799981932094 -4.04933012591 -0.0197360337163 -0.850052542936 0.00137541126719 -0.00520863137307 0.52667034533
1658926569.638092041 0.818829600913 -4.07253587834 -0.0220786079469 -0.860525798627 0.00126516634435 -0.00691912397265 0.509358297247
1658926569.739008427 0.833545045529 -4.09528438013 -0.0229877922871 -0.869040644934 0.000316752453146 -0.00864528790057 0.494665054473
1658926569.839815617 0.849754764497 -4.12214420984 -0.0244194761288 -0.873374369977 -0.000693903555563 -0.00870005984889 0.48697129004
1658926569.940603733 0.873051273639 -4.15709902041 -0.0235362223973 -0.877439293482 -0.000240245047795 -0.00854544871601 0.479611513459
1658926570.041564703 0.901478311808 -4.19014686543 -0.0257858970809 -0.881521950716 -0.00175137466755 -0.00942089277313 0.472045792135
1658926570.142519712 0.933947569015 -4.22560079672 -0.025294524027 -0.883702524754 -0.00296403072641 -0.00920922971463 0.467948984776
1658926570.243323803 0.964485200561 -4.26998896721 -0.0244617475344 -0.883446666111 -0.00420866585833 -0.0082439381944 0.468440297958
1658926570.344141006 0.991630792412 -4.31801004774 -0.0225926302079 -0.880947080838 -0.00615699533906 -0.00729741571834 0.473118462856
1658926570.445015907 1.0142751859 -4.37093676956 -0.0217794443866 -0.873273570422 -0.00518049740583 -0.00782179202675 0.487139870282
1658926570.546029568 1.03232512368 -4.41445528261 -0.0225388760092 -0.862966280708 -0.0056512093627 -0.00701118571862 0.505181260014
1658926570.646727562 1.05067873538 -4.45497383699 -0.0241687527214 -0.852657304315 -0.00510802743275 -0.0056750065581 0.522414800474
1658926570.747594833 1.06681898048 -4.49915813556 -0.0242544500002 -0.843658043584 -0.00631470049204 -0.00171667515459 0.536841022165
1658926570.848431110 1.0835781702 -4.54670743526 -0.0242582358417 -0.832293136712 -0.00601575381568 -0.00128745367982 0.554301621639
1658926570.949333668 1.09816655779 -4.59258485356 -0.0253361830967 -0.819826701664 -0.0056103128931 -0.000697069737082 0.57258380847
1658926571.050188541 1.10941435928 -4.64496368983 -0.0226244445134 -0.803715439486 -0.00394802916276 -0.000590040301939 0.595000468276
1658926571.151006937 1.11737424642 -4.69840930284 -0.0220143879629 -0.785113688755 -0.00345998891477 -0.000130787883389 0.619341995267
1658926571.251919270 1.12275721872 -4.75091047966 -0.0231249020615 -0.764702194104 -0.00361251738749 -4.45574766364 0.644373730091
1658926571.353247643 1.12420020175 -4.79473001157 -0.0240695962957 -0.741541598579 -0.00360339259786 -0.000204449978027 0.670897183881
1658926571.453457355 1.11963021325 -4.83579147897 -0.0254939819709 -0.714543050793 -0.00266252087542 -0.000274643464727 0.699586352152
1658926571.554437160 1.11115382334 -4.89106761374 -0.0261862900512 -0.688799960023 -0.00369669882663 -0.000324955137613 0.724941958983
1658926571.655313015 1.09718111968 -4.94249405126 -0.0265769935335 -0.661999148331 -0.00333128665072 -0.000390442159553 0.749497083179
1658926571.756151676 1.08535354537 -4.99446430469 -0.0284018571949 -0.633382361549 -0.00147704273532 -0.000528203107049 0.773837401154
1658926571.856896400 1.06140623378 -5.04698174659 -0.0277949131509 -0.601938022189 -0.00153541120574 -0.000913399308533 0.798540810264
1658926571.957855225 1.02807787024 -5.11506768803 -0.028695304412 -0.568021638782 -0.000475094296158 -0.00109271578198 0.823012756969
1658926572.058642149 0.995317371203 -5.17630192394 -0.0270958253557 -0.533787296891 -0.000586710679046 -0.00120481946848 0.84561771851
1658926572.159607649 0.966239523035 -5.22130201752 -0.0288947017973 -0.499706577907 -0.000204798062886 -0.00175638534001 0.866192939919
1658926572.260414124 0.933451111936 -5.26653310438 -0.0276645567064 -0.465387238773 0.000355626718139 -0.00239671954421 0.88510386241
1658926572.361290932 0.89713329614 -5.30673053126 -0.0291762720768 -0.430437963892 0.000495211836587 -0.0025609633725 0.902616394418
1658926572.462144136 0.859663210634 -5.34699632666 -0.0249156160637 -0.397345420232 0.00116469742985 -0.00203115780003 0.917666134767
1658926572.562999725 0.822854520885 -5.38007830729 -0.0227558870581 -0.365675943763 0.00122859335933 -0.00227915991128 0.930738631486
1658926572.663881302 0.785629343679 -5.41054139381 -0.0216898568097 -0.332616146362 0.00149496695592 -0.00230570499419 0.943058295111
1658926572.764696121 0.749279238577 -5.43377180237 -0.0201889636821 -0.300319282344 0.00196553242506 -0.00231678911227 0.953833894252
1658926572.865606785 0.706852627715 -5.45668322667 -0.0219047634511 -0.267504731611 -0.000339131804842 -0.00275968867039 0.963552534984
1658926572.966317177 0.670674851082 -5.46662120342 -0.0229497187954 -0.235375365141 -0.000202443438217 -0.00195192636504 0.97190256018
1658926573.067297220 0.63471338359 -5.47803037774 -0.0239896055381 -0.204402472923 -0.00107530751096 -0.00199026737616 0.978884319832
1658926573.168219090 0.598662307697 -5.48518464489 -0.0232896604374 -0.174675095586 -0.000418542695369 -0.00121637733637 0.984625287218
1658926573.268994331 0.567402562224 -5.48820733161 -0.0221996422685 -0.142854628142 0.00114053935149 -0.00118870078709 0.989742310593
1658926573.369841099 0.532539501516 -5.49066930707 -0.0201261013194 -0.110151205479 0.00104775326079 -0.00138735090732 0.99391332087
1658926573.470715761 0.501422975617 -5.4862802662 -0.0223176580384 -0.0816177765544 -0.000397070360708 -0.00128173515773 0.99666280057
1658926573.571603537 0.491186098259 -5.47665014083 -0.0204581097068 -0.064744416099 -0.000982609166126 -0.000837982405688 0.997901043615
1658926573.672544718 0.489972952495 -5.47244365444 -0.0232117636054 -0.069153628879 -0.00171409852067 -0.0012880411586 0.997603718131
1658926573.773313522 0.489042629239 -5.47229137179 -0.0230631188121 -0.0820656657682 -0.000501395156583 -0.00127798918978 0.996625978915
1658926573.874133348 0.489775080164 -5.47432530399 -0.0239514943587 -0.0971669884669 -0.000409147164433 -0.00135477690897 0.99526708653
1658926573.975035191 0.491254426042 -5.47530658584 -0.0263294261676 -0.114261646931 -0.00127047342294 -0.0014236026119 0.993448858922
1658926574.075879574 0.509039058681 -5.47128403893 -0.025950253989 -0.129376032424 -0.000167441826964 -0.00175162435956 0.991594042948
1658926574.176740170 0.537069366596 -5.46687286427 -0.0242923661753 -0.144025068008 -0.000327879870383 -0.00138862841921 0.989573010945
1658926574.278572083 0.563299558258 -5.45938685479 -0.025289781127 -0.169489405678 0.00152910689898 -0.0020050349127 0.985528783461
1658926574.378454924 0.582238742006 -5.46157689839 -0.0227772389505 -0.192450493582 0.00213629312233 -0.00156133216758 0.981303116276
1658926574.479276180 0.595662510064 -5.46563151205 -0.0222707929379 -0.208388324439 0.00208579090599 -0.00180513777907 0.978042277814
1658926574.580203533 0.596977091906 -5.47086292244 -0.0235165613408 -0.213087318699 0.00130635296421 -0.00226432710306 0.977029662228
1658926574.680954218 0.594374623805 -5.47857317868 -0.0205928700214 -0.208312889107 0.00138760127134 -0.00192935018129 0.978059350143
1658926574.781867504 0.583967869536 -5.48231897258 -0.0202873894665 -0.194935180738 0.00108230757029 -0.00194444299446 0.980813602609
1658926574.882635117 0.568382847059 -5.49426219649 -0.0229460581665 -0.176909238609 0.000230903601102 -0.00189740016796 0.984225313559
1658926574.983570099 0.540695931515 -5.50453013879 -0.0217056924988 -0.155788497885 8.50389976409 -0.00121405709642 0.98778968549
1658926575.084461212 0.501340371273 -5.51666308851 -0.021884591477 -0.132730978508 -0.000661373764774 -0.00438882351414 0.991142163444
1658926575.185298681 0.456969771953 -5.5265469135 -0.023501805014 -0.107486567965 -0.00139401200097 -0.00187017632851 0.994203800475
1658926575.286149979 0.408306317448 -5.53263688773 -0.0245569237386 -0.0904655185681 -4.31830433728 -0.00213016229998 0.995897309211
1658926575.387004375 0.358561475941 -5.54012192527 -0.0227609157381 -0.079206978039 0.000168254896586 -0.00445466550484 0.996848224293
1658926575.487900257 0.306369580518 -5.54654639621 -0.0226841908722 -0.0758035183994 0.00103080460156 -0.00381819970449 0.997114930884
1658926575.588720322 0.265021393967 -5.55090862402 -0.0247393570064 -0.0768010910853 -0.00263336119572 -0.00193680165972 0.997041075692
1658926575.690592289 0.235828877051 -5.54784745777 -0.0237668201569 -0.079018336834 -0.00235703123708 -0.00199238433186 0.99686838512
1658926575.790449142 0.227022465524 -5.54396120016 -0.0261103042327 -0.0794098011194 -0.00317047977265 -0.00194413909324 0.996835117694
1658926575.891299248 0.235715430892 -5.54051917998 -0.0281846247134 -0.0779381787653 -0.00246554635375 -0.00208669117007 0.996952961324
1658926575.992155313 0.252666081988 -5.53630660477 -0.0274271607006 -0.0770282610874 8.33430858353 -0.00291689514378 0.9970246395
1658926576.093009472 0.272247921505 -5.53448288851 -0.0269461941212 -0.0787159609423 0.000642098341805 -0.00398896884157 0.996888897185
1658926576.194093227 0.2933953008 -5.53462716717 -0.0236268679404 -0.0791316009742 7.73685503861 -0.00389974284386 0.996856547226
1658926576.294721842 0.312002591673 -5.53048288244 -0.0226478026061 -0.0783172695669 0.000232655655625 -0.00366045458523 0.996921738268
1658926576.395485401 0.33479349162 -5.5276481663 -0.0233732144352 -0.0747675687647 -0.000105569504645 -0.00374357269562 0.997193955647
1658926576.496445894 0.358914185921 -5.52304468581 -0.0226561864551 -0.072266950585 0.00117501264381 -0.00324553809106 0.997379352945
1658926576.597288609 0.386726715972 -5.51833417781 -0.0226404315773 -0.0707297792164 0.00200756592505 -0.00239302119263 0.997490622242
1658926576.698154688 0.415490195516 -5.51813731178 -0.0232564633003 -0.0736576542454 0.00302949371998 -0.00139394858561 0.997278009908
1658926576.798994541 0.441006251019 -5.51508792542 -0.0240729755005 -0.0796205961417 0.00359916806579 -0.00099155913088 0.996818249968
1658926576.899870396 0.467649097428 -5.51225912234 -0.0213075763066 -0.0845094264786 -0.000418411430889 -0.00185778838101 0.996420860074
1658926577.000741482 0.490584094214 -5.50573823168 -0.0216847505969 -0.0871037250758 0.000166234226448 -0.00207561929518 0.996197071492
1658926577.101580620 0.513126133964 -5.50271754158 -0.019761345999 -0.0847283044818 2.57018467346 -0.00178825442 0.996402486902
1658926577.202429056 0.537038517591 -5.49897987661 -0.0180664467238 -0.0833093006364 -0.00012713716252 -0.0014386044935 0.996522691503
1658926577.304148674 0.5594456998 -5.49603275932 -0.0172393605989 -0.0823454864787 0.000389831935861 -0.00203058052719 0.996601698589
1658926577.404209852 0.583379822798 -5.49358254935 -0.0177123244092 -0.0817558343647 0.000578133866826 -0.00161583733214 0.99665091099
1658926577.505041599 0.612783395464 -5.48324729987 -0.0193786645126 -0.0803573525199 -0.000120015446578 -0.00161716455044 0.996764799876
1658926577.605864525 0.643113827409 -5.47801679031 -0.0214963836673 -0.0806686107249 0.000132331839494 -0.00151538778069 0.996739816267
1658926577.706715107 0.672158531545 -5.4716059553 -0.0236024778126 -0.0807788700298 0.000555805818077 -0.00147009172282 0.996730808226
1658926577.807582378 0.698285163039 -5.46637157729 -0.0216646912357 -0.0813098456522 0.00108601794121 -0.00122060217276 0.996687533631
1658926577.908356905 0.722812799393 -5.4603936841 -0.0200096070033 -0.0809889366534 0.0014632084743 -0.00107851222458 0.996713342929
1658926578.009289503 0.75117941978 -5.45242846291 -0.0183382382507 -0.0801734867756 0.00104602737322 -0.00140348197314 0.99677938787
1658926578.110091686 0.776087060464 -5.44634593281 -0.0178711916817 -0.0815828437537 0.00245793497327 -0.00111340250465 0.996662911167
1658926578.211015224 0.802841526425 -5.4413888799 -0.0171445076653 -0.0813204553806 0.00212721195022 -0.00102705187262 0.996685207912
1658926578.311900139 0.829128211079 -5.43460087413 -0.018471337502 -0.081580673421 0.0025696481122 -0.0011724672897 0.996662739322
1658926578.412722588 0.850202978786 -5.43160832545 -0.0187584549845 -0.0815187339217 0.00290006570864 -0.00134327307639 0.996666685134
1658926578.513420343 0.86455753546 -5.42905910577 -0.0202258085346 -0.085508088298 0.00292565898657 -0.00115548111522 0.996332510871
1658926578.614437580 0.870025965758 -5.42427148302 -0.0252077044884 -0.0886755125294 0.00260215847268 -0.00142354350517 0.996056150914
1658926578.715314627 0.866357585933 -5.42562924357 -0.0234054767354 -0.0891723582038 0.00254108525226 -0.00146895879557 0.996011885259
1658926578.816175461 0.863537857075 -5.42777990122 -0.0240434777628 -0.0884282323117 0.00242241694274 -0.00121749172642 0.996078861005
1658926578.917024136 0.86426998003 -5.42737995127 -0.0250424985257 -0.090057433942 0.00255678649236 -0.00156102399066 0.995932068285
1658926579.017862082 0.862853633984 -5.42807500586 -0.0264039900736 -0.0894957347034 0.00306446016682 -0.00139055804037 0.995981520362
1658926579.118738413 0.863071886649 -5.42972720826 -0.0257265008345 -0.0894976743894 0.00261119650108 -0.0015484979604 0.995982404506
1658926579.219569206 0.862301518605 -5.42763797901 -0.0252980046258 -0.0890673791534 0.00253454016456 -0.00150351748032 0.996021243504
1658926579.320477962 0.861356354485 -5.42922336928 -0.0260478191524 -0.0895156666861 0.00297545950792 -0.00125200405758 0.995980182807
1658926579.421322823 0.862785774724 -5.42992044414 -0.0252494239444 -0.0898908703431 0.00315889043776 -0.00120678005148 0.995945880318
1658926579.522141457 0.860982347815 -5.43077116676 -0.0230727356156 -0.0901157349577 0.00308476376327 -0.00104613286917 0.995925973229
1658926579.623009205 0.859354122573 -5.42641620701 -0.0230813317676 -0.0900646481216 0.00267260263973 -0.0014372480289 0.995931298169
1658926579.723855734 0.858143501642 -5.42396577676 -0.0233887886745 -0.0901639187735 0.0032775193089 -0.001380588152 0.995920589
1658926579.824606419 0.859391334987 -5.42668769567 -0.0223840203389 -0.0896310602129 0.00281053507759 -0.00132997018287 0.995970182845
1658926579.925597906 0.860295456232 -5.43075488043 -0.0226797901442 -0.0889900996781 0.00311266624022 -0.0012736996097 0.996026832549
1658926580.026462555 0.861061716052 -5.42960207266 -0.0242653818158 -0.0888404953273 0.00285052906478 -0.0015088721161 0.996040643839
1658926580.127323627 0.860289757554 -5.43251477152 -0.0229974752116 -0.0891943735868 0.00310219295767 -0.00112158205084 0.996008776153
1658926580.228153944 0.85987088338 -5.43454608858 -0.0239927537252 -0.0893548734983 0.00282847497299 -0.00141858767935 0.995994826252
1658926580.329024315 0.862384406995 -5.43710346819 -0.0229647537556 -0.0896613299687 0.00312652181486 -0.00140193159564 0.995966417786
1658926580.429864168 0.862641990658 -5.43645666838 -0.0226516082744 -0.0896605915435 0.00293674534341 -0.00137923660345 0.995967093612
1658926580.530730724 0.864539220092 -5.43611512605 -0.0224989954559 -0.0907963330793 0.00282395045014 -0.00118293343394 0.995864775897
1658926580.631586552 0.863998062731 -5.4326585965 -0.0230014655384 -0.0900156869183 0.00246989080379 -0.00126395611163 0.995936482996
1658926580.732799530 0.863980229052 -5.42877115238 -0.0247083599844 -0.0903905312124 0.00248516163756 -0.00127695425176 0.995902477769
1658926580.833320618 0.864619747531 -5.42844336389 -0.0244570381606 -0.0902569494061 0.00293446395744 -0.00138344894823 0.995913228185
1658926580.934568882 0.863132205997 -5.42987628828 -0.0243533318222 -0.0897129498045 0.00289098184356 -0.00127116617924 0.995962656427
