1658926339.582807541 -0.00226667414736 0.0104143132765 0.0084113015937 0.999999377411 0.000562210178337 0.000921895256517 -0.000281435505277
1658926339.683557510 -0.00479767747202 0.00440078960457 0.00710219785352 0.999999975339 4.09609491017 -0.000100418117747 -0.000193807017408
1658926339.784534931 -0.00531455892257 0.00109224390593 0.00494407729599 0.99999933432 -0.00102429241153 1.2089250516 -0.000531073749887
1658926339.885233402 -0.0059503031793 0.00613126571028 0.0136708781409 0.999999236689 0.00117900566805 0.000110607886915 -0.000352608342783
1658926339.986278296 -0.00835631629824 0.00837214471197 0.0179403636483 0.999999072255 0.000920468173299 0.000963674551976 -0.000282061364275
1658926340.087100506 -0.00714440432434 0.00855594386525 0.0161398723931 0.999999427411 0.000762176837196 0.000637639629955 -0.00039708880147
1658926340.187961102 -0.00840908304459 0.00833500291086 0.0159713960451 0.999999773351 0.000325145484703 0.000474321075634 -0.000350140109953
1658926340.288815260 -0.0049084685273 0.00854596244993 0.0149904061207 0.999999931633 0.000227890719602 0.00018625531856 -0.000223848766484
1658926340.389701366 -0.00522234269062 0.0100791555113 0.0152983209664 0.999999531227 0.000479474469628 0.00037621429451 -0.000752405192693
1658926340.490514994 -0.00642126714843 0.0120730371716 0.0175897367056 0.999998862518 0.000547000142729 0.000879649088856 -0.00109634404527
1658926340.591377735 -0.0029509944183 0.0111369056158 0.0173180357348 0.999999284405 0.00053656540848 0.000797180976199 -0.000712592864127
1658926340.692223072 0.000399178413433 0.00971452074336 0.0168030406845 0.999998486479 0.000236300820286 0.000533211764566 -0.00163917258947
1658926340.793082714 0.0157166113406 0.00984986652762 0.015862092978 0.999994008578 0.000762316309501 0.00107332695 -0.00320150751144
1658926340.893987179 0.0393406454319 0.00750864014718 0.0131082039732 0.999973657345 0.000483806711805 -6.56668039565 -0.00724197730625
1658926340.994771481 0.0717669699214 0.00626300778818 0.0113497800845 0.999923315062 0.000841017890989 0.000171935885814 -0.012354234996
1658926341.095655918 0.105788934295 0.00308034244653 0.0120251867792 0.999834495951 4.65576509238 -0.000391345884355 -0.0181886059884
1658926341.196565390 0.146615424634 0.000848989058872 0.00924004531212 0.999662357364 -0.000426202805681 0.000295876512798 -0.0259788775193
1658926341.398265362 0.215312169607 -0.00362554423203 0.0151444531993 0.998878346817 0.000735156452401 -0.000142514443819 -0.0473443501926
1658926341.499021530 0.247061950209 -0.00538597087476 0.0182839421807 0.998829056797 0.000781767874232 -7.77152186576 -0.0483724931918
1658926341.599879742 0.279441260903 -0.00787696554283 0.0169578726868 0.999034185701 0.000773606638148 -0.000407207659166 -0.0439309858125
1658926341.700764418 0.312053816086 -0.00622871847444 0.0192146443908 0.999176036799 9.83185830396 -3.47803236438 -0.0405861627938
1658926341.801682949 0.353525279058 -0.0114008379785 0.0222315564544 0.999263696992 -0.000121399898562 -0.00095427058072 -0.0383554233979
1658926341.902521133 0.402729136395 -0.0150322108862 0.02400952591 0.999299217025 0.000219836613776 -0.000493907537232 -0.0374270300813
1658926342.003407478 0.458682132272 -0.0247679616216 0.0239278164764 0.99908675847 -0.00091537268754 -0.00309228340651 -0.0426057381934
1658926342.104365349 0.514936417283 -0.0321949335333 0.0200361282708 0.998506907261 -0.001171458652 -0.00254692557805 -0.0545536158876
1658926342.205158472 0.574935034087 -0.0418497994906 0.0168085868416 0.997845862924 -0.00144820042361 -0.00178318748656 -0.0655618547895
1658926342.305977345 0.6328412552 -0.0476191336869 0.0204017165522 0.997185424478 -0.00403660055328 -0.000407115678209 -0.0748650073256
1658926342.406824112 0.689610964677 -0.0502682032489 0.0223110583499 0.996556064133 -0.0031363996709 -0.000681474268102 -0.0828595777842
1658926342.507660389 0.738932951803 -0.057973615117 0.0194607245904 0.996088830615 -0.00324014979484 -0.00157820954072 -0.0882839294951
1658926342.608605623 0.790651428467 -0.0659624053588 0.0229042500256 0.995668267916 -0.00334555148705 0.00123929300311 -0.092908404909
1658926342.709336758 0.843433207897 -0.0748706168746 0.0140740596298 0.99509419551 -0.00348316173549 0.000993768404372 -0.098865676912
1658926342.810264826 0.896727183439 -0.0848071465826 0.0182967680472 0.994686724611 -0.00277291260823 0.00180265004846 -0.102895001297
1658926342.910938263 0.952350123211 -0.10215955174 0.024162446685 0.993864969823 -0.00223629191646 0.00286803341638 -0.110540468344
1658926343.011978149 1.00556639416 -0.121674066849 0.023427796841 0.992728778993 -0.00182121529609 0.00307785795565 -0.120319496857
1658926343.112802744 1.06050905808 -0.140824673219 0.0235697083684 0.99124749948 -0.0021396717581 0.00317142596669 -0.131961201255
1658926343.213719845 1.10482829037 -0.161118679208 0.0278161672843 0.989699064039 -0.00104718122989 0.00121780300339 -0.143154402687
1658926343.314509869 1.15943363494 -0.180442194882 0.0257035293453 0.987705309457 -0.000777099645778 0.00341126817738 -0.156288134664
1658926343.415380955 1.2088322335 -0.205508648236 0.0225209386828 0.985415726144 0.000278854822074 0.000588014785839 -0.170162931178
1658926343.516269207 1.25697078757 -0.232463865327 0.0152185315679 0.982691555525 -0.000305742888077 0.00224260176644 -0.18523548245
1658926343.617107391 1.30212551918 -0.255328509231 0.0143195014238 0.979449519794 -0.000256779062141 0.000257897028458 -0.20168913141
1658926343.717975140 1.34841016796 -0.280159744799 0.0121021595893 0.97598036352 -0.000520563510223 0.00169069721156 -0.217851326781
1658926343.818737030 1.39748023239 -0.305862986493 0.0167694799859 0.972164523736 -0.000151066674459 0.00134253118748 -0.234295355435
1658926343.919620275 1.44355500658 -0.336414052915 0.0150885823018 0.968027922862 -0.000182103288498 0.00127309490158 -0.250839164858
1658926344.020538092 1.48684206241 -0.360790363239 0.0176115916163 0.963215808207 0.000348996350298 0.00402427681695 -0.268698697833
1658926344.121389866 1.52625563582 -0.384536706133 0.015285452972 0.958541814346 0.000166692333454 0.00261740015178 -0.284939838527
1658926344.222234249 1.56550241174 -0.410178206166 0.0191606185328 0.953159900845 -0.000705815250998 0.0045865933353 -0.302431262286
1658926344.323075771 1.59637151085 -0.438682956151 0.0190287656308 0.94732799555 0.000348354550462 0.00216045994122 -0.320257521238
1658926344.423937082 1.6295267544 -0.464828638433 0.0216390755799 0.940055521996 0.00133201710007 0.00328613085987 -0.341002995058
1658926344.524850368 1.66342311981 -0.515124343105 0.0225918711969 0.931926065658 0.00266117872644 0.00403580725612 -0.362616103524
1658926344.625550270 1.69020339659 -0.563071130729 0.0226133827081 0.921419045327 0.00286648886742 0.00324606183592 -0.388546251086
1658926344.726560593 1.7176719401 -0.620070930711 0.0219599561449 0.909711238769 0.00233520290781 0.00200788447415 -0.415230029362
1658926344.827280045 1.74618605336 -0.670704228914 0.0168637807483 0.897553906674 0.00207458415622 0.00458683402133 -0.440875993527
1658926344.928268433 1.77574677677 -0.714773393807 0.0176273279802 0.884848797467 0.00204351383205 0.00440374886216 -0.465853020456
1658926345.029142380 1.80591340783 -0.761300587561 0.0236481270352 0.872956025046 0.00310608843244 0.00654006957841 -0.487745177363
1658926345.129947662 1.83511298693 -0.806868309601 0.0199349175685 0.861384957662 0.00249542857134 0.00105192447712 -0.50794549019
1658926345.230892658 1.85179228259 -0.85477239855 0.0235509539127 0.849094824786 0.00264412892081 0.00137132707498 -0.528232057495
1658926345.331671715 1.87708438855 -0.899200722965 0.0254392212288 0.837670651183 0.00211626000205 0.00211414841374 -0.546167494426
1658926345.432524681 1.90125042673 -0.944081200618 0.0226591366336 0.828655588609 0.00228024207904 0.0036837014518 -0.559742035501
1658926345.533422232 1.91585347003 -0.9899784299 0.0212051163737 0.819176322669 0.00139019114256 0.000374951752721 -0.573539954282
1658926345.634238720 1.92774697812 -1.03932952524 0.0201540726309 0.809423156809 0.00161600691134 0.00128052858472 -0.587222191329
1658926345.735119581 1.9379624151 -1.08681615946 0.0169042852593 0.799969817055 0.00150511880491 0.0023234491512 -0.600033855714
1658926345.836007118 1.94824205385 -1.13408737946 0.0164409647598 0.79052082953 0.00136011223684 0.00251747479427 -0.612428469697
1658926345.936679840 1.95640882748 -1.18867558397 0.0159418077625 0.779635695644 0.00149484027318 0.00264577553891 -0.626225955548
1658926346.037672043 1.96166590697 -1.24046882221 0.0171750340692 0.767959712369 0.00165866251067 0.00338394623603 -0.640487063042
1658926346.138528585 1.96761118025 -1.29285084922 0.0170648533093 0.755143015513 0.00157680873545 0.00418716930748 -0.655544817239
1658926346.239387035 1.96492258406 -1.34262425687 0.015426170714 0.741212412466 0.00121928238544 0.00359517024964 -0.671259821312
1658926346.340248585 1.96226927351 -1.3917887591 0.0178347813674 0.725510496338 0.000520370932194 0.00380002719945 -0.688200413187
1658926346.441087246 1.95320983182 -1.44423143439 0.0158778964649 0.70765224839 0.000167127715885 0.00353040718201 -0.706552053031
1658926346.541977644 1.94309081774 -1.49185842254 0.0121146325069 0.68736822353 0.000721394858306 0.00396483375242 -0.726297931268
1658926346.642862797 1.93553135977 -1.53395697781 0.0136237964949 0.667938255711 0.000848268597052 0.00587271119117 -0.744193038305
1658926346.743598938 1.92644924912 -1.58269131639 0.0117936765215 0.648444910235 0.000394122473403 0.00605856404703 -0.761237372217
1658926346.845593214 1.91519190803 -1.6343645397 0.0128842002835 0.627645495161 0.000176176393223 0.00591870416097 -0.778476762856
1658926346.945435047 1.90641603331 -1.67956879452 0.0135957514042 0.61091141019 4.66390651171 0.00614644292523 -0.791675102529
1658926347.046297073 1.89803491895 -1.726157049 0.0125094529882 0.595969900958 0.00073556707555 0.00634407637174 -0.802981375119
1658926347.147136927 1.88537532826 -1.77404546589 0.0101310479857 0.581048931131 0.00014308922063 0.00465036675384 -0.813855326975
1658926347.247963428 1.8728721837 -1.82126629537 0.0119846907959 0.568171391158 0.000797992612599 0.0047264202386 -0.822896284126
1658926347.348849297 1.86294445133 -1.87077315288 0.0120278281791 0.560303804454 0.0012360591606 0.00485551599088 -0.828272022247
1658926347.449691772 1.85541592546 -1.91385763225 0.0105821107639 0.559189445079 0.00163723240926 0.00563322431797 -0.829019149819
1658926347.550485611 1.84547754536 -1.95636830246 0.0130181330747 0.563294624453 0.00237211647403 0.00636735444982 -0.826228174249
1658926347.651391268 1.83190334044 -1.99654115603 0.0098009675101 0.56703188468 0.00200189438117 0.00585568798079 -0.823672595813
1658926347.752219439 1.81512343917 -2.04028052829 0.00866860513915 0.570453926765 0.00135617631586 0.00453035845104 -0.821315989176
1658926347.853093624 1.79673192147 -2.08945013263 0.00350065958995 0.573171629828 0.00326181102246 0.00484914616776 -0.819414503857
1658926347.953948021 1.77637263267 -2.1365783988 0.00307604584688 0.576073074228 0.00311044153366 0.00496536719626 -0.817377197768
1658926348.054812431 1.75526300146 -2.18650443819 0.00358550842085 0.576122930761 0.00289073754568 0.00438628449769 -0.817346176841
1658926348.155667782 1.73454133846 -2.23275686713 0.00352389428107 0.573891219416 0.00430574623641 0.00354095334596 -0.818912565831
1658926348.256531715 1.71895068548 -2.27311903275 0.00450048478744 0.573442158794 0.00368280378459 0.00320759810073 -0.819231492796
1658926348.357373714 1.70063155259 -2.31617387293 0.00737874693215 0.572510247105 0.00333781319325 0.00391853979272 -0.819881406674
1658926348.458181858 1.68481462701 -2.36912260213 0.00576011203936 0.573745581158 0.00385905814789 0.00383513805119 -0.81901551114
1658926348.559127331 1.66097968965 -2.4236493121 -0.00632569043676 0.575594767334 0.00864761530382 0.00670213688355 -0.817661888514
1658926348.659955502 1.63860741148 -2.4821603676 -0.00303448344223 0.578476510373 0.0071887874291 0.00501448289606 -0.815651949819
1658926348.760863543 1.62022525098 -2.54402992033 0.0016514903697 0.583783423718 0.00628167278421 0.00444143631355 -0.811872975546
1658926348.861725807 1.60551449222 -2.60545641068 0.00767235126641 0.589203661804 0.00261890495063 0.00542011020648 -0.807962133184
1658926348.962545156 1.5890384247 -2.66695110286 0.00618528463735 0.594931415681 0.00436722219174 0.00508018858032 -0.803748548795
1658926349.063404560 1.57295582878 -2.73098386774 0.00358584805643 0.601954020144 0.00198594440411 0.00467055425623 -0.798514620768
1658926349.164255142 1.55945819377 -2.79261467086 0.0043420768458 0.610171889442 0.000219471595787 0.00490147253765 -0.792253868867
1658926349.265112162 1.54766888451 -2.85640941701 0.00287668698816 0.618181938323 -0.000369737707613 0.00541880183002 -0.786016279101
1658926349.366000414 1.53765428479 -2.91974174999 0.00171314885686 0.62596129417 0.000692716085165 0.00542562201157 -0.779834944697
1658926349.466809988 1.52760263708 -2.98462112663 -0.00354350736581 0.632729046386 0.00558903839715 0.00821796618701 -0.774309486924
1658926349.567579746 1.51912190848 -3.05150199026 -0.00265937315224 0.639388239266 0.00462557058852 0.00879337698963 -0.768819848928
1658926349.668545961 1.51390916064 -3.11590584935 -0.00527443228972 0.647226467601 0.00497525734362 0.00760471078979 -0.762243605959
1658926349.769405365 1.50910179288 -3.1731742431 -0.00390562611183 0.655642485266 0.00352440389673 0.00540085043505 -0.755043933097
1658926349.870243311 1.50478718536 -3.23280927537 -0.00488561150508 0.663557314255 0.00399441868268 0.00599580049975 -0.748090760332
1658926349.971108675 1.50055427306 -3.29608958742 -0.000236025078705 0.670002805261 0.00447276055233 0.00446652720389 -0.742331654646
1658926350.071965694 1.50014873782 -3.35370889778 0.00285309161491 0.675329155399 0.00296171782865 0.000749664192633 -0.737510134235
1658926350.172759533 1.49847945966 -3.41036914743 0.000924098745366 0.679582793771 0.00393081809933 0.00141813950679 -0.733586916432
1658926350.273705959 1.49696682276 -3.4726579222 -0.00116400967621 0.682434675268 0.00386398183823 0.00237149919852 -0.730932527411
1658926350.374570370 1.49630796669 -3.53545720334 -0.000171202003416 0.683021976936 0.00365376864715 0.00212335377676 -0.730385597041
1658926350.475421429 1.49109432404 -3.60319942106 -0.000840665441122 0.680996671155 0.00427353415878 0.00271705959537 -0.732269000005
1658926350.677175522 1.48339166482 -3.75123496302 -0.00373973857868 0.663004126874 0.00445902183334 0.00347850698702 -0.748594379395
1658926350.777990341 1.48138952602 -3.83028773331 -0.00520984187952 0.651562435216 0.00544237032208 0.00476424441809 -0.75856052863
1658926350.878848553 1.47558836278 -3.90912433149 -0.00590836023104 0.639892657616 0.0049432555344 0.00503377156324 -0.768431917673
1658926350.979711056 1.45990149004 -3.98212883245 -0.00630435643895 0.626333085844 0.00509112340711 0.00447769137911 -0.77952607161
1658926351.080604315 1.44303914943 -4.05509922527 -0.00697108220949 0.611720824158 0.00528075743608 0.00359724786288 -0.791047916817
1658926351.181386709 1.42055533566 -4.12099701775 -0.00735261534071 0.59601202311 0.00535727051572 0.00320279082988 -0.802951250134
1658926351.282232285 1.40200237535 -4.18515076902 -0.0101356330897 0.580296768414 0.00369698831382 0.00307243034105 -0.814390909219
1658926351.383196592 1.37847240395 -4.24552283577 -0.0120267406094 0.563515437974 0.0034017763687 0.00327458867936 -0.826092038548
1658926351.483992577 1.35261234845 -4.30589929389 -0.0112724550231 0.54642876583 0.00278182958029 0.00290910573168 -0.837495911872
1658926351.584808350 1.31748697398 -4.36737501914 -0.0131213741728 0.528703321701 0.00327761041585 0.00285049512552 -0.848795575842
1658926351.685664654 1.28124073832 -4.42537111043 -0.0141644545139 0.51108584102 0.003844964039 0.00277489063753 -0.859516596316
1658926351.786525011 1.24851200151 -4.48083428094 -0.0157774475331 0.493036774599 0.0035524898888 0.00232779222813 -0.869998103499
1658926351.887428522 1.21188105834 -4.53208578834 -0.0166861547019 0.476127475766 0.00312070159002 0.00262227773988 -0.879366824313
1658926351.988235950 1.17263128646 -4.58299141823 -0.0158941464001 0.460192746839 0.00287436109071 0.00183350882884 -0.887812486987
1658926352.089043140 1.12882965156 -4.63284648977 -0.0160574863895 0.443413562462 0.00435239681978 0.00223457684313 -0.896303785518
1658926352.189987898 1.08132607306 -4.68303652659 -0.0166279501176 0.425557499039 0.00381894491532 0.00247809110506 -0.904919935539
1658926352.290842056 1.03628123194 -4.72943571821 -0.0160652378462 0.407518932555 0.00358791104695 0.00182495047859 -0.913187886505
1658926352.391672611 0.987933149213 -4.77364803667 -0.012808694097 0.388089496047 0.00452124722877 0.00114421426928 -0.921609891524
1658926352.492540836 0.939264135799 -4.81722829216 -0.0161841942332 0.368549362733 0.00431988227108 0.00267591285791 -0.929594290719
1658926352.593381405 0.889882371503 -4.85611541282 -0.017040352678 0.34904963616 0.00394111831799 0.0024785639501 -0.93709267194
1658926352.694261312 0.831778673528 -4.89122361343 -0.0176988509024 0.330489186318 0.00372381608081 0.00329430094617 -0.94379668282
1658926352.795778275 0.77219830367 -4.92353844586 -0.0164748620479 0.310722590751 0.00353763668382 0.0026575207185 -0.950490344142
1658926352.895956516 0.70872415921 -4.95701584054 -0.0149543343683 0.289944633594 0.00272123341607 0.00238942095401 -0.957036569315
1658926352.996773243 0.64208681849 -4.99346202156 -0.0149016366116 0.269134371672 0.00197773644121 0.00244210916611 -0.963097510456
1658926353.097733974 0.570071271718 -5.02721008005 -0.0157433112012 0.248861744386 0.00132706229041 0.00250190145183 -0.968534878864
1658926353.198522091 0.505940718889 -5.06039690251 -0.0144805022835 0.23045908309 0.000351687031247 0.00186187546983 -0.973080171804
1658926353.299383640 0.437832243871 -5.08868716065 -0.0131795797028 0.212065817496 -0.000215528642235 0.00198146208558 -0.977253353233
1658926353.400237799 0.374700229498 -5.11444939042 -0.0115078873242 0.193518142218 0.000356508063692 0.00205631906116 -0.981094477146
1658926353.501114368 0.310395251245 -5.13821578564 -0.0113444106622 0.174989839591 2.69417872726 0.00194806423845 -0.984568312043
1658926353.601981163 0.247587272754 -5.15356122183 -0.0107950403728 0.156007212607 -0.00123688662952 0.00197948212272 -0.98775315812
1658926353.702841520 0.191497873252 -5.16273808055 -0.0107779615017 0.138706399261 -0.000453000052393 0.00232007764811 -0.990330725987
1658926353.803720236 0.137801471323 -5.16690970774 -0.0127684521074 0.120815308685 0.000343508557613 0.00106817389132 -0.99267436866
1658926353.904539108 0.0803776671684 -5.17191278834 -0.0134472363381 0.103655842364 -0.000875691100367 0.00143321354592 -0.994611806389
1658926354.005410433 0.0165601740608 -5.1834511384 -0.0149519945107 0.0890811869448 -0.00020772854571 0.00163005193206 -0.996023012742
1658926354.106298923 -0.0521725549713 -5.19932032573 -0.0173398763192 0.0809655400333 0.000511571417663 0.00118295648706 -0.996716068013
1658926354.207133293 -0.115703525471 -5.21749499719 -0.0163515166761 0.0805223126308 0.000202993623001 0.00287789789745 -0.996748631133
1658926354.308013916 -0.178481554669 -5.23683085727 -0.0155935403177 0.0838993400043 0.00151350761892 0.00210285034129 -0.99647086664
1658926354.408828735 -0.24041399988 -5.2474924015 -0.0142257317633 0.0855698265701 0.00239323153076 0.00181574010876 -0.996327647068
1658926354.509703636 -0.305046561165 -5.25991513884 -0.0114790211531 0.0857110854106 0.0029225866559 0.00237462721648 -0.996312917446
1658926354.610598803 -0.370701056818 -5.27133494229 -0.0104116646858 0.0855734791729 0.00174103587907 0.00287225537816 -0.996326200903
1658926354.711408138 -0.437868573442 -5.28496956854 -0.00967395875303 0.0858376569018 0.0015643160382 0.00346096623715 -0.996301897662
1658926354.812260628 -0.50290642347 -5.29995881792 -0.0078107735049 0.0867314587538 0.00159776519098 0.0042563172238 -0.996221353401
1658926354.913107395 -0.561418498548 -5.31171213207 -0.00425343560108 0.0868268232689 0.00206448964372 0.00390540652263 -0.996213625907
1658926355.013998985 -0.623890757898 -5.32370913717 -0.00352005098116 0.0858707180757 0.000487452718367 0.00316573522524 -0.996301139359
1658926355.114815235 -0.681939554749 -5.33839716301 -0.0042094219894 0.0859611184164 0.00043022377391 0.00250573203982 -0.996295248576
1658926355.215662718 -0.742163801578 -5.35170623472 -0.00750722084496 0.0859110089305 0.000297487086716 0.00298278249901 -0.996298305255
1658926355.316530704 -0.804452727915 -5.36128000974 -0.00710180020795 0.0843774337902 -0.00035899994716 0.00295395607851 -0.996429422453
1658926355.417383671 -0.869052033648 -5.37214585245 -0.00763441676045 0.0822588763919 -0.000797191023051 0.0034221199562 -0.996604801732
1658926355.518243313 -0.934315765258 -5.38226762566 -0.00596672651927 0.0796163612464 -9.66834626983 0.00561342848518 -0.99680976876
1658926355.618971825 -0.998889059119 -5.39401870329 -0.00670309662794 0.0763557794858 0.000461970334711 0.00568192454692 -0.997064339577
1658926355.719964981 -1.06104806738 -5.40522267168 -0.00408422680079 0.0736138438378 0.000438862385047 0.00489298174476 -0.997274720488
1658926355.820828438 -1.12868492639 -5.41600189018 -0.00325719403692 0.0718400634008 0.000189658084023 0.00486119884167 -0.997404300204
1658926355.922291756 -1.19279631192 -5.43112378162 -0.00786431570624 0.0721980328448 0.000160415711555 0.00657105580029 -0.997368657792
1658926356.022517920 -1.25372310835 -5.44241587081 -0.0015713771069 0.0718516946311 -0.00203836081558 0.00680258001456 -0.997390046055
1658926356.123373985 -1.31468738813 -5.45024758402 0.000486302698686 0.0700785744835 -0.00108334659233 0.00688091699327 -0.997517154108
1658926356.224272251 -1.37686750261 -5.45935666377 -0.000461959072799 0.0682227447458 -0.00125875098528 0.00536186136892 -0.997654911825
1658926356.324995279 -1.44140982247 -5.46531528686 -0.00475880478338 0.0678676362484 -0.00168834781758 0.00435664320038 -0.997683393212
1658926356.425929308 -1.50375007897 -5.46394395785 -0.00156209392139 0.0608508700988 -0.00145802185832 0.00436703077674 -0.99813625063
1658926356.526843786 -1.57168574019 -5.4562336867 -0.00510617656416 0.0461845030543 -0.0016829757593 0.00494554559163 -0.998919266432
1658926356.627682447 -1.63909172758 -5.45111906246 -0.00590146414234 0.0273822113065 0.000139235561066 0.00287797053832 -0.999620884337
1658926356.728552103 -1.70436073205 -5.44306194268 -0.00745420668131 0.00602324338194 -0.00131167007759 0.00256185725124 -0.999977718226
1658926356.829408169 -1.77230807271 -5.43275316378 -0.00444328312383 -0.0181763272648 -0.00140005736638 0.00308533580424 -0.999829056224
1658926356.930234432 -1.83908789251 -5.42310443721 -0.0031333318324 -0.0418454707219 -0.00209292429865 0.00347270074357 -0.999115867454
1658926357.031106472 -1.90025655919 -5.41582767734 -0.00404603469328 -0.0653808369604 -0.00181501043751 0.00272402047068 -0.997855015324
1658926357.131964445 -1.96059643392 -5.41576421639 0.000772490622529 -0.087214323881 -0.00294845460897 0.00251400482338 -0.996182035627
1658926357.232818127 -2.02804496721 -5.4009105158 0.00184965731868 -0.106124462984 -0.00100915538012 0.00176747829227 -0.994350771098
1658926357.333662271 -2.09137397081 -5.38667481365 0.000372412318642 -0.126494244045 0.000515641315176 0.00158021524109 -0.991965948638
1658926357.434528828 -2.15728598982 -5.35995207351 0.00399800531047 -0.149781404049 -0.000791118594059 0.00184488983558 -0.988717098828
1658926357.535427094 -2.21206124418 -5.32978126899 0.00571346135491 -0.17004439 -0.000935977476995 0.00129386957376 -0.985435109623
1658926357.636263132 -2.27289538499 -5.30077680621 0.00240908858152 -0.190879873701 -0.000558034073171 7.87558538879 -0.981613241665
1658926357.737126827 -2.33601706368 -5.26947915654 0.00299391436076 -0.211234694763 -3.30042129793 -1.85415897458 -0.977435369881
1658926357.838003874 -2.39117095716 -5.2333302112 0.00279124230692 -0.232448730194 0.000866127188455 0.000441595703845 -0.972608165012
1658926357.938813686 -2.45022071776 -5.19624000056 0.00421086224053 -0.255662583427 0.000465331986457 -0.000389296154516 -0.966765884457
1658926358.039706230 -2.50330619246 -5.16517310949 0.00278262259699 -0.277162648263 0.000762970813726 0.000515150695605 -0.960822574101
1658926358.140474319 -2.56164523394 -5.13884925822 0.00397679317165 -0.289982652244 0.000996160522422 0.000285199334805 -0.957031341035
1658926358.241407871 -2.61881803538 -5.11745313438 0.00325021936673 -0.283291072187 1.1439737636 -0.000591516261057 -0.959033794189
1658926358.342267513 -2.67798616707 -5.09313422776 0.00532233473688 -0.265234869688 0.00113617327226 -0.000300260967234 -0.964183116869
1658926358.442993402 -2.73288611564 -5.06581644464 0.00633481642175 -0.248109552178 0.00184994887882 -0.000660224468472 -0.968729989167
1658926358.543925285 -2.7756065905 -5.04856859615 0.00241608865545 -0.235124262973 0.00364048549745 -0.00153302453074 -0.971957292098
1658926358.644811630 -2.82378281033 -5.02314274278 0.00244410357658 -0.227443424396 0.00104032264748 0.000333940921911 -0.973790683315
1658926358.745704651 -2.87039523657 -5.00183221059 0.00234808998412 -0.225867227007 0.00181495235003 -0.00139462662958 -0.974155406867
1658926358.846499920 -2.91061261392 -4.97318838 0.000901986754726 -0.236656992974 0.00161964440426 -0.000426935964469 -0.971591818695
1658926358.947444439 -2.95079327591 -4.94426891121 0.006965839392 -0.257144157366 0.00167725236988 -0.00103848564776 -0.966371041942
1658926359.048249006 -2.99015162175 -4.91648856613 0.00821189193735 -0.280420915952 0.0010864339194 -0.00147025641977 -0.959875391863
1658926359.149123669 -3.030988425 -4.88361290903 0.0075991732063 -0.30407358864 0.0018581085512 -0.00158300321712 -0.952645418939
1658926359.249912262 -3.06860078808 -4.84975012425 0.0117195036227 -0.326989039358 0.000895541360351 -0.00152283589671 -0.945026479585
1658926359.350890160 -3.10583521276 -4.81820698592 0.00841835660741 -0.347382926465 0.00269137413037 -0.00254516269641 -0.937716045001
1658926359.451936722 -3.14654423293 -4.77424936034 0.00412362466528 -0.370155898088 0.00248701889875 -0.00192299294377 -0.928964330825
1658926359.552533627 -3.18926535074 -4.72711383833 -0.00253909751595 -0.390778863583 0.00654075620207 -0.00291076693919 -0.920456748425
1658926359.653268337 -3.22281137622 -4.68532858622 0.00925716818076 -0.412208576057 0.00126203732196 -0.00212271096695 -0.911086160133
1658926359.754255533 -3.25827007843 -4.63746150657 0.00911774436066 -0.434217323865 0.00384021502374 -0.000265082187515 -0.900799921257
1658926359.855091572 -3.29786179146 -4.58540689449 0.00497493802019 -0.451820718096 -0.00119339597542 -0.00102322836947 -0.892107374428
1658926359.955974817 -3.33559752829 -4.53082378078 0.0015761152888 -0.469077161952 0.000912430821585 -0.00108952455556 -0.883156043143
1658926360.056840897 -3.36424217849 -4.47465360594 0.00561209928686 -0.488709563823 0.00428324904539 -0.00043299469852 -0.87243591657
1658926360.157727242 -3.39209000419 -4.42351156254 0.00526288739361 -0.512254875885 0.00346854856808 -0.00129138030196 -0.858825502439
1658926360.258560181 -3.41992901091 -4.36223994275 -0.00131829582511 -0.533407093775 0.0034230093903 -0.00330674756596 -0.845845269974
1658926360.359395981 -3.4450721344 -4.30078794466 -0.00289192499344 -0.555931363864 0.00635311463907 -0.00228884756328 -0.831200768638
1658926360.460286617 -3.46931550035 -4.23278965794 -0.00435966948544 -0.573581153571 0.00717614229872 -0.00381236962257 -0.819108435488
1658926360.561139584 -3.48418671768 -4.17337611724 0.00163070481457 -0.592869850927 0.008749666546 -0.00297378584973 -0.805245266857
1658926360.662008762 -3.50151526853 -4.11275014359 0.00574736264226 -0.615388338245 0.00663266585159 0.000121324909052 -0.788196159707
1658926360.762879848 -3.51763754822 -4.05439678862 -0.000900857726055 -0.638091499359 0.0104043065162 -0.00430627626944 -0.7698782013
1658926360.863689423 -3.52477407206 -4.00043376342 0.00151655211251 -0.660221235031 0.00876195538195 -0.00374634435996 -0.75101072819
1658926360.964477539 -3.53128550871 -3.93834364567 0.00169758339477 -0.680606344667 0.00849985415255 -0.000838549653015 -0.732599517412
1658926361.065388680 -3.53100186752 -3.87420546636 0.00425510865985 -0.697675399204 0.00516825190414 -0.00202099640259 -0.716392519566
1658926361.166352749 -3.52686892294 -3.81419247394 0.0022115439356 -0.71166906998 0.00609754627322 -0.00189123023829 -0.702485856094
1658926361.267144918 -3.51714780781 -3.74975529976 -0.00308271498494 -0.728201060828 0.00616359467739 -0.00243625941064 -0.685331518136
1658926361.367977858 -3.50433575355 -3.68061526895 -0.00705724365118 -0.746026004955 0.00411151348906 -0.00223657887428 -0.665900362745
1658926361.468844414 -3.48597948632 -3.61519176351 -0.00775798114334 -0.763432954954 0.00255989459807 -0.00232573549931 -0.64587782218
1658926361.569618225 -3.46748552589 -3.54842940733 -0.0092144141122 -0.779700835768 0.00108155436138 -0.00274405586259 -0.626145276353
1658926361.670580149 -3.44903158413 -3.48579073139 -0.00907380590087 -0.795840603716 0.00194975007403 -0.00448804228339 -0.605486407302
1658926361.771449566 -3.42607108068 -3.43239126895 -0.00623479302138 -0.810162073522 0.00169264833319 -0.00482559840673 -0.58618364287
1658926361.872157097 -3.40075869851 -3.38003187157 -0.00351198844761 -0.824099547216 0.00202049222872 -0.00530341914869 -0.566416567233
1658926361.973029137 -3.3712580919 -3.3265674017 -0.00222663585351 -0.836798335451 0.00124534703323 -0.0050479747748 -0.547486541248
1658926362.074007988 -3.3399714462 -3.27206772068 -0.00129249428554 -0.848690625071 6.89888701413 -0.00495614444111 -0.528866386518
1658926362.174838305 -3.30766516656 -3.22121967797 -0.00132968171136 -0.85848050977 0.00204274330982 -0.00542760407195 -0.512813399453
1658926362.275671482 -3.27632225884 -3.16391081293 0.00238659264812 -0.866635063545 0.000416232174127 -0.0048351305272 -0.49891894622
1658926362.376541853 -3.23711914888 -3.112618985 0.0056752445047 -0.874289868855 0.000744996622247 -0.00527260014124 -0.485374978635
1658926362.477444649 -3.20420782598 -3.06529643008 0.00728514949827 -0.883431878813 8.53374062401 -0.00480580154954 -0.468534963994
1658926362.578262806 -3.16663079018 -3.01908972041 0.0032600240397 -0.892311389756 0.0013764431338 -0.00514989022678 -0.451388931795
1658926362.679234743 -3.12523033025 -2.97913940595 0.000679229875874 -0.900635638093 0.00105444031394 -0.00504028855612 -0.434544509853
1658926362.780002594 -3.08738940944 -2.93846753751 -0.000824427488586 -0.908093855797 0.00128471138727 -0.0034009569108 -0.418750918892
1658926362.880792141 -3.05245965841 -2.90246208313 -0.00391811050901 -0.914510606012 0.00170063929366 -0.000765184146059 -0.404557627305
1658926362.981692314 -3.01627996839 -2.86845302696 -0.00390211394365 -0.920246863084 0.000699530410981 -0.00012382329704 -0.391337713884
1658926363.082596779 -2.97919786937 -2.82750355051 -0.000196085775914 -0.925689446697 0.00105411366675 -0.00129426801703 -0.378280665629
1658926363.183405161 -2.93832659948 -2.79328831886 0.00316510690448 -0.929975256834 -0.00110922993119 -0.000177164732364 -0.367620401906
1658926363.284193516 -2.89591163871 -2.75808506859 0.00488070006709 -0.931519053054 -0.000327905739228 -0.000297455230714 -0.363692256991
1658926363.385157585 -2.85568841717 -2.72241603804 0.00283703171026 -0.93022694934 -0.00174103663829 -0.000339695363489 -0.366980484659
1658926363.485964298 -2.82131355046 -2.68302340164 0.00330082114315 -0.92911381535 -0.00164000671778 0.000218703699984 -0.369790184662
1658926363.586893082 -2.77998674068 -2.64626498954 0.00157095184249 -0.92874220692 -0.000233303886661 0.000513643951546 -0.370725767683
1658926363.687684536 -2.74228892449 -2.60657512035 0.00147078615166 -0.927384987408 -0.00128594135599 -0.000339009271886 -0.374106023151
1658926363.788519382 -2.70316587313 -2.56741405057 -0.00243681028368 -0.925648449402 -0.00265037614819 -4.72512004675 -0.378375371018
1658926363.889332533 -2.66209344254 -2.52512368036 -0.00626088425196 -0.924170429821 -0.00164962075978 -0.000849607186404 -0.381975880865
1658926363.990254641 -2.62223566179 -2.48382367985 -0.00481909261575 -0.923291502028 -0.0033477229109 -0.00278768254333 -0.384075284105
1658926364.091162205 -2.58458820549 -2.44094538079 -0.00379850783489 -0.922899384704 -0.00347300763022 -0.00232495469819 -0.385018517109
1658926364.192032814 -2.54438751061 -2.39762913564 -0.00463196667013 -0.923307243589 -0.00367414096924 -0.00265504249935 -0.384035395991
1658926364.292821169 -2.50131092854 -2.36048464714 -0.00420682874616 -0.92358614216 -0.00463164159929 -0.00198851935658 -0.383357837661
1658926364.393623590 -2.46720359368 -2.31734571705 0.0014994667513 -0.924483446661 -0.00599743104638 -0.00294832596222 -0.381163606664
1658926364.494545698 -2.43050683649 -2.27386165943 0.00193076040852 -0.924030825497 -0.00543947834674 -0.00315222544605 -0.382266280336
1658926364.595420599 -2.38906053811 -2.23290151395 -0.00104470526019 -0.924252009653 -0.00497667904717 -0.00244885521261 -0.381742659951
1658926364.696301460 -2.34787313821 -2.18992254351 -0.0032540719439 -0.923319342011 -0.00516081688613 -0.00203870243193 -0.38399297172
1658926364.797005177 -2.30482847036 -2.1444656043 -0.00399613505291 -0.921595216531 -0.00462055605065 -0.00282019385582 -0.388114614303
1658926364.897967577 -2.26101907436 -2.09788822662 -0.0019230318082 -0.92021833823 -0.00446208299688 -0.00351701934759 -0.391364191484
1658926365.099689007 -2.17385523423 -1.99994563572 0.00492894467117 -0.920847410713 -0.00391130259399 -0.00382990891178 -0.389884700511
1658926365.200431347 -2.12860637153 -1.94788880572 0.00798245152321 -0.92176335636 -0.00337005022903 -0.00437290810529 -0.387713599592
1658926365.301456451 -2.08402068049 -1.90195791316 0.00734869003029 -0.921445316192 -0.00384046649182 -0.00383738643664 -0.38847014628
1658926365.402252913 -2.04009400463 -1.85708199346 0.00597130934861 -0.921436253692 -0.00314863056459 -0.00287557744625 -0.38850617442
1658926365.503117085 -1.99751244907 -1.8072477511 0.00431212116861 -0.921275539494 -0.00270352332673 -0.00284186666415 -0.388890723835
1658926365.604013920 -1.95235313954 -1.75813632784 0.00559936637821 -0.921802576593 -0.00172224458351 -0.00282510442614 -0.387645537114
1658926365.704834938 -1.90996502362 -1.70645883515 0.00533990079066 -0.921431371171 -0.00132113621163 -0.00201288459213 -0.388533693669
1658926365.805698395 -1.86954006726 -1.65503163511 0.00769717399936 -0.920097799496 -0.00274754121612 -0.00282560925251 -0.391668873301
1658926365.906526566 -1.82098482424 -1.60667343583 0.00838803868404 -0.918487009723 -0.00247938195309 -0.0019344481166 -0.395438647005
1658926366.007411480 -1.77161699191 -1.55741275467 0.00522025917572 -0.914996750033 -0.00257631822469 -0.000616830312132 -0.403452512118
1658926366.108257294 -1.72519712177 -1.50422402411 0.00352106234671 -0.913788522999 -0.00218026626272 1.39757112011 -0.406184418065
1658926366.209112167 -1.68079019718 -1.4534358783 0.0037218463287 -0.912887971469 -0.00299666220482 -0.000129749123333 -0.408199160616
1658926366.310083866 -1.62957989802 -1.3959030936 0.00324209904871 -0.912875549903 -0.00227487376731 -0.000590590810589 -0.408231192513
1658926366.410846472 -1.57927736623 -1.34149515844 0.00381999426707 -0.912740381328 -0.00229259812849 -0.000336534034071 -0.408533507845
1658926366.511711597 -1.53088198105 -1.28252028585 0.00813159733824 -0.913180176729 -0.00330829671052 -0.00167336376474 -0.407539224929
1658926366.612536907 -1.48125863425 -1.22371595212 0.010268391125 -0.913716340323 -0.00301230589232 -0.00160528857415 -0.406338280856
1658926366.713297129 -1.43075314393 -1.1699634523 0.00710901334487 -0.913996422806 -0.00203176427723 -0.000808309620926 -0.405716351245
1658926366.814280033 -1.38370803648 -1.11698664346 0.00696568071765 -0.914503717061 -0.00202542590383 -0.00125238582585 -0.404570489113
1658926366.915140152 -1.34456251098 -1.0672216966 0.00181563627009 -0.914969564667 -0.00183746122437 -0.00159204545683 -0.403515532366
1658926367.015978336 -1.31071347834 -1.02049465618 -0.00171508916867 -0.914795681703 0.000222305611013 -0.0012610020425 -0.403914868743
1658926367.116847038 -1.27269654445 -0.968527622159 0.00568943010797 -0.913941075654 -0.00247948730148 -0.000861683145936 -0.40583841597
1658926367.217673302 -1.23277967413 -0.92117781365 0.00739085851443 -0.913750264983 -0.00206155358093 -0.00137521788781 -0.406268768201
1658926367.318543434 -1.19218313005 -0.875656033389 0.00918792457195 -0.914049360171 -0.00229664044792 -0.0015429099715 -0.405593530573
1658926367.419404507 -1.15053116174 -0.827912022456 0.0141351185358 -0.914198538759 -0.00238942905042 -0.000497235976544 -0.405259269006
1658926367.520249367 -1.11112181702 -0.777359741843 0.0146154395068 -0.914007560522 -0.00284459643974 -0.000928864343992 -0.405686116093
1658926367.621143579 -1.06728437481 -0.72771075694 0.0158508149483 -0.913836410293 -0.00291072667333 -0.00208887481512 -0.406066718035
1658926367.721971512 -1.02630701261 -0.675583219237 0.0153703338987 -0.913738210661 -0.00312030868767 -0.00399975524534 -0.406271766197
1658926367.822754622 -0.985100455438 -0.626694032194 0.0145681903427 -0.913072326707 -0.00216510212431 -0.0021497294533 -0.407786239589
1658926367.923581362 -0.938738790135 -0.568805231268 0.010293765361 -0.911564578922 -0.00150747661108 -0.00151896512646 -0.411151357426
1658926368.024541378 -0.892522699545 -0.504493619791 0.0104566107377 -0.909303552216 -0.00154474713865 -0.00153142994879 -0.416127766924
1658926368.125388384 -0.843625533906 -0.444636230248 0.0126393026596 -0.907692511684 -0.0019132701146 -0.00389371400956 -0.419613491945
1658926368.226240635 -0.792811378204 -0.386192192011 0.0109350297177 -0.906677986451 -0.00140741677109 -0.0031052851458 -0.421809678963
1658926368.327145100 -0.743428450772 -0.329033986869 0.0123567901759 -0.906707793261 -0.00222592050133 -0.00324569062317 -0.421741020544
1658926368.427876711 -0.698702689164 -0.270432497365 0.0147016695819 -0.906771525554 0.000807696505551 -0.00140330669867 -0.421619234381
1658926368.528824568 -0.662917315309 -0.211841562324 0.0143665084588 -0.905176081242 0.000105777006464 -0.00189245492429 -0.425032550956
1658926368.629684448 -0.628228484365 -0.152796677778 0.0120040332425 -0.902336838744 0.000858868140965 -0.00216982589813 -0.431025270311
1658926368.730588913 -0.584414650434 -0.0912498320151 0.0146730801202 -0.899549496891 0.000962048378023 -0.00250048348996 -0.436810627947
1658926368.831276894 -0.544259481782 -0.0419973833082 0.0160859429343 -0.897695510054 0.00024750313352 -0.00226158688077 -0.440610480124
1658926368.932277679 -0.505515218947 0.011949298016 0.0158044997542 -0.896497310884 -0.000120224490523 -0.00203458076623 -0.443044487162
1658926369.033134937 -0.464118093084 0.0712986810561 0.0157862386134 -0.895557928021 -0.000350404079811 -0.00143576141735 -0.444942483209
1658926369.134009838 -0.417133661074 0.131720809339 0.0123403111569 -0.894170377815 0.000684358900468 -0.00240629335873 -0.447719864249
1658926369.234822750 -0.37072062814 0.191787610747 0.0111647874205 -0.893005947244 -0.000633172750268 -0.00250664781617 -0.450037436216
1658926369.335688114 -0.319723918334 0.255819533513 0.0123435427465 -0.89405466842 -0.000277735567228 -0.00172941239851 -0.447954441738
1658926369.436566353 -0.271920001836 0.316466630171 0.0142560029312 -0.894613437529 -0.00139433729366 -0.00151533138661 -0.446836163473
1658926369.537414074 -0.232100075963 0.379213650933 0.0133997819984 -0.895134622554 -0.00173412206265 -0.00219545063559 -0.44578714688
1658926369.638266087 -0.183694864459 0.445120840069 0.0117094062881 -0.895078570821 -0.00129551803692 -0.0019804879478 -0.445902176893
1658926369.739125490 -0.139894587783 0.506613855156 0.0133024492706 -0.895824468916 -0.000602807414981 -0.00330829234455 -0.444395333815
1658926369.839953184 -0.0958408136476 0.570405936185 0.0124607494675 -0.895453650536 -0.00117808255132 -0.00498763620169 -0.445125258043
1658926369.940890074 -0.0521964357063 0.629438612319 0.014235385808 -0.895414050327 0.000339261977142 -0.00456121702766 -0.445210914823
1658926370.041674137 -0.00272403706607 0.694092639083 0.0149055964448 -0.897063010118 4.74268490847 -0.00450857270165 -0.44187965149
1658926370.142325878 0.0422626235377 0.764209882723 0.0132219010598 -0.900328904828 3.81805149438 -0.0033913592773 -0.435196921353
1658926370.243298292 0.0861635270682 0.82976557941 0.0141422417328 -0.906337210838 0.00114802030654 -0.00218273142878 -0.422547959387
1658926370.344278097 0.137143003227 0.890124138029 0.0172049184506 -0.913474886945 -0.00151283643769 -0.00173607582859 -0.406888594441
1658926370.445115566 0.177950412527 0.954896282865 0.0196449564994 -0.919483147837 -0.00276424805725 8.82134565161 -0.39311969169
1658926370.545909405 0.224219507087 1.00990373703 0.019700610899 -0.92431815837 -0.00251587043565 0.000476668184342 -0.381614183819
1658926370.646840096 0.278406161093 1.05705157384 0.0186316926727 -0.92830784077 -0.00226335458617 0.0006416404188 -0.371805081041
1658926370.747643471 0.333888461435 1.10492602467 0.0165249427612 -0.929878352408 -0.00415403687917 0.0003393363305 -0.367843551732
1658926370.848453045 0.389952085869 1.15518336176 0.0151062156557 -0.929546715461 -0.00246533565744 0.000155887375879 -0.368696082966
1658926370.949384212 0.44484694147 1.20901231247 0.0148955294784 -0.928699726017 -0.00186341817928 -0.00145315632619 -0.370825073188
1658926371.050261497 0.500486267427 1.25934626266 0.0161730753776 -0.928056174344 -0.00156413166131 -0.00282516211244 -0.372426246675
1658926371.151168346 0.554188963119 1.31323763973 0.0184481891174 -0.927587564479 -0.000552608525559 -0.00434714339851 -0.373580121516
1658926371.252009392 0.612647780753 1.36261597465 0.0172980916763 -0.926963593207 -0.000737249664896 -0.004705080541 -0.375121067856
1658926371.352862120 0.666090703488 1.41236490131 0.0150466701011 -0.926939888696 5.78163740241 -0.00345632425127 -0.375193940814
1658926371.453690052 0.72128856181 1.46475260795 0.0128765929331 -0.927108234602 -0.000114896338341 -0.00209998161146 -0.374787804243
1658926371.554608107 0.772580625787 1.51266151931 0.010380980618 -0.927430407817 0.000508145834016 -0.00291253176258 -0.373984087366
1658926371.655391693 0.817373319203 1.56649099718 0.0178981097163 -0.927022515481 0.000315388381437 -0.00113376567808 -0.375003827842
1658926371.756289959 0.867941409511 1.61535504977 0.0194204018045 -0.926390340437 -0.000557365963273 -0.00225314785367 -0.376557498682
1658926371.857005596 0.919443157873 1.66950060525 0.0198939434866 -0.926123306617 -0.000531299753733 -0.00190099387027 -0.377215753758
1658926371.957997561 0.978149916368 1.72535134169 0.0206857582842 -0.926007128415 -0.000444183977956 -0.000983573698581 -0.377504481308
1658926372.058830738 1.0324523808 1.77513491142 0.0225968143952 -0.926429325954 -0.00142761371542 -0.00141832246002 -0.37646335053
1658926372.159723759 1.07746459776 1.82436165176 0.0243759286408 -0.926575799073 -0.00197445859306 -0.0020287374903 -0.37609742662
1658926372.260542870 1.12926980656 1.87688768344 0.0249597208122 -0.926279204024 -0.00167820199174 -0.000256602185473 -0.376834119987
1658926372.361443758 1.1754294064 1.93107115264 0.0232905191801 -0.926213255913 -0.00103463499846 0.00109649051267 -0.376996991778
1658926372.462250710 1.2259635556 1.98086606479 0.0216063746935 -0.925968229826 -0.000517129732284 0.00088017283404 -0.377600046644
1658926372.563118935 1.27596698789 2.0368854118 0.0248846948848 -0.925915114887 -0.00219069054531 0.00133346366544 -0.377722944463
1658926372.664000988 1.32335212033 2.09173912203 0.029432976491 -0.925697772606 -0.0030255924019 0.000430103435867 -0.378251628674
1658926372.764930487 1.37766426051 2.14433688307 0.0271934624106 -0.92509778535 -0.00141270851674 0.00133691025532 -0.379723984582
1658926372.865700006 1.4321980308 2.19629436895 0.032341424785 -0.925327726782 -0.00281684686442 0.00118779810167 -0.379155973918
1658926372.966558456 1.47938085569 2.24614163612 0.0287913029846 -0.925281177117 -0.00354825723467 0.000782216806809 -0.379264474055
1658926373.067320108 1.52705099403 2.29558659894 0.0339081869689 -0.92518759103 -0.00516744362087 -0.000409547890679 -0.379474704296
1658926373.168266773 1.57157672148 2.34719699426 0.03664769372 -0.925134967884 -0.00530123334712 -0.00180719285093 -0.379597052381
1658926373.269056320 1.62543005504 2.40084181453 0.0332657335149 -0.925658357212 -0.00368285233889 -0.00189310402892 -0.378337757141
1658926373.369991779 1.67775057684 2.45249595232 0.0331525181272 -0.926824762235 -0.00257183433179 -0.000158962795584 -0.375485313303
1658926373.470830441 1.72756588725 2.50377372197 0.0391217246842 -0.928595608099 -0.00346223128286 -0.00054279442217 -0.371076696853
1658926373.571669579 1.78562751358 2.54918689937 0.0435234637514 -0.93041681389 -0.00459562495566 -0.0016356981092 -0.366470677072
1658926373.672545671 1.83480575204 2.5932356583 0.0464098911069 -0.932079856675 -0.00575338686843 -0.0020106055811 -0.362201596885
1658926373.773370028 1.88637675658 2.63578076973 0.0442636107581 -0.933866170799 -0.00412523701017 -0.00292042874376 -0.357586952436
1658926373.874260426 1.9340749513 2.68482258233 0.0449602640543 -0.935200858643 -0.00333668959231 -0.0029370381919 -0.354089811068
1658926373.975237370 1.98451534997 2.73370132707 0.0407579426548 -0.936982430839 -0.00421339918261 -0.00368276958672 -0.349331660138
1658926374.075971127 2.03437192203 2.78438503684 0.0435851730978 -0.939148277505 -0.00458644036575 -0.00327711034762 -0.343465774091
1658926374.176839590 2.08823718527 2.83467943453 0.0398309638559 -0.941267650722 -0.00348360443545 -0.0049376182641 -0.337607307578
1658926374.277716160 2.14777900059 2.87995512007 0.038479185349 -0.943218798509 -0.00325682431544 -0.00432779023039 -0.332127929369
1658926374.378565788 2.20311974924 2.92705959806 0.037388686186 -0.944911289925 -0.00484577434477 -0.00337106649379 -0.327273293371
1658926374.479473114 2.25857293436 2.96857408955 0.0341171851386 -0.946855760329 -0.0040687631302 -0.00426545488721 -0.321604446786
1658926374.580339432 2.31847442442 3.01739876033 0.0377355757097 -0.947703184877 -0.00519960533087 -0.00329865498816 -0.319093648251
1658926374.681149483 2.37659510463 3.06308809971 0.039696993055 -0.947561981349 -0.00541949866586 -0.0040740995653 -0.319500113065
1658926374.782017946 2.43840758342 3.10751403094 0.0362786687324 -0.947650501294 -0.00559140825894 -0.00389251058116 -0.319236764662
1658926374.882868290 2.49825430532 3.14992523657 0.0351423613606 -0.947926939369 -0.00467037763567 -0.00438376944304 -0.318423440966
1658926374.983740091 2.56187426944 3.19477752492 0.0338989215049 -0.949208394874 -0.00368073470397 -0.00417458487177 -0.314598868616
1658926375.084446907 2.62413937967 3.24415563457 0.0282728205214 -0.951507314795 -0.00471944042088 -0.0054880135927 -0.307540954152
1658926375.185469389 2.69021585873 3.28892719143 0.0234380402373 -0.95409779116 -0.00500914648661 -0.00645993604157 -0.2993836712
1658926375.286186457 2.76019997636 3.3339848129 0.0174525860179 -0.956213158214 -0.00612475225565 -0.0079130311678 -0.292500029753
1658926375.387105942 2.82544153671 3.37683906202 0.0172713209315 -0.957463303055 -0.00486154854395 -0.00524315610023 -0.288466458989
1658926375.487997532 2.88971288213 3.41218575706 0.0133921386077 -0.95905188148 -0.00338685434913 -0.00464833336086 -0.283172051667
1658926375.588852644 2.95216923154 3.45798379227 0.0153787777606 -0.960569617128 -0.0029803273305 -0.00344764071838 -0.278002233934
1658926375.689857006 3.01291721246 3.50129664961 0.0211498157339 -0.961773691018 -0.00326664561487 -0.00364742446232 -0.273801739563
1658926375.790558815 3.07816444846 3.54367336703 0.0259851227269 -0.964682694198 -0.00153224531415 -0.00468319909997 -0.263368599848
1658926375.891449451 3.1402932529 3.58251988929 0.0330997529816 -0.967411183978 -0.00245551595463 -0.00586632570735 -0.253130712831
1658926375.992312908 3.20204691869 3.61563578807 0.0317339360989 -0.969654247976 -0.00173495108132 -0.00565702022528 -0.244408730305
1658926376.093129873 3.26527318219 3.64864971285 0.0339387089879 -0.970968708759 -0.00329141863108 -0.00694126341889 -0.239083148792
1658926376.193995714 3.32113537914 3.68076957067 0.0290932082879 -0.97121001115 -0.000153607663774 -0.00782347619722 -0.238096375164
1658926376.294878006 3.36616073957 3.70081362993 0.0351665636014 -0.971644035298 -0.00430011276839 -0.00853657390484 -0.236255168422
1658926376.395688534 3.39339801725 3.71313586001 0.0375927627864 -0.971978686048 -0.0043506695956 -0.00837674174895 -0.234879406801
1658926376.496595383 3.40826346601 3.71885878152 0.0478771608975 -0.972700313709 -0.0105676427458 -0.0113484952623 -0.231546186088
1658926376.597416878 3.40253228388 3.71558640031 0.0541183290945 -0.972858811279 -0.00838830419128 -0.0086956390057 -0.231083871206
1658926376.698291540 3.38184554495 3.70978432665 0.0540803175089 -0.972776725755 -0.00662679269034 -0.00861577125688 -0.231489299824
1658926376.799164772 3.36107469887 3.70462736466 0.0574075725232 -0.971757507746 -0.00535412547697 -0.00723937552821 -0.23580981939
1658926376.900050879 3.34918938878 3.69780961846 0.0589325126261 -0.970693260261 -0.00464554514666 -0.00608242434273 -0.240199953179
1658926377.001404285 3.33523605312 3.6875244698 0.0535486283436 -0.970862790206 -0.00377574556101 -0.00624433946631 -0.23952493516
1658926377.101714134 3.32026223105 3.67808921819 0.0469013498439 -0.971705799447 -0.00240816055335 -0.00594923336844 -0.236107277959
1658926377.202404499 3.29634727022 3.67328601872 0.0459835724305 -0.970149867982 -0.00579447178083 -0.00739367277635 -0.242324145213
1658926377.303423882 3.2695488142 3.66587287155 0.0423274206149 -0.964691139022 -0.00424478940894 -0.00613409393931 -0.263278105711
1658926377.404236317 3.24471357185 3.6673663942 0.0395942794438 -0.955831452758 -0.00330223878467 -0.00558495620185 -0.293843729558
1658926377.505175114 3.23172550256 3.66999440488 0.035701668905 -0.946599538395 -0.00321311058662 -0.00612462293282 -0.322337523141
1658926377.605985165 3.22490567367 3.67323182154 0.0327336876472 -0.937906039691 -0.00372624846385 -0.00774246609557 -0.346782972479
1658926377.706894398 3.22342894453 3.6761647871 0.0340767512477 -0.928497263281 -0.0027528751639 -0.00669771586304 -0.371268628301
1658926377.807688713 3.21990845666 3.68365838138 0.0338811283788 -0.917491418855 -0.00431861543959 -0.00713961512701 -0.397668042195
1658926377.908549547 3.20776188543 3.68968747528 0.0350898484946 -0.904810474727 -0.00611237696181 -0.00802391961026 -0.425695032138
1658926378.009405613 3.19996151081 3.69716061699 0.0376431077038 -0.890552072802 -0.00397318811374 -0.00722194287653 -0.454806621484
1658926378.110287905 3.18524149412 3.70036965427 0.0299615773977 -0.87435081516 -0.00620917384944 -0.00766039246679 -0.485194205012
1658926378.211146355 3.18317353737 3.70425185585 0.0351414157725 -0.858399512726 -0.00341755574391 -0.00646892593666 -0.512929575928
1658926378.311892509 3.17230514437 3.70644980769 0.0391557760851 -0.839092250447 -0.00352557625165 -0.00489011864162 -0.543955744791
1658926378.412863731 3.15757611478 3.70936960975 0.0375934365897 -0.818300214416 -0.00297754391953 -0.00458621679784 -0.574765047592
1658926378.513686657 3.14420952195 3.71115370416 0.0363274117747 -0.79789532552 -0.00457754902431 -0.00415624193178 -0.602764316472
1658926378.614564657 3.12499245168 3.72228771595 0.0317501152288 -0.774466472712 -0.00283450706372 -0.00351484364156 -0.632598841359
1658926378.715363026 3.11295100285 3.73763833343 0.0265358300959 -0.745292402687 0.00020092899856 -0.0010315586463 -0.666736927139
1658926378.816272259 3.09865167727 3.76205129396 0.0255295839812 -0.709101001316 -0.00126181966603 -0.00169924478986 -0.70510374436
1658926378.917102814 3.09206583601 3.78800086299 0.0230624838718 -0.676070248952 -0.00433122144718 -0.00227953483279 -0.736820916318
1658926379.018005848 3.0941379871 3.82105617859 0.0232392186347 -0.654416756449 -0.00469624373014 -0.0032150982615 -0.756112635337
1658926379.118859291 3.10064622259 3.85906068559 0.0268221326645 -0.646970142876 -0.00729090894144 -0.00247558167887 -0.762476457583
1658926379.219688177 3.11263770334 3.90430528597 0.0299150714341 -0.651008100431 -0.00703560925443 -0.000952129665736 -0.759037579323
1658926379.320562840 3.11339400468 3.9548470293 0.0402833310634 -0.65743120888 -0.0118707740502 0.000385847934693 -0.753420958983
1658926379.421417713 3.11382300264 4.00875182971 0.031130936927 -0.662552359669 -0.00625413315884 -0.00182141840895 -0.74898727556
1658926379.522273779 3.11032565113 4.05895521878 0.0331500575921 -0.668381519702 -0.00655241941806 -0.000447443492254 -0.743789627324
1658926379.623112202 3.1121230229 4.10658561804 0.0294853790522 -0.673084341155 -0.00723770090438 -0.000994700227433 -0.739529645078
1658926379.723875046 3.10902558446 4.15733834996 0.029642406017 -0.678302592581 -0.00732041505982 0.00122557004398 -0.734745195561
1658926379.824836731 3.10539579741 4.20823028565 0.0284364394499 -0.684925804053 -0.00899754815155 -0.000885768581176 -0.728556725645
1658926379.925722122 3.10636729821 4.25817768521 0.0277109868326 -0.690471779013 -0.00882243586296 -0.00174237254247 -0.723303429516
1658926380.026566267 3.10685643058 4.30301598687 0.0331114842014 -0.696752985728 -0.00528599998158 0.000498403550381 -0.71729149352
1658926380.127486944 3.10376807527 4.351611296 0.0359132657669 -0.702070021152 -0.00626102715233 0.000194269360075 -0.712080365688
1658926380.228284836 3.09876817749 4.39512612956 0.0371812032867 -0.708405566571 -0.00988968569974 -0.000303580518716 -0.705736250455
1658926380.329145908 3.09384137015 4.43594839913 0.0417405568401 -0.712084225525 -0.0101226181857 3.12800305398 -0.702021073317
1658926380.429982662 3.09526438686 4.47605727328 0.0433911376265 -0.715108221208 -0.0110126759582 -0.000679400897449 -0.698926670935
1658926380.530833960 3.09144197608 4.51467318241 0.0456985804534 -0.716531185802 -0.0122927851301 -0.000752896410476 -0.697446327938
1658926380.631704330 3.08988235086 4.55658313755 0.0449749346009 -0.715786464947 -0.009934294434 -6.84602538205 -0.698248552957
1658926380.732566833 3.08929379898 4.60373710787 0.0413550713714 -0.71263315229 -0.011425961649 -0.000427738476918 -0.701443693176
1658926380.833441019 3.08647391742 4.65015069548 0.0381374838178 -0.704561206893 -0.00949268212936 0.000213225782468 -0.70957969902
1658926380.934283018 3.08085814809 4.70136534253 0.0309111982322 -0.693385948876 -0.00695565847444 -0.000368847454924 -0.720532725606
1658926381.035152912 3.0741050958 4.74777218356 0.0281216701141 -0.680321553959 -0.00324342098148 -0.000358697641378 -0.732906497976
1658926381.135997295 3.06644957178 4.79279163467 0.0281211801932 -0.667229339397 -0.00220457710575 -0.00156423197951 -0.744847435161
1658926381.236761570 3.06403643113 4.84024257232 0.0291864957477 -0.657194829199 -0.00705357362635 -0.00387869388491 -0.753677755614
1658926381.337718487 3.05769914156 4.88652358506 0.0305188811919 -0.647085155028 -0.00814633213615 -0.00526734401188 -0.762356015588
1658926381.438547850 3.04671646457 4.92721239433 0.0326880053158 -0.636503249435 -0.00436745763633 -0.00402800861338 -0.771251135441
1658926381.539483547 3.03043118768 4.97633447119 0.035194254686 -0.626926090422 -0.00542774472133 -0.00506148034936 -0.779043386566
1658926381.640279293 3.01978684515 5.02124946601 0.0349641595521 -0.617731258139 -0.00224953025966 -0.0055966002555 -0.786366142708
1658926381.741141796 3.00772171737 5.06086825158 0.0380594001792 -0.608806360325 -0.00436618051902 -0.00575960753726 -0.79328593774
1658926381.842017651 2.99579201918 5.09373494802 0.034628518563 -0.603670128584 -0.00255856294267 -0.00580841764938 -0.79720893867
1658926381.942910194 2.98454434601 5.11539921378 0.0368565501854 -0.600247212304 -0.00360097895658 -0.00561181330451 -0.799786736964
1658926382.043728828 2.97379270081 5.13284581702 0.0319485901537 -0.597479909338 -0.00477035809385 -0.00595034265806 -0.801847613355
1658926382.144570827 2.96584467479 5.13494387337 0.0364050075015 -0.592407362501 -0.00436809254217 -0.00544321003782 -0.805608346585
1658926382.245485306 2.96146468242 5.13221358157 0.0388531922864 -0.587498993723 -0.0044756877423 -0.00514852605811 -0.809196140174
1658926382.346206188 2.95540677498 5.13843076911 0.0413972661705 -0.579547261763 -0.00518545747233 -0.00512946025818 -0.814905989087
1658926382.447137356 2.94906582503 5.14590843311 0.0439618780222 -0.568898825381 -0.00758052077982 -0.00515399817974 -0.822356430319
1658926382.547887802 2.93844398174 5.15581657616 0.0400466630132 -0.557130602118 -0.00610665423928 -0.00538014078974 -0.830385004105
1658926382.648781776 2.92620909216 5.16809312592 0.0263729910401 -0.543967694958 -0.00548193321393 -0.00542178953546 -0.839070735664
1658926382.749782801 2.91895815095 5.1871334863 0.022605773686 -0.529427556322 -0.00600421199386 -0.00527454262432 -0.848317506153
1658926382.850606918 2.90421361184 5.21086650755 0.0228793015836 -0.518568598483 -0.0062236881809 -0.00477463183552 -0.855000045183
1658926382.951470852 2.89122108118 5.22961015601 0.0226255701498 -0.516273744931 -0.00813155566812 -0.00551902308564 -0.856367233424
1658926383.052281380 2.8735183287 5.25373440023 0.0276358212796 -0.51913045515 -0.00721780261097 -0.00461989652461 -0.854652052251
1658926383.153125286 2.8555768853 5.27899605669 0.0295711472853 -0.522139586595 -0.0056749863634 -0.00379669960078 -0.852832710273
1658926383.254011393 2.84097846131 5.30867202887 0.0301460702551 -0.522853803246 -0.00720125295114 -0.00458983866413 -0.852379596053
1658926383.354856014 2.82470223787 5.34056299023 0.0268166798763 -0.522058223935 -0.0083574837635 -0.00457447316823 -0.852856633604
1658926383.455646992 2.80750245007 5.36838969587 0.0298555929142 -0.521523205406 -0.00731576837302 -0.00415597592249 -0.853195612752
1658926383.556613922 2.78846884232 5.40054648981 0.0332113643979 -0.520398526453 -0.0066114229667 -0.00261453761095 -0.853893920194
1658926383.657412052 2.77104918687 5.43138722586 0.03367303162 -0.520331321688 -0.00783394112406 -0.00334734168698 -0.853921975558
1658926383.758333206 2.75280142588 5.46660049649 0.0350640383133 -0.520159110449 -0.00794995827967 -0.00338550921061 -0.8540256649
1658926383.859145164 2.73509023321 5.49487345571 0.0285595140029 -0.521138955443 -0.00858841640582 -0.00360369162997 -0.853421022492
1658926383.959986210 2.71372401019 5.52483004791 0.0337683442338 -0.522350916451 -0.00918598223926 -0.00303286607902 -0.852675752872
1658926384.060712099 2.70301027558 5.55640200982 0.0377291555842 -0.523135733833 -0.00674961134529 0.000224773655363 -0.852222621273
1658926384.161705971 2.69083563565 5.58836485793 0.0406813242383 -0.524526025812 -0.00741160485323 -0.000467855796311 -0.851362024917
1658926384.262562752 2.6804968419 5.62029727522 0.0420889487129 -0.525601552037 -0.00603486175433 0.00117967344846 -0.850708644196
1658926384.363412857 2.67262081384 5.64491556754 0.0427515599706 -0.526045364399 -0.00628997402108 4.78478796326 -0.850433247546
1658926384.464570999 2.661578863 5.66615108989 0.0530769893624 -0.524150692489 -0.00788190004555 0.00127471735136 -0.851588106018
1658926384.565171719 2.65611277596 5.68189657585 0.0669129064246 -0.519166937966 -0.00622329671945 0.00158064041009 -0.854648736427
1658926384.666011810 2.64447959312 5.69797280783 0.0789493552298 -0.513530656425 -0.0081239442733 0.00264798003705 -0.858028702692
1658926384.766865492 2.62940123959 5.71241956775 0.0963032486216 -0.505216357088 -0.00759184635552 0.0029044470698 -0.862954437144
1658926384.867620468 2.61259710034 5.72825424408 0.113963293315 -0.495428126004 -0.00825282024963 0.00285636687686 -0.868605033424
1658926384.968522310 2.59864345599 5.75030685863 0.109304620311 -0.490509721525 -0.00710484982737 0.00231361197235 -0.871403684522
1658926385.069416523 2.58487081453 5.77530998904 0.113631841432 -0.491757313483 -0.00806493290542 0.00292245227201 -0.87069004862
1658926385.170334578 2.57247344251 5.80098107698 0.108907831543 -0.493592610268 -0.00497405782654 0.00617395869348 -0.869657102582
1658926385.271269321 2.55612287705 5.82632696215 0.100843564723 -0.495318381135 -0.00600679443763 0.00554641338225 -0.868673043803
1658926385.372006178 2.54297745378 5.85135086903 0.103865646682 -0.494097041557 -0.00718129611222 0.00211165927327 -0.869374535747
1658926385.473692417 2.52388775114 5.87896607313 0.108066484486 -0.489646555346 -0.00691234259939 0.00532355038381 -0.871877359592
1658926385.573631763 2.51389454005 5.90396684394 0.107790830344 -0.482060683045 -0.00647835954401 0.00540338453493 -0.876097216155
1658926385.674409389 2.50511929762 5.92771240634 0.107470554313 -0.47234823777 -0.00664924438346 0.00532215560989 -0.881370866596
1658926385.775425911 2.48401680063 5.94707116076 0.10002970525 -0.46133524177 -0.00394832167469 0.0074624467418 -0.887185728777
1658926385.876278162 2.46581359942 5.96164272756 0.0991146608574 -0.450940758427 -0.00398088755755 0.0073031067907 -0.892515125673
1658926385.977138042 2.44109425477 5.98051491761 0.0752266115365 -0.440514846386 -0.00235919024073 0.00648193643648 -0.897718825042
1658926386.078005791 2.43101394112 6.00032254982 0.0725439458772 -0.432040368723 -0.0012152009888 0.00828671782464 -0.901815376553
1658926386.178916931 2.40182679781 6.01782150605 0.0803467708202 -0.42088933351 -0.00175326015397 0.00684639551685 -0.907084462376
1658926386.279705524 2.38242894485 6.03251733429 0.0737929021039 -0.412472579714 -0.00105339562587 0.00835948818099 -0.910931051342
1658926386.380580425 2.36125157224 6.04866062171 0.0670855583687 -0.402125743219 0.00108379773679 0.00808594820073 -0.915548103305
1658926386.481473446 2.33843852485 6.06055555503 0.0713463580696 -0.392132929153 0.000547057941437 0.00842458317571 -0.919869823942
1658926386.582272053 2.31646546938 6.0792586803 0.0765333525053 -0.383835260778 -0.000948156851042 0.00761708690747 -0.923369684129
1658926386.683153152 2.29435282133 6.09534127716 0.0707697701267 -0.374966651236 -0.00107943148181 0.00651525660558 -0.927014776969
1658926386.784025192 2.27023822229 6.11975146106 0.0699794506941 -0.36656623152 -0.00202281771782 0.00560426597948 -0.930372881333
1658926386.884859324 2.24113309715 6.1373017597 0.0694186054026 -0.356448062658 -0.00180774651955 0.00554001139814 -0.934296965078
1658926386.985756397 2.20844860286 6.15451927979 0.0659684389434 -0.346475362517 -0.00151440051972 0.00634764668915 -0.938036373037
1658926387.086411238 2.18600109787 6.17076177821 0.0628573010995 -0.337127855779 -0.0030453433947 0.00566117049409 -0.941436926135
1658926387.187400818 2.15440098748 6.18602688856 0.0589465709226 -0.32392233547 -0.00322904806463 0.00565236104138 -0.946061279541
1658926387.289052248 2.12307946738 6.19642406509 0.0541418531386 -0.311915096449 -0.00416583761874 0.00552017829542 -0.950084809917
1658926387.389153957 2.09604884514 6.20924067792 0.0543563984257 -0.30085225313 -0.00442065943094 0.00415874037351 -0.953651448085
1658926387.489985704 2.06551659288 6.22259186752 0.039281982884 -0.286828104463 -0.00212663111026 0.00486748348392 -0.957967339493
1658926387.590855122 2.04050912498 6.23727625968 0.0465245303103 -0.27510763218 -0.00301748361771 0.00601648021114 -0.961389872775
1658926387.691648483 2.0137579787 6.24385111813 0.0536022734301 -0.263012306933 -0.00471994444049 0.00341174603926 -0.964774900438
1658926387.792572498 1.99289809983 6.24943127121 0.0594181841948 -0.251117154783 -0.00533194260471 0.00484879485585 -0.967929870471
1658926387.893424511 1.9763414141 6.25968403541 0.0527995199059 -0.238697495659 -0.00468157666955 0.00466691652532 -0.97107147435
1658926387.994283199 1.95968152757 6.26002148257 0.0564036545501 -0.224955242609 -0.00505991170379 0.00506306176569 -0.974342804931
1658926388.095155716 1.94352259659 6.25878174043 0.0532708230403 -0.211321113552 -0.00548139400239 0.00270984354511 -0.97739756396
1658926388.195997238 1.9300407659 6.256665539 0.0590948468114 -0.198594471449 -0.00659278098042 0.00175354810067 -0.980058006558
1658926388.296865463 1.91440627671 6.25390286824 0.0668256644641 -0.186015729836 -0.0074788302539 0.00199524654262 -0.982516276884
1658926388.397646904 1.90141603575 6.25465912927 0.0647651376374 -0.17368125451 -0.00820717530812 0.00187042498204 -0.984765944586
1658926388.498601437 1.89105843573 6.25251417165 0.0656919615654 -0.157426745831 -0.00620667984765 0.00385015843175 -0.98750365726
1658926388.599418640 1.87364714019 6.2555438284 0.0610932341809 -0.144544213223 -0.0060057244638 0.00274640764955 -0.989476305397
1658926388.700285196 1.8504220194 6.25989567666 0.0583696426719 -0.131158950594 -0.00695985096841 0.00120647513505 -0.991336186453
1658926388.801137447 1.8273979513 6.27462640962 0.0603594000139 -0.126927394149 -0.00756634001502 0.00196044203699 -0.991881214552
1658926388.902017355 1.80583194205 6.28974384361 0.0663943610053 -0.127795943311 -0.00585274011958 0.00698805295452 -0.991758594327
1658926389.002905130 1.78175105263 6.30147423624 0.0732946302236 -0.129837145466 -0.0066435607502 0.0088829210907 -0.991473283791
1658926389.103764534 1.75336017687 6.31176940296 0.0768827492475 -0.132227448189 -0.00393724143388 0.00854861810645 -0.991174717799
1658926389.204473972 1.72220229923 6.30589858897 0.0777962132099 -0.127521018075 -0.00704946576979 0.00838595147333 -0.991775363073
1658926389.305429935 1.70012241794 6.30055846994 0.083864367181 -0.119868066152 -0.00532541042322 0.0118266787064 -0.992705100416
1658926389.406330109 1.6811062924 6.29766363161 0.0836472791071 -0.112795978986 -0.00582902858298 0.00830703813004 -0.993566345378
1658926389.507214069 1.66244856379 6.29243213322 0.081342796447 -0.101934378843 -0.00602231957559 0.0108218618944 -0.994714029951
1658926389.607983589 1.64076841343 6.2882867335 0.0781509327477 -0.0909628142861 -0.00757267177989 0.00896490109393 -0.995785143295
1658926389.708904266 1.61919674331 6.28054462561 0.0637058666059 -0.0787108365163 -0.00496432817314 0.0029846372713 -0.996880660662
1658926389.809735537 1.59636937481 6.27895677161 0.0539280071425 -0.0680623765373 -0.0054727836169 0.000623594034212 -0.997665862235
1658926389.910620689 1.57518733307 6.27888576318 0.0376770191435 -0.0550544290207 -0.00410331018392 -0.00380168709744 -0.99846768594
1658926390.011447191 1.55434530495 6.27957767533 0.0380483535984 -0.04085725168 -0.00581483035448 -0.00372356324308 -0.99914113508
1658926390.112274170 1.5367435569 6.27849383788 0.0377141395298 -0.0288103418071 -0.00568269373542 -0.00196927246113 -0.999566802751
1658926390.213139772 1.51814578615 6.27628308787 0.0401467542222 -0.0170797710835 -0.00453435463927 0.00146111895739 -0.999842780731
1658926390.313937664 1.49640366814 6.27282502961 0.0434913293399 -0.00630919592497 -0.00530453056383 0.000146382050199 -0.99996601671
1658926390.414851427 1.48015121514 6.26506500832 0.0489021973514 0.00641523463249 -0.00378182827654 0.00174263451048 -0.999970752454
1658926390.515756607 1.46099280095 6.26461113319 0.0419182990857 0.0168037737754 -0.00047362268221 0.0023552526781 -0.999855920447
1658926390.616589546 1.44391851609 6.25483968089 0.0551820635057 0.0297284763765 -0.00256212101718 0.00269683001274 -0.999551089408
1658926390.717468262 1.42443074699 6.23516124326 0.0549853266631 0.0445142269152 -0.00201153561792 0.0049199091486 -0.998994610506
1658926390.818278790 1.40463005701 6.22205357227 0.0493589459605 0.060797330862 -0.00233704422162 0.00318187329414 -0.998142323753
1658926390.919154167 1.37692547216 6.21250335576 0.0471167813258 0.0751667363201 -0.00495323328374 -0.00287846862318 -0.997154522453
1658926391.019993305 1.35729350616 6.20486866811 0.0580302860599 0.0903718235622 -0.00196452933126 0.00678779140978 -0.995883025269
1658926391.120863438 1.33955337247 6.19628859295 0.0537587373249 0.101509950003 -0.00206248113596 0.00536240510154 -0.99481793351
1658926391.221704245 1.32215521419 6.19536303691 0.0616898189042 0.110669136616 -0.00190704012423 0.00653158349391 -0.993834012205
1658926391.322522640 1.31198760068 6.20301455077 0.0615299242871 0.114847730284 -0.000348159763592 0.00752251321211 -0.993354563803
1658926391.423431873 1.31074227379 6.20226238674 0.0647882909886 0.117531789626 -0.0011256523609 0.00732536669353 -0.993041464561
1658926391.524298668 1.31272440985 6.19725766361 0.0626076341884 0.124932993856 -0.00242089866456 0.00601144655641 -0.992144016162
1658926391.625161648 1.31664925051 6.18021915197 0.0645090274768 0.143122228969 -0.0019090191652 0.00684378487842 -0.989679516727
1658926391.725991249 1.32162614286 6.16086487297 0.0652078826706 0.164017540861 -0.00352275092743 0.00440430350177 -0.986441300142
1658926391.826866388 1.31117188042 6.14403945875 0.061902774301 0.186028026968 -0.00429090761757 0.00195521149654 -0.982533123331
1658926391.927727938 1.29592363237 6.123606233 0.0628548159186 0.210190550779 -0.00448964830347 0.0020460663048 -0.977647988304
1658926392.028576851 1.26968058105 6.10201621444 0.0550091191786 0.237359965819 -0.00407558564826 0.00206262868614 -0.971411026184
1658926392.129419327 1.24334287644 6.07684451461 0.0497960199683 0.261224752543 -0.0036453497993 0.0018466769222 -0.965269356122
1658926392.230278015 1.21317388285 6.06153226824 0.0381153880647 0.276978228948 -0.00299200672667 0.0003536689075 -0.960871470855
1658926392.331149578 1.17050240144 6.06032479992 0.0307671947013 0.280025214023 -0.00165854995308 -0.00106336158372 -0.959990623905
1658926392.432002068 1.12342391793 6.05635239258 0.023502792813 0.273499592803 -0.00114159428882 0.00180062726908 -0.961869755861
1658926392.532859325 1.08477674284 6.05053126484 0.0304161647929 0.263598702738 0.00118290137481 0.00445682722974 -0.9646214083
1658926392.633715391 1.04630733293 6.03287538789 0.0367374751606 0.258072165745 -0.00113926472896 0.0145710207049 -0.96601508513
1658926392.734566450 1.00614049425 6.01020335777 0.0343228616433 0.253455207406 0.00226146864956 0.014972644982 -0.967228599402
1658926392.835453987 0.965072291837 5.98307701182 0.0394142260375 0.247075070281 -0.000390075293051 0.0177276871956 -0.968834086205
1658926392.936291933 0.917924043475 5.95422854237 0.0370753032462 0.242319334986 0.000706725108793 0.0166386651119 -0.97005360432
1658926393.037069082 0.877031366912 5.93036026255 0.0456901260759 0.237763534574 0.000471697411741 0.0201792704923 -0.971113317883
1658926393.137995720 0.834510374126 5.9100014012 0.048756842493 0.231458109261 -0.000352325824833 0.0220348865876 -0.972595230965
1658926393.238873005 0.797457229506 5.88642692649 0.0547542971914 0.225462473789 -0.000760236948759 0.0214320186692 -0.974015792238
1658926393.339705706 0.764046446353 5.86375916279 0.0620408545471 0.21925958758 -0.00597587647359 0.0297486309003 -0.975194617045
1658926393.440591812 0.731733258934 5.83788729234 0.0577703907326 0.213332277673 -0.00406034459248 0.0238769316438 -0.976679448458
1658926393.541321278 0.696921016033 5.81226595943 0.0651937185542 0.205051571987 -0.000862497529081 0.0179810153718 -0.978585607911
1658926393.642400026 0.660887027677 5.79715171215 0.0698348759073 0.198396198137 -0.00192538025194 0.0203015949803 -0.979909733964
1658926393.743047237 0.629276231863 5.77817657267 0.0793563682113 0.189192080883 -0.00222667740475 0.0244982420564 -0.981631924183
1658926393.844053507 0.592901744445 5.76994807007 0.0860469602792 0.182273092153 -0.00218355505464 0.0235297104222 -0.982963938653
1658926393.944720984 0.564107864635 5.76133768393 0.101997467044 0.176273579453 -0.00351433516361 0.0291349291856 -0.983903669338
1658926394.045738697 0.534134623648 5.75047618762 0.113490699531 0.169643132039 -0.00137427986932 0.0258395033899 -0.985165792733
1658926394.146541595 0.507343456308 5.737486376 0.118320153035 0.164131077708 -0.00162388897326 0.0200323944181 -0.986233773245
1658926394.247402430 0.482430077167 5.7291619838 0.102649484168 0.161028249496 -0.00437694754684 0.0200136767249 -0.986737147339
1658926394.348299503 0.477401487881 5.7328667215 0.106328426121 0.15553867718 -0.00224241016824 0.0195080578295 -0.987634612181
1658926394.449156046 0.478803760445 5.73310669102 0.107384764872 0.155558070256 -0.000810496892015 0.0149421103955 -0.987713401352
1658926394.550017834 0.482083101426 5.72813221934 0.115475819679 0.159419030343 0.00141059543098 0.0142042484665 -0.987107806833
1658926394.650850296 0.481215375885 5.72630487632 0.114344179476 0.159531490475 -0.000626049973608 0.00785475422658 -0.987161392298
1658926394.751713276 0.484061941435 5.72654611466 0.111988652865 0.160057649561 0.000256988008478 0.0129815567319 -0.987022270245
1658926394.852582455 0.481717017407 5.72896470051 0.107806823009 0.161206687193 0.000889369538594 0.010842885125 -0.986860701856
1658926394.953409672 0.481456520698 5.72705842333 0.105483443139 0.161367237609 -0.00122321070602 0.0206488058795 -0.986677629825
1658926395.054320812 0.478892262214 5.72920510357 0.0987363710136 0.160402833135 -0.00121231198564 0.0191757780311 -0.986864606194
1658926395.155146360 0.475788416457 5.72893282824 0.099758935741 0.161340885714 -0.00248994693927 0.0197169754453 -0.986698616418
1658926395.256045103 0.471776076634 5.72738111139 0.10003241577 0.162133224144 -0.00147248604888 0.017085235082 -0.986619857978
1658926395.356879234 0.469308172567 5.71979447345 0.0995757332126 0.165251320903 -0.000318115929856 0.0156275715132 -0.986127617882
1658926395.457817078 0.456431505466 5.71559698162 0.100491784944 0.171956132367 -0.00228341887926 0.0127363077729 -0.98501962468
1658926395.558616638 0.448241395883 5.71188730365 0.102865335686 0.173396770739 -0.00556208593739 0.0187720627585 -0.984657418982
1658926395.659402609 0.447029819703 5.69945648084 0.113813028163 0.173324213087 -0.00694789981145 0.0235856767125 -0.984557849849
1658926395.760298729 0.441832577358 5.6927062865 0.123643475195 0.174011340867 -0.0045668661893 0.022950800841 -0.984465569598
1658926395.861136198 0.436104349562 5.68407068691 0.136881874611 0.173782816459 -0.00462171851743 0.0193964428526 -0.984582119697
1658926395.962004185 0.428731368177 5.67835174355 0.136363240034 0.174295570473 -0.00114259698319 0.0190821316552 -0.984507806387
1658926396.062939644 0.424018754121 5.67225437721 0.147438470617 0.172013217052 -0.00650048007283 0.0206976989669 -0.984855726579
1658926396.163706064 0.417065664437 5.67114060451 0.155300423463 0.17314585952 -0.00751717576408 0.0223665949405 -0.984613497181
1658926396.264559746 0.409789416055 5.66656838472 0.16537095338 0.176296621267 -0.0096816708472 0.0256736232426 -0.983954588205
1658926396.365422487 0.396259611246 5.6624072369 0.1759689794 0.184599448166 -0.0140362045952 0.0286797662041 -0.982295016636
1658926396.466280937 0.388117250791 5.65057185395 0.18614530737 0.189240782217 -0.0130388651673 0.0305786215239 -0.981367852666
1658926396.567178726 0.374385673166 5.64678436233 0.19783467796 0.194140221199 -0.0096701900786 0.0283279569271 -0.980517000767
1658926396.668012142 0.360597134317 5.64373369087 0.211635786231 0.201535154459 -0.0038943596979 0.0245918420005 -0.979164775095
1658926396.768862247 0.347291256594 5.63999769775 0.216066904417 0.205523160031 -0.00312138064697 0.0196724637896 -0.978449529532
1658926396.870017290 0.329267848539 5.6323019315 0.23253107034 0.212858409275 -0.00654828423799 0.0166316154129 -0.976919549883
1658926396.970652103 0.31023671554 5.62813155317 0.243984267676 0.216179466296 -0.00441453374411 0.0193808841368 -0.976151285188
1658926397.071421146 0.283783890874 5.62296699522 0.265254359391 0.222282649938 -0.00372629874488 0.0120641451474 -0.974900504993
1658926397.172231674 0.26159146738 5.61757938805 0.263116456708 0.227338160393 0.00131711151893 0.00763996966198 -0.973785015755
1658926397.273150921 0.232397309803 5.60403640752 0.276779943185 0.231683109566 -0.00632353262406 0.00593007909961 -0.972752683799
1658926397.374010801 0.209983817851 5.58616581679 0.27258891277 0.233849826101 -0.009370176776 0.00886229540605 -0.972187182769
1658926397.474850655 0.191986542277 5.5762364254 0.27733410856 0.237681469834 -0.0073598072497 0.00797118906016 -0.971282560473
1658926397.575736523 0.178472181561 5.5722808453 0.27295808827 0.239919880638 -0.00365329957183 0.00325266228338 -0.970780368809
1658926397.676574230 0.168975806331 5.55711367115 0.25022069459 0.23969296058 -0.0030084629653 0.00541131250497 -0.970829002191
1658926397.777498722 0.152997396925 5.5485617867 0.246023899193 0.238060721026 -0.00156762676575 -0.000158848387773 -0.971248995067
1658926397.878321648 0.138617888792 5.53522096842 0.244832223433 0.234582869834 -0.000602309568941 -0.000952443898425 -0.972095472294
1658926397.979218006 0.120047672865 5.5255797277 0.247141578106 0.235184354943 -0.000476452627374 -0.00149050272211 -0.971949520595
1658926398.080047369 0.109763723109 5.52101271692 0.243635437374 0.239164486903 -0.00554473228925 0.00262890890115 -0.970959676293
1658926398.180873156 0.0934907829152 5.51745035891 0.243892884119 0.244752742671 -0.00721101636153 0.00363414690568 -0.969551901228
1658926398.281716108 0.0880685716837 5.51677398496 0.246154000372 0.254359781466 -0.00846381963989 0.00663902916865 -0.967049837713
1658926398.382633686 0.0770058735971 5.51557365187 0.244713581882 0.2569371593 -0.00324120663431 0.00505714073297 -0.966409445358
1658926398.483408451 0.0630568674913 5.51688691856 0.242900764963 0.261376336736 -0.00236473653804 0.0091068159907 -0.96519111295
1658926398.584279299 0.050924990229 5.51493968541 0.255696970339 0.263520725693 -0.00451167880836 0.0201942700941 -0.964431782626
1658926398.685211897 0.0404117726037 5.50749420383 0.252960148078 0.264502101794 -0.00736902124699 0.0211214674121 -0.964125624225
1658926398.785947561 0.0299243817466 5.4966784275 0.249493360507 0.26739864865 -0.0089749264844 0.0237713845923 -0.96325091989
1658926398.886841536 0.01994033602 5.48795643049 0.251181057929 0.26286953284 -0.00602042935882 0.0224593143333 -0.964551161077
1658926398.987709284 0.0139303177112 5.47373290492 0.238687655821 0.261280468857 -0.000414894973068 0.01840229128 -0.965087405436
1658926399.088564396 -0.00446672329394 5.46136341496 0.253891478139 0.261778623413 -0.00561421772817 0.015188404921 -0.964992095946
1658926399.189434528 -0.013408096716 5.45125283601 0.25385602179 0.263573860859 -0.00604433414201 0.0139811986808 -0.964518953666
1658926399.290638924 -0.0222926692665 5.4516121667 0.269815509057 0.261880267722 -0.000619393135583 0.0104276956684 -0.965043835736
1658926399.391155243 -0.0198149768843 5.44704173938 0.247966617586 0.261991764539 0.0012498577075 0.0127794897713 -0.964984682682
1658926399.492024899 -0.000552830667474 5.45598222997 0.231227928599 0.258937510098 0.00331541653856 0.0116735082412 -0.965817841564
1658926399.592832088 0.019274263062 5.47071773344 0.245306526408 0.256945373932 0.000334723943616 0.0138565850053 -0.96632652754
1658926399.693801880 0.0368797574961 5.47940799089 0.258819443427 0.262432730564 -0.00388324418514 0.0172563500042 -0.964788163654
1658926399.794561625 0.0432833722676 5.48801234144 0.273187427881 0.262623451065 -0.00627436454795 0.017499336418 -0.96471930038
1658926399.895446301 0.051932966637 5.49225084774 0.277116036549 0.262406330695 -0.00664180963764 0.0154855285076 -0.964810345292
1658926399.996275425 0.0569639599511 5.49076572739 0.276300994422 0.261965304286 -0.00933939109124 0.0145682841821 -0.964922131687
1658926400.096997738 0.0641767926839 5.49947603242 0.287032680961 0.26729368711 -0.00408382173454 0.0154667421327 -0.9634823232
1658926400.198005676 0.0699017469811 5.50386503455 0.292456369178 0.269526197228 -0.00326113905814 0.0169706686744 -0.96283798761
1658926400.298892498 0.0809115368668 5.50392917341 0.292025665679 0.266743581912 -0.00594635617304 0.0140936248308 -0.963646134271
1658926400.399645329 0.0862755448286 5.50980051767 0.284483786815 0.261318089645 -0.00517224695841 0.0159926895238 -0.965106386761
1658926400.500596046 0.0908457566868 5.50808834485 0.290963113664 0.256992681416 -0.0119682214156 0.0176771013721 -0.966177542412
1658926400.601438046 0.092523316992 5.51211615112 0.294490799273 0.255355779954 -0.00536725051796 0.0162174256782 -0.966696236348
1658926400.702337742 0.0868429179329 5.52238401707 0.301512477508 0.25284763466 -0.00568569674681 0.0159006910655 -0.967358731042
1658926400.803042412 0.0787678271114 5.52365966075 0.294624065413 0.243820170171 -0.00576289763992 0.0179900866612 -0.969636463016
1658926400.904003620 0.0747390818051 5.52938859641 0.268808493017 0.237488735108 -0.0103266085254 0.0150824618433 -0.971218297397
1658926401.004920721 0.0723463624563 5.52983645704 0.25233237534 0.229524500799 -0.0120713314809 0.0186615989515 -0.973049089827
1658926401.105721474 0.074316252588 5.52353698914 0.242224535874 0.230379774289 -0.0134065656853 0.0212003765764 -0.972777450205
1658926401.206587315 0.081358914758 5.51949325662 0.243022020734 0.23320905687 -0.00940236589295 0.0204367829973 -0.972166379387
1658926401.308797836 0.0877577184301 5.51667169255 0.238631635702 0.233236164665 -0.00973599936709 0.0216432592465 -0.972130480511
1658926401.408273697 0.0881284460502 5.50717392564 0.233925746304 0.231792259495 -0.0118613571933 0.0243482864863 -0.972388203131
1658926401.509182215 0.0942524033947 5.50057434628 0.228543475973 0.228068706006 -0.0069949810852 0.0201671407996 -0.973411024189
1658926401.610015392 0.0987012422962 5.4973744103 0.220242841279 0.229245316728 -0.0071896912281 0.0155559761898 -0.973217809487
1658926401.710863352 0.104384873717 5.49234024755 0.208380399964 0.22913460151 -0.00970868232859 0.0154704136296 -0.973223377329
1658926401.811769485 0.10609911286 5.49185977647 0.202232767885 0.227786706493 -0.00994587705628 0.0108254272375 -0.973600074979
1658926401.912566662 0.105858313835 5.49028131085 0.188995454913 0.22512468526 -0.0114628493227 0.00808396386166 -0.974228991921
1658926402.013440132 0.101730817541 5.49195094159 0.180076151225 0.227061350924 -0.0110311688118 0.00855225978358 -0.973780424471
1658926402.114302158 0.0995997478293 5.50341706584 0.173651939864 0.228307097894 -0.0109443521999 0.0115741530462 -0.973458848225
1658926402.215142012 0.101429625469 5.50859568385 0.169963629553 0.227235273499 -0.0101975423972 0.0126892906354 -0.973703816625
1658926402.315999985 0.100701657217 5.50735543612 0.163317653329 0.227404491467 -0.0106274524071 0.013754195417 -0.973645251939
1658926402.416848421 0.0994015889086 5.50995012038 0.165969600348 0.227015670158 -0.00950221118822 0.0121959034685 -0.973768377708
1658926402.517749310 0.0947250332682 5.51100047399 0.167250065285 0.227430379646 -0.0119873844743 0.0149974077367 -0.973605054829
1658926402.618585825 0.0981323747134 5.50959342942 0.170340833989 0.227318378855 -0.0107145214172 0.0157082614603 -0.973634841297
1658926402.719456196 0.101568859539 5.51184548591 0.177789788267 0.229925641253 -0.00952204402458 0.0168056713414 -0.973016495021
1658926402.820291519 0.104189132551 5.51252037103 0.182934334481 0.226857206153 -0.00675776245876 0.0152286429412 -0.973785514935
1658926402.921031475 0.101202897392 5.51466944851 0.204765115757 0.228115760009 -0.00588348045044 0.0114288794733 -0.973549159214
1658926403.022085667 0.10347261519 5.51267892412 0.216319349975 0.229545001099 -0.00670296005976 0.00916198081966 -0.973231843347
1658926403.122900724 0.10225513964 5.5156193801 0.225741458482 0.227340795654 -0.00462115914079 0.00865561855214 -0.973765828003
