1658926435.800613403 0.00340252160897 -0.00142003546476 0.0167438371074 0.999997895985 -0.00144519864712 0.00132564177701 -0.000601747379467
1658926435.901449680 -0.00402998207446 -0.00158798736995 0.0107657125806 0.999998854431 0.00144145863029 0.000408972568303 -0.000214650705579
1658926436.002343416 -0.00643428306015 -0.00115647997114 0.011279543757 0.999999414317 0.000863304408321 0.000554025888647 -0.000345146014963
1658926436.103164196 -0.00272366601141 -0.00357321357219 0.00954995808658 0.999999655758 -0.000131423023592 0.000812311894561 -0.00010659115356
1658926436.204035759 0.00280672154454 -0.000176388041191 0.00768934040394 0.999999318753 -0.000248944984789 0.000589734753884 0.000976080635998
1658926436.304885626 0.0208468306272 0.00337925141929 0.0179867945553 0.999986974549 -0.00112680424094 0.000847986193187 0.0049052996718
1658926436.405798435 0.0537021387758 0.0107054263099 0.0221704591309 0.999927946097 -0.000245377076487 0.00114573898049 0.0119469530545
1658926436.506683826 0.0922648069135 0.0112249845582 0.0270765715566 0.999826376673 -0.00122159887353 0.00112985384062 0.0185593004852
1658926436.607380867 0.127844876081 0.0157707216858 0.0250997355838 0.999897333998 0.0018813185989 -4.4344150009 0.0142049335631
1658926436.708358765 0.167696569668 0.0153936221663 0.0259903588648 0.999943314242 0.00416767311646 -0.000902525805551 -0.00975624159083
1658926436.809185982 0.210096339166 0.00605299343214 0.031444888221 0.99905838274 0.00494373252851 -0.000937484421562 -0.0430932536249
1658926436.910025120 0.259129406964 -0.0119339153268 0.0374668801167 0.997508377062 0.0023987466569 -0.000499377307048 -0.0705055623862
1658926437.010924578 0.306073865343 -0.0302350206395 0.0384862260816 0.995775860587 0.00223315726037 -0.000361154673165 -0.0917895312525
1658926437.111746311 0.350162902222 -0.048002675786 0.0399713200799 0.993681661472 0.00256355981394 -0.00070127963169 -0.112203796825
1658926437.212615013 0.401039587615 -0.066427465004 0.0381666439397 0.991190087156 0.00372464397215 -0.00119451960057 -0.132389241533
1658926437.313449144 0.450593687682 -0.0924519408692 0.0436078418456 0.98785134237 0.00174104481841 -0.000704988914231 -0.155390466668
1658926437.414188385 0.502811548514 -0.117753282906 0.0421380590643 0.984101711402 0.00187896069018 -0.000945775821241 -0.177593346245
1658926437.515170813 0.557656023152 -0.142379039901 0.0447730993225 0.979702790014 0.00295103926228 -0.00135844640865 -0.200429262406
1658926437.616076469 0.60885770222 -0.17134615205 0.0468887959228 0.97509126513 0.00358958671087 -0.00131649331912 -0.221771067499
1658926437.716888666 0.655236123496 -0.201281269313 0.0516044798707 0.970023551506 0.00233235611843 -0.0013296496567 -0.242996093941
1658926437.817770958 0.699690208441 -0.233319053391 0.0507478120088 0.964068544805 0.00265379107377 -0.00165109517043 -0.265635223934
1658926437.918555021 0.739461258076 -0.266907865078 0.0548842254497 0.957623742481 0.00189325520866 -0.00152712750939 -0.288011894378
1658926438.019491673 0.780146084466 -0.300222300702 0.0518281536353 0.951241759463 0.003075513582 -0.00202431935415 -0.308424315516
1658926438.120350838 0.825652476382 -0.337678076539 0.0456771694727 0.945639882635 0.00364593721015 -0.00212573820212 -0.325188254323
1658926438.221171141 0.868499818825 -0.371853564667 0.0487640610214 0.941739953882 0.00271863869175 -0.00232410021063 -0.336322860989
1658926438.322024822 0.921521007137 -0.410231881011 0.0449133124113 0.94109131042 0.00275886290108 -0.00263378776596 -0.338131035679
1658926438.422879219 0.973302867394 -0.447373261943 0.0462503476491 0.942230289236 0.00544797797848 -0.00299294577038 -0.334908112558
1658926438.523735046 1.02197411691 -0.485155758305 0.0475617495751 0.942900669051 0.00436986792551 -0.00307699626904 -0.333031176697
1658926438.624603510 1.06906924268 -0.522485786267 0.0511558156625 0.943110874027 0.00464546755027 -0.00283737073676 -0.33243382537
1658926438.725349188 1.11461577219 -0.553947825989 0.0494395525512 0.942848193404 0.00229585810232 -0.00298462016418 -0.333201298428
1658926438.826309681 1.15522611225 -0.587120678699 0.0461958549794 0.942660776873 0.00182734566978 -0.00248535259808 -0.333738136231
1658926438.927204132 1.19414327722 -0.616601434796 0.0494855589191 0.942296706397 0.00221802759811 -0.00292826837924 -0.334758753002
1658926439.028048992 1.22973272148 -0.646733380554 0.0496249277613 0.943164694254 0.0031442575813 -0.00266630650125 -0.332300111296
1658926439.128920078 1.26213477615 -0.66764984993 0.0478167068572 0.945104797348 0.00321179616975 -0.0027308455531 -0.326740185589
1658926439.229749918 1.29896677725 -0.68856770468 0.0436737789176 0.947163205142 0.00568722892086 -0.00241872498914 -0.320692482015
1658926439.330602407 1.33100136993 -0.707381686519 0.0373670214063 0.948517287641 0.00352810549104 -0.00243318336037 -0.316696364263
1658926439.431480885 1.36081716756 -0.728517560315 0.0391451596932 0.949925829179 0.00492885316988 -0.00285758137608 -0.312423526153
1658926439.532314062 1.3929019216 -0.752350041876 0.0383871087999 0.951076696792 0.00503088949349 -0.00257956959136 -0.308903144678
1658926439.633198738 1.4253619382 -0.777899132963 0.0323571493742 0.951242553335 0.00461260982112 -0.00288931921185 -0.308395817724
1658926439.734076500 1.46132020335 -0.800761407613 0.0273608409571 0.95057029994 0.0040808437173 -0.00306783533493 -0.310467453967
1658926439.834933281 1.50187665606 -0.82688049433 0.0280739299189 0.950722135225 0.00558737527561 -0.00142778993734 -0.309990587351
1658926439.935794353 1.54244760101 -0.852585748774 0.0311710354315 0.951081026079 0.00425847969128 -0.000523831551782 -0.308911755659
1658926440.036559820 1.58797173045 -0.877850130038 0.0279056525563 0.951421159944 0.00587532511866 -0.00179885108695 -0.307831156807
1658926440.137468338 1.63170287207 -0.905654917279 0.0293502409018 0.951607069938 0.00634990838902 -0.00216508192404 -0.307244162725
1658926440.238337517 1.67501032424 -0.938154027129 0.029278866726 0.951427356336 0.00623976155736 -0.00290279388351 -0.307796401505
1658926440.339173555 1.715542084 -0.972105751938 0.0301972803609 0.951448990117 0.00439107708528 -0.00242602412068 -0.307765579711
1658926440.439970016 1.75869298455 -0.999147515154 0.0305116177727 0.95157958927 0.00645511467999 -0.00355499309725 -0.307314137005
1658926440.540908813 1.80081764287 -1.02799505148 0.0286559705333 0.951313711391 0.00390986740866 -0.00357454010853 -0.308178776232
1658926440.641760349 1.84236159822 -1.0592199396 0.0313588321516 0.951563195347 0.00582672328067 -0.00355619469898 -0.307377435797
1658926440.742607117 1.88390320058 -1.09319733519 0.0288990472405 0.951406843551 0.0035022789586 -0.00358334773756 -0.307895942982
1658926440.843455553 1.92206082415 -1.12159562788 0.0291696006844 0.951578257355 0.00461223580751 -0.00257869033485 -0.307361184547
1658926440.944337845 1.96459319969 -1.14920975843 0.0321803757246 0.951978625265 0.00374658184467 -0.00287931539214 -0.306128028291
1658926441.045191050 2.01517789925 -1.17209441107 0.0339996820068 0.953562699303 0.00659633911185 -0.0022483765413 -0.301113951207
1658926441.146041155 2.06233660562 -1.1957288276 0.029220158756 0.955972176054 0.00676811631683 -0.00239960075813 -0.293369448184
1658926441.246935844 2.11313587578 -1.22241166147 0.0285280453566 0.958539996139 0.00656313182602 -0.00169866404664 -0.284877369482
1658926441.347759724 2.16486148272 -1.24992371976 0.0262167612241 0.961873281974 0.00715679725271 -0.00185682747031 -0.273395541058
1658926441.448599815 2.21467254341 -1.27543245869 0.0215101564078 0.964719564794 0.00662610931977 -0.00128480830973 -0.263193094981
1658926441.549459457 2.26548968773 -1.30125844543 0.0176167867121 0.966876781066 0.00716283026256 -0.00118977619016 -0.255140291861
1658926441.650314331 2.31155458288 -1.32509301308 0.0147016915515 0.968394844737 0.00948115605341 -0.00150213373934 -0.249237388771
1658926441.751066446 2.35747117538 -1.34975674803 0.0170993479433 0.96856760264 0.00961109914182 -0.00100052882316 -0.248562718106
1658926441.852127552 2.40812718815 -1.37670729606 0.019111619415 0.968354544442 0.00952966860748 -0.000470386071221 -0.249396151559
1658926441.952901840 2.46392652387 -1.40754169991 0.0204644130773 0.967916063536 0.0100418776267 -0.000328786646209 -0.251072791321
1658926442.053743362 2.51824217789 -1.43413113495 0.0135695472118 0.967833603888 0.0109793279104 -0.000776638650361 -0.251350286208
1658926442.154606342 2.56701114103 -1.46163502546 0.0159597037017 0.968014568694 0.0107969802398 -0.0010372866869 -0.250659418433
1658926442.255464554 2.61771474189 -1.48805486699 0.0195506805066 0.968218293133 0.0104351330764 -0.000932999835261 -0.249887123223
1658926442.356379509 2.66741165848 -1.51420990625 0.0204923259787 0.968397497174 0.010621650311 -0.00228643830763 -0.249175119569
1658926442.457176685 2.71822703438 -1.54370071831 0.0225675531002 0.967787427966 0.0108404800493 -0.00266550697589 -0.251521119063
1658926442.557990074 2.76748308472 -1.5746586559 0.0268638367504 0.966222511463 0.00933476706712 -0.00255611509965 -0.257527448521
1658926442.658926010 2.81573185169 -1.60282872088 0.0276603958687 0.9643265474 0.0094019584154 -0.0031558006171 -0.264529684684
1658926442.759745598 2.86403494828 -1.63384913699 0.0317184967488 0.962539061177 0.0088594932905 -0.00251742293477 -0.270986582081
1658926442.860615730 2.90991031918 -1.66608024669 0.0323780830739 0.960793560066 0.00876707465964 -0.0026688189294 -0.277113245342
1658926442.961475849 2.96171125045 -1.69717726307 0.0325146668106 0.959397035171 0.00967925754513 -0.00321068122508 -0.281874674996
1658926443.062325001 3.00842214708 -1.72795879603 0.031662438533 0.958329038048 0.00917206229938 -0.00290840182334 -0.285504587188
1658926443.163190365 3.05890892848 -1.75818231007 0.0286555565489 0.958251220318 0.00902421833261 -0.00293669702738 -0.285770079002
1658926443.264026165 3.11464412191 -1.78734804442 0.0256978002592 0.959121704683 0.0118461747524 -0.00333116811244 -0.282726240501
1658926443.364917755 3.17202508674 -1.82322835003 0.0244586127739 0.961409383137 0.0101505344504 -0.00309210139588 -0.274917084908
1658926443.465746403 3.23132201991 -1.85831420027 0.0272544741975 0.964419601126 0.00909754006689 -0.00381629666993 -0.264192171738
1658926443.566664457 3.28730043935 -1.88900971053 0.0273280783413 0.967460277701 0.00964870882566 -0.00443877577592 -0.252799942166
1658926443.667477369 3.34471628321 -1.91730015996 0.0335202828148 0.970239262597 0.00944772698747 -0.00524947118933 -0.24190691768
1658926443.768831253 3.40534886257 -1.93953321414 0.0287982643406 0.972618614435 0.0113527599152 -0.00687118703579 -0.23202787006
1658926443.869201899 3.46471564275 -1.96061012134 0.032127293462 0.97411837529 0.0114305515908 -0.00688893224604 -0.225644135809
1658926443.970182419 3.51850800815 -1.98219262392 0.0347847819172 0.975177159247 0.01013362582 -0.00461766370182 -0.221145867909
1658926444.070899963 3.56339611851 -1.99790706318 0.0336870582289 0.975404444475 0.0104527212621 -0.00414908108557 -0.220135629652
1658926444.171764612 3.60223830936 -2.01255069614 0.0302174602211 0.975953531826 0.0105528095106 -0.00487790848366 -0.217668435784
1658926444.272625446 3.64308836872 -2.03111226756 0.0273506988703 0.976701844621 0.0113391577311 -0.00401479997002 -0.214263416377
1658926444.373512268 3.68879388484 -2.05538847374 0.0280864293674 0.977355285392 0.0106568366202 -0.00291683350696 -0.211316279618
1658926444.474333763 3.74591156744 -2.07962762611 0.0228775599399 0.978654746772 0.0127650220529 -0.00288160804871 -0.205094215346
1658926444.575195312 3.80816781675 -2.10147072423 0.0239770572465 0.979914168761 0.0107139568112 -0.00138194891039 -0.199126902274
1658926444.676093102 3.88360526009 -2.12082445679 0.024061902557 0.98038989963 0.0111267513767 -0.000791173288131 -0.196751656032
1658926444.776895046 3.95745835777 -2.14198509647 0.0288528993358 0.979961329546 0.0113957329805 -0.00261818002986 -0.198844348668
1658926444.877783537 4.02555974724 -2.1619962363 0.0279489097068 0.978964276566 0.01137461181 -0.00336486963871 -0.20368662466
1658926444.978628635 4.09715909636 -2.1883354892 0.0245854481652 0.977563394738 0.0122121106417 -0.00330924266296 -0.210261081834
1658926445.079509258 4.16548112882 -2.2156660798 0.0258668499628 0.976243590584 0.0110613851548 -0.00447247138009 -0.216347162221
1658926445.180297852 4.22651847929 -2.24843532035 0.0270268914907 0.975116824908 0.0111965246677 -0.00413354010016 -0.221370118723
1658926445.281191111 4.29255256255 -2.28528762425 0.0288994425576 0.974437057331 0.00998055339121 -0.00527939516838 -0.224376776517
1658926445.381901264 4.36372431394 -2.32158913948 0.0327384076555 0.973781828419 0.00945410373196 -0.00496082613957 -0.2272332739
1658926445.482850552 4.43323490384 -2.35260172662 0.0345023411011 0.972347746328 0.00867287167293 -0.00477499263663 -0.233327754355
1658926445.583708286 4.50096173874 -2.38015583365 0.0341435951234 0.970240092919 0.00957159291501 -0.00511748895954 -0.241901546107
1658926445.684628963 4.55965291745 -2.41206380143 0.0350564738735 0.967914239736 0.00868146306301 -0.00474132540628 -0.251085994331
1658926445.785467625 4.61411583063 -2.44127452211 0.0326576308107 0.965688815289 0.00880234126269 -0.00508422662456 -0.25950295076
1658926445.886361599 4.67174037531 -2.46899075219 0.0295576436844 0.962932806854 0.00875984263449 -0.00478785721607 -0.269556582307
1658926445.987163782 4.72071399106 -2.5032540167 0.0246449580217 0.95970367513 0.00854650235028 -0.0051847165879 -0.280836130072
1658926446.088041782 4.77160857175 -2.53986860323 0.0204746592475 0.955438203957 0.00927170853198 -0.00600028221071 -0.294984525787
1658926446.188883781 4.81710277169 -2.57855544062 0.0182256575867 0.95025203775 0.00918733086132 -0.00538547313776 -0.311299942793
1658926446.289768219 4.85646284436 -2.62395362578 0.0188371205434 0.944691311726 0.00881271570794 -0.00585727567261 -0.327790106491
1658926446.390609741 4.89771156439 -2.67053758521 0.014580956191 0.93898191861 0.00918146412265 -0.00641060345124 -0.343784178525
1658926446.491521835 4.94026093581 -2.72250090771 0.0146888061659 0.932769878596 0.00880949973589 -0.00561988160565 -0.360320917002
1658926446.592355728 4.98842315917 -2.77449733534 0.0149767864633 0.926492976902 0.00942992124804 -0.00573403481621 -0.376150184342
1658926446.693150043 5.03712916837 -2.83343161542 0.0206210792146 0.919877031862 0.00847128306949 -0.00587946930107 -0.392071314249
1658926446.793994665 5.08946927974 -2.8902350679 0.0263319586108 0.913169179219 0.00838496731796 -0.00469527730127 -0.407467418107
1658926446.894886255 5.14193321684 -2.94502287446 0.0306785950885 0.908773827806 0.00915936038251 -0.00387126852747 -0.417170527833
1658926446.995763302 5.1969086465 -2.99371675313 0.0367424228175 0.908358380613 0.00738897658071 -0.0027305594409 -0.418118403613
1658926447.096637726 5.25233642224 -3.04441019155 0.0389676071764 0.910510108136 0.00923573060082 -0.00277131765528 -0.413374363091
1658926447.197510958 5.30393226784 -3.09573048683 0.0411343297188 0.912352879889 0.0110375914934 -0.00167776508001 -0.409252463935
1658926447.298354149 5.35997738996 -3.14377902687 0.0437743120703 0.914754438973 0.00952346199434 -0.00117684787628 -0.403896317239
1658926447.399219990 5.41442733745 -3.19586329913 0.0445658947571 0.917404254968 0.00937785395393 -0.000905509207634 -0.39784503123
1658926447.500021219 5.47220538337 -3.24536965146 0.0413807958445 0.9191493952 0.00812195491367 -0.000974210934248 -0.393824166431
1658926447.600902557 5.52123104067 -3.29688663107 0.04059277411 0.920274350908 0.00815620059091 -0.00176759364959 -0.391184701983
1658926447.701779127 5.57154633835 -3.34451944386 0.0416248334403 0.922061732289 0.00664331640713 -0.00152830633816 -0.386982806434
1658926447.802621841 5.62085810981 -3.38700859663 0.0391767872268 0.923789832637 0.0088715545232 -0.000977870446735 -0.382795878252
1658926447.903473854 5.66444736681 -3.43300513372 0.0383255109038 0.924771958541 0.00912644573579 -0.00099127920832 -0.380411027771
1658926448.004354477 5.70773946494 -3.47136854229 0.0371506143711 0.926005861031 0.00808949008839 -0.00022782747611 -0.37742238087
1658926448.105387926 5.75847837383 -3.50881579771 0.0360383234065 0.928980236191 0.00765761797337 -0.000907262310378 -0.370048994767
1658926448.206096172 5.81356948115 -3.54613357428 0.0371468261366 0.933770573917 0.00750613814561 -0.000689724968004 -0.357792813589
1658926448.306993484 5.86516269353 -3.58151652293 0.0381907838596 0.93969673842 0.00704835556598 -0.00141809929145 -0.341933252961
1658926448.407739162 5.9215640734 -3.61713105906 0.0346394235055 0.944898064503 0.00791663516361 -0.00178596931038 -0.327264090454
1658926448.508626938 5.97669399748 -3.65079922056 0.0324193099645 0.94932617602 0.00867654093559 -0.00282131982449 -0.314160101407
1658926448.609519958 6.03349198541 -3.68590928767 0.0320144898126 0.953315923629 0.00763937849373 -0.0025362753883 -0.301867449319
1658926448.710337639 6.08890886606 -3.71473930138 0.032848628398 0.957498231621 0.00740243216272 -0.0024327665998 -0.288333872599
1658926448.811192513 6.14444513341 -3.74182825462 0.0360884232919 0.96217034746 0.00695966058637 -0.00234147890173 -0.272349597155
1658926448.912040234 6.20863714738 -3.77373248276 0.0378709206089 0.966812957035 0.00664291639816 -0.00272195895666 -0.255384354865
1658926449.012835026 6.27623642004 -3.80680242976 0.0385728589592 0.970520191038 0.00668599986384 -0.00233063427217 -0.240915803421
1658926449.113763809 6.34621120762 -3.83749208677 0.0364443468808 0.973688439367 0.00771113648691 -0.00110217262804 -0.227750184706
1658926449.214552164 6.40917693153 -3.86692055837 0.0346162513862 0.975834776722 0.00663770983207 -0.00198094425509 -0.218399874562
1658926449.315476894 6.47383728031 -3.89317379854 0.0352246264384 0.97746577303 0.00703029312329 -0.00258194551651 -0.210961065342
1658926449.416352987 6.53645796825 -3.91941964731 0.0393211576243 0.979038176427 0.00661077804873 -0.000913284916863 -0.203567464547
1658926449.517174721 6.60259102151 -3.94606955932 0.0399123449986 0.98033256637 0.00670674754381 -0.00161513366562 -0.19723202122
1658926449.618066072 6.66950675075 -3.97326847797 0.0414357556495 0.981569686494 0.00633595342004 -0.00283569335857 -0.190978441436
1658926449.718912840 6.73936443557 -3.99651561553 0.0360006935042 0.98263326006 0.00647036706123 -0.00341505035045 -0.185413990855
1658926449.819752932 6.80848951389 -4.01881790281 0.0374703544423 0.983817287406 0.00649162551168 -0.00224732965688 -0.179042881198
1658926449.920606136 6.86747731719 -4.03845750308 0.0427834380994 0.984648363938 0.00561193052542 -0.00320782097667 -0.174429973095
1658926450.021488190 6.92652295918 -4.05958761926 0.0432115580572 0.985435097239 0.00590766236087 -0.00457353967444 -0.169887761154
1658926450.122180223 6.99238303875 -4.07766034756 0.0437654277309 0.986212532348 0.00681883910318 -0.00497467601304 -0.165268257904
1658926450.223212957 7.05890355444 -4.09735802367 0.0447465032391 0.986856258095 0.00608549642876 -0.00460357947607 -0.16142025786
1658926450.325555801 7.1278491453 -4.11908357599 0.0439848679316 0.987360519515 0.00617190410873 -0.00406617083456 -0.158317965997
1658926450.424921989 7.20419706328 -4.14035216307 0.0415407766607 0.988009744576 0.00592503851234 -0.00409980958762 -0.154223312449
1658926450.525757790 7.27879259047 -4.16390447936 0.0393196938534 0.988442058459 0.00598346705678 -0.00321895338637 -0.151446800992
1658926450.626637459 7.35324786999 -4.18422366693 0.0419407173886 0.98830508761 0.00672988320299 -0.00378694696033 -0.152293865633
1658926450.727333069 7.4256134584 -4.20779912298 0.0484651074195 0.988229024562 0.00517205255476 -0.00190147422957 -0.152882403442
1658926450.828418255 7.50068250219 -4.22786460896 0.0475744040426 0.988163728749 0.00654400497564 -0.000761977175005 -0.153261347294
1658926450.929182529 7.57881970108 -4.24712282979 0.045539533899 0.988134406307 0.00738285627779 -0.00263665945128 -0.153391448692
1658926451.030066729 7.64956545673 -4.26668300615 0.04521048832 0.988238300774 0.00671615338722 -0.00214849703259 -0.152759085251
1658926451.130898237 7.72209844293 -4.28750978286 0.0452235308103 0.988393855161 0.00750377445911 -0.00199176002592 -0.151714578536
1658926451.231778145 7.7919534677 -4.30597893015 0.044787355386 0.988550863468 0.00770280604161 -0.0027692369201 -0.1506658171
1658926451.332664967 7.85538135136 -4.32033525597 0.0443734781497 0.988780246506 0.00697014921724 -0.00258263096576 -0.149192396445
1658926451.433474064 7.91786594617 -4.3311420064 0.0422074208725 0.989653542736 0.00781631344568 -0.00353294604606 -0.143221118859
1658926451.534282923 7.9741505939 -4.33146515091 0.0462473728884 0.991059268235 0.00710608638459 -0.00469762269831 -0.133150151044
1658926451.635071516 8.02116610535 -4.33959327189 0.0489014408406 0.992813639464 0.00742080775585 -0.00641121148386 -0.119268207302
1658926451.736072540 8.06960893865 -4.35272113383 0.045027299913 0.993847730566 0.006420734168 -0.00703725961974 -0.110344640102
1658926451.836802721 8.11744703415 -4.36365512005 0.0465952435964 0.994791889695 0.00935691574496 -0.00793506657481 -0.101185863848
1658926451.937707901 8.16790723231 -4.37893579441 0.0482010306408 0.995213675259 0.0110919627733 -0.00798868751711 -0.096762026697
1658926452.038613796 8.21982873382 -4.3910845635 0.0517257664333 0.99546560571 0.00913435367126 -0.00723861175105 -0.0944054761695
1658926452.139480591 8.27841305244 -4.39867375898 0.0538598956667 0.995765217741 0.00943491827769 -0.00878922617334 -0.0910239691419
1658926452.240325451 8.33581322435 -4.40722007846 0.0573023510957 0.996219141192 0.0111642126253 -0.00871768910989 -0.0857133885464
1658926452.341227531 8.39271928729 -4.41027982577 0.0543990389889 0.99657199745 0.0122685854351 -0.00879717710802 -0.0813409207229
1658926452.442054987 8.45130119956 -4.41566507894 0.0495511029385 0.996919518142 0.0141094251596 -0.00925309553788 -0.0765948999039
1658926452.542860270 8.50651262326 -4.42284557475 0.0503548907695 0.997246144385 0.0130077691496 -0.00767876971291 -0.0726082774017
1658926452.643640518 8.56061889663 -4.43269748502 0.054052184133 0.99740837496 0.0130379226648 -0.00745118443431 -0.0703635273656
1658926452.744596481 8.61318010764 -4.43999425271 0.0595630057195 0.997614398895 0.0132427505627 -0.0086042348499 -0.0672019926545
1658926452.845462322 8.66630953977 -4.44249301496 0.0573638910227 0.997779644743 0.0127884950193 -0.00733942107782 -0.0649489632724
1658926452.946322918 8.72413111407 -4.44955763541 0.0612651243295 0.997865920146 0.0108984019215 -0.00524018942209 -0.0641667410832
1658926453.047199726 8.78541174901 -4.4531698178 0.0602443039868 0.997858465415 0.010602020872 -0.00675279040623 -0.0641909649036
1658926453.148034096 8.84942850369 -4.45773891067 0.0579205929176 0.997948377648 0.0108411579562 -0.00660886960917 -0.0627521130079
1658926453.248908043 8.90995584778 -4.46024971737 0.060171605205 0.998159135692 0.01064267497 -0.00651378951191 -0.0593518647591
1658926453.349781990 8.97410208137 -4.46380273345 0.0632411837001 0.998228038735 0.00866383078105 -0.00542648891247 -0.0586197401731
1658926453.450665474 9.04203839746 -4.46407625048 0.0647500691023 0.998470834474 0.0084673213708 -0.00606769568597 -0.0542907012608
1658926453.551501274 9.11121870666 -4.46719554719 0.0608679175278 0.998967794111 0.00786294979812 -0.00706496495272 -0.0441769919812
1658926453.652348042 9.18430059687 -4.46462603239 0.061999209966 0.999395219454 0.00797778864718 -0.00694290335432 -0.0331262179229
1658926453.753216267 9.25905711947 -4.46030701662 0.0717753972152 0.999749325968 0.00656057463854 -0.00769021901932 -0.0199776029179
1658926453.854040623 9.32763211005 -4.45561541721 0.0703907020175 0.999946327401 0.00623879834108 -0.0076021791472 -0.00325984434175
1658926453.954819202 9.39021222951 -4.44713302373 0.0714350439142 0.999879163495 0.00471565844554 -0.00786909297661 0.0125498346511
1658926454.057290316 9.45198025053 -4.43806793809 0.0617556119083 0.999579599001 0.00644605962065 -0.00613234603862 0.0275947079598
1658926454.156540394 9.50188252412 -4.42937028015 0.0749562473511 0.999078063468 0.00490370071496 -0.00852639156818 0.0417884848089
1658926454.257448673 9.55251535196 -4.41985729017 0.0733057177255 0.998355758323 0.00466979745331 -0.008214986513 0.0565374814785
1658926454.361353874 9.59899858805 -4.40799116565 0.0773912443036 0.997368834982 0.00575175333364 -0.0115571696915 0.0713355182869
1658926454.459098577 9.64305394839 -4.39308272927 0.0779566760587 0.99616245194 0.0046342407529 -0.00822624405677 0.0870127695541
1658926454.560061932 9.688806481 -4.37945397949 0.0735405990462 0.994686891711 0.00432630770525 -0.00999914238787 0.102368391958
1658926454.660902739 9.73364337352 -4.36577749139 0.0749448069107 0.993142644117 0.0053608709312 -0.00985722900089 0.116369173473
1658926454.761787415 9.77792317546 -4.3559583675 0.0753690134486 0.991594681579 0.00642738766708 -0.0100232822248 0.128834040396
1658926454.862814188 9.81943510762 -4.34354018048 0.0721779009063 0.990931837084 0.00528550460105 -0.00987441467852 0.133897922425
1658926454.963501930 9.8645113424 -4.32874643021 0.0731636197138 0.989933638204 0.00500133897597 -0.00892826001171 0.141161838805
1658926455.064278603 9.91343739031 -4.31497437604 0.0757471594834 0.988602623904 0.00458525586004 -0.00828913704324 0.150250183513
1658926455.165193796 9.96556837496 -4.29499303404 0.0777221327385 0.986911538364 0.00476619254861 -0.00916288689967 0.160931477205
1658926455.265908957 10.0155378007 -4.27552798328 0.0787497606292 0.98504882906 0.00385357393303 -0.00789685400191 0.172051137838
1658926455.366768360 10.0657660129 -4.25568010497 0.078069365277 0.983003820497 0.00387243487729 -0.00949141530719 0.183298680224
1658926455.467769384 10.1118428927 -4.23345890433 0.0778618572413 0.980879358851 0.00530919665028 -0.00984557867888 0.194295034398
1658926455.568627119 10.1521956403 -4.21057261323 0.0811050454559 0.979147576169 0.00470273521765 -0.0092772104817 0.202883813375
1658926455.669354916 10.1863415769 -4.18690533989 0.0826557568963 0.97730367769 0.00401640267466 -0.00813548492933 0.211648775023
1658926455.770228624 10.2286690604 -4.16589699817 0.0850425611891 0.974806064257 0.00371156949742 -0.00754898881662 0.222895433126
1658926455.871201038 10.2711824914 -4.14216414977 0.0847735320031 0.97133398236 0.00363689342527 -0.00818713312049 0.237550075919
1658926455.972064972 10.3093121085 -4.11615642742 0.0861316875481 0.967241149112 0.00323794203271 -0.00728898195973 0.253734006271
1658926456.072910309 10.3390500108 -4.09238910265 0.0846784765718 0.963483993881 0.00322984633385 -0.00864105752468 0.267606976277
1658926456.173761845 10.3683783494 -4.06746753734 0.0850350216097 0.959358828268 0.00299527800645 -0.00829644057947 0.282051123038
1658926456.274626017 10.393769817 -4.04245285107 0.0867946064398 0.954693553129 0.00154475868832 -0.00478241734968 0.297548251244
1658926456.375543118 10.4149696337 -4.01641283113 0.0883712369162 0.949732969539 0.0027375269655 -0.00738156377398 0.312962146327
1658926456.476323128 10.4329003878 -3.99268131531 0.0869511431402 0.944549821492 0.00291194876354 -0.00785483921542 0.328261262981
1658926456.577197075 10.4563023836 -3.96775904609 0.0878781730658 0.938588693388 0.00146196439682 -0.00595522909853 0.344983568523
1658926456.678103209 10.473193529 -3.94651817682 0.0908177382585 0.931992060521 0.00214858931899 -0.00833874140927 0.362376390073
1658926456.778907299 10.4939814452 -3.91848595876 0.0904815018978 0.924999089422 0.00178211787109 -0.00845734116172 0.37987100706
1658926456.879757404 10.5114029953 -3.89053423894 0.0914764803869 0.917699358476 0.00107036160561 -0.00750462024087 0.397203250809
1658926456.980610847 10.5292718126 -3.86043892626 0.0928734165191 0.909885717273 0.000861577609874 -0.0067488258194 0.414803197357
1658926457.081509113 10.5406664061 -3.83745916437 0.0919833987116 0.902122380029 0.000169825204612 -0.00635109856317 0.431433478253
1658926457.182223558 10.5527398475 -3.81111722127 0.0909170337806 0.893198743903 0.000603246004805 -0.00725890502455 0.449603100838
1658926457.283230066 10.5652225313 -3.78074480651 0.0906279483505 0.883759118359 -0.000547268929114 -0.0063166225674 0.467899157398
1658926457.384046555 10.5794027082 -3.7494020595 0.0940856035337 0.873553759965 -0.000585296257069 -0.00596849874826 0.486690726132
1658926457.484897614 10.5979370743 -3.71521851158 0.0917016194798 0.862270418982 -2.8592505509 -0.00622409962764 0.506409897528
1658926457.585759640 10.612014072 -3.6746271428 0.0921723381756 0.850987334886 -0.000954609352567 -0.00583009455118 0.525152982074
1658926457.686645985 10.6234179438 -3.63189592919 0.093761466335 0.838721870707 -0.00132561758707 -0.00516633769772 0.544533906465
1658926457.787448883 10.6316587095 -3.59170369941 0.0938318937568 0.825728633399 -0.00180831422012 -0.00526553069738 0.564040094471
1658926457.888344765 10.6425342668 -3.54559187697 0.0956662748667 0.813401534174 -0.00192738476552 -0.00531394251969 0.581675159695
1658926457.989206076 10.6488811862 -3.49420783339 0.0965157827492 0.799490880944 -0.00282752227419 -0.00467666845925 0.600653365243
1658926458.090100288 10.6562693528 -3.43945798181 0.0948541588635 0.785576295264 -0.00196452540052 -0.00476672359046 0.618743325867
1658926458.190902233 10.6584926333 -3.3815622163 0.0947821102107 0.770939388636 -0.00236462667466 -0.003643717556 0.636893704564
1658926458.291811466 10.6570417919 -3.31973814073 0.0968316290373 0.757302359457 -0.0029759408389 -0.0043637709554 0.65304305956
1658926458.392640591 10.6527949548 -3.25607436657 0.0957513373792 0.744166791494 -0.00343092497246 -0.00407625032186 0.66797260376
1658926458.493349552 10.6501047687 -3.19386105813 0.098726295791 0.730204682727 -0.00299215984777 -0.00574862220002 0.683197717828
1658926458.594337940 10.6451479146 -3.1335407559 0.0977474481107 0.715988997107 -0.00287563418523 -0.00537818594847 0.698084924537
1658926458.695146561 10.636414221 -3.06755917585 0.0952555875198 0.700025966477 -0.00347413958999 -0.0053238048122 0.714089093681
1658926458.796076298 10.6262275307 -3.00500629124 0.102323856901 0.683537098743 -0.00613572019624 0.000769445095754 0.729889577631
1658926458.896936893 10.6141452874 -2.94437847865 0.103756668174 0.667870289263 -0.00718956734132 -0.000966957381228 0.744242334079
1658926458.997783899 10.5991192231 -2.88513056308 0.0970266213446 0.649413722178 -0.00463970135378 -0.00108288611509 0.760420356103
1658926459.098623753 10.579680813 -2.82770643369 0.0995989587332 0.630545623408 -0.00443450912252 -0.000972133511079 0.77613890953
1658926459.199473381 10.5553302147 -2.77151061183 0.0994788493319 0.613439236975 -0.00578169295811 -0.00118992616217 0.789719860863
1658926459.300383091 10.5351000778 -2.71116943693 0.100054513522 0.596711797493 -0.00257840757662 -0.000623339217831 0.802451240883
1658926459.401259899 10.5098611856 -2.64922873995 0.0991764722917 0.583548210257 -0.00573577350872 0.00206374889291 0.812055618876
1658926459.502105713 10.4823424729 -2.58483050007 0.093166588526 0.571031429278 -0.00499329286687 0.00131481069406 0.820911959394
1658926459.602898598 10.4533206208 -2.52353909288 0.0900253670876 0.559031320478 -0.00493207956433 0.00186487755621 0.82912977244
1658926459.703758001 10.4192033133 -2.45798657227 0.0960234021566 0.549441863451 -0.00307165527805 -0.00185125091441 0.835524252485
1658926459.804641724 10.3874563918 -2.40070560833 0.0957004743979 0.539916692691 -0.00360314403727 -0.00192124913191 0.841708554732
1658926459.905467510 10.3535589879 -2.34252075996 0.0959923616494 0.531347556047 -0.00225433449761 -0.00281985751038 0.847146233576
1658926460.006414413 10.3186731425 -2.28265647964 0.0944388580406 0.521090745483 -0.00199621334649 -0.00499542528563 0.853484326646
1658926460.107202768 10.2828993777 -2.2233968394 0.0990867509236 0.511737147989 -0.00190154640624 -0.00619285708912 0.859117642707
1658926460.208078384 10.2433039479 -2.16648781924 0.100670105823 0.502336494902 -0.00159611416825 -0.00603821276098 0.864649662173
1658926460.308923721 10.2024329067 -2.09901384818 0.101688786091 0.496101256808 -0.00208628309161 -0.00599382820107 0.868241478184
1658926460.409810543 10.1654605418 -2.02840919718 0.103315952115 0.496091995611 -0.00174788884428 -0.00683641615253 0.868241291456
1658926460.510652542 10.128018591 -1.95551518157 0.100621235515 0.498439925692 -0.00298145667359 -0.00729361638023 0.866888432587
1658926460.611517906 10.085319986 -1.88294830068 0.0987777543191 0.500011329958 -0.00439112364354 -0.00727105256919 0.865977205093
1658926460.712384224 10.0398958362 -1.80901282417 0.0965591872746 0.501557464133 -0.00580771158969 -0.00881182614867 0.865059958834
1658926460.813234806 9.98829922406 -1.73179242942 0.0963077769226 0.501127788637 -0.0048091146709 -0.00753103551636 0.865327160891
1658926460.913935900 9.93632526175 -1.65617436713 0.0956442112071 0.501656019186 -0.00532639307214 -0.00721390528575 0.865020709302
1658926461.014945507 9.88813848833 -1.58246343394 0.0976797139885 0.501250435619 -0.00475207374613 -0.0068269110451 0.865262279238
1658926461.115757465 9.84014749273 -1.50892694473 0.0986231486709 0.499683765254 -0.00432036480433 -0.007148769389 0.866167630592
1658926461.216576815 9.79171878329 -1.43927368791 0.0973780237449 0.498791423551 -0.00523483539188 -0.00699942813707 0.866677979584
1658926461.317496300 9.74860601022 -1.35828657101 0.0955941401593 0.499458381704 -0.00588874362448 -0.00692175958389 0.866290215164
1658926461.418342113 9.70073869693 -1.26973342027 0.0934459062107 0.501974405003 -0.0054802768839 -0.0055495447997 0.864847307818
1658926461.519203663 9.65549575009 -1.17636311921 0.0979210798031 0.50703313044 -0.00454997400668 -0.00570919021194 0.861895647697
1658926461.619958639 9.60917476352 -1.08135489116 0.0981200641661 0.513210413649 -0.00481782106963 -0.00500418639546 0.858234710345
1658926461.720905542 9.56304199236 -0.981849366475 0.100231623743 0.520428748011 -0.00488049657802 -0.0053504080771 0.853874388965
1658926461.821766376 9.51787404367 -0.885655624234 0.0994542558632 0.529454449833 -0.00532147067219 -0.00573723212311 0.848302276119
1658926461.922619820 9.47455212582 -0.791453114741 0.100585032802 0.538200815775 -0.00420746857244 -0.0070162303405 0.842776928742
1658926462.023551941 9.43037167872 -0.694042371541 0.101601582321 0.546842744205 -0.00272490605118 -0.00689510665447 0.837202511643
1658926462.124434948 9.38831247275 -0.598297549645 0.104580955115 0.554878484366 -0.0017843566235 -0.00680267327265 0.831901681267
1658926462.225203514 9.34443546521 -0.504976738803 0.104857277553 0.561171236659 -0.00242451432281 -0.00724995845036 0.827664426552
1658926462.326064587 9.3022894442 -0.407401398688 0.102444560873 0.5665177149 -0.00192343122112 -0.00648530133791 0.824021795818
1658926462.426946640 9.26400812765 -0.308755355664 0.102909399784 0.571201931651 -0.00126766814331 -0.00767040807836 0.820772752432
1658926462.527764797 9.22269617633 -0.206402145896 0.0983887673718 0.575640000421 -0.000839089787137 -0.00553194654989 0.817684097565
1658926462.628675461 9.18412576298 -0.103143832566 0.0969205232626 0.581608980233 -0.000765771648166 -0.00684245095588 0.813439357648
1658926462.729586363 9.15183261058 0.0025843305582 0.0927261932565 0.589611640263 -0.00129876630717 -0.0055891890599 0.80766650781
1658926462.830348253 9.12030950727 0.111933502817 0.0920495061926 0.599477941161 -0.000501503394837 -0.00396888018042 0.800381280732
1658926462.931183815 9.0952133499 0.217464301736 0.0965815633948 0.608686280464 -0.00172446043183 -0.0058926750816 0.793387241258
1658926463.032098293 9.06541941387 0.315599577841 0.101702891336 0.616840492284 -0.00251670786118 -0.00689859411416 0.787053926145
1658926463.132905006 9.03812856372 0.412709627532 0.109236221654 0.622828266457 -9.15422315401 -0.00697931534978 0.782327445051
1658926463.233813286 9.01494617417 0.511465944269 0.112942038328 0.629317407447 -0.000182616351182 -0.00697404579595 0.777117063267
1658926463.334616184 8.98913009246 0.61676755745 0.111199279898 0.633286126657 -9.47129072894 -0.00730295535696 0.773883285552
1658926463.435509682 8.95818472154 0.729483003291 0.109200685928 0.634030632899 -0.00159303711923 -0.00670425174974 0.773277228287
1658926463.536350250 8.93343828448 0.839697558795 0.112057492998 0.633709481969 -0.0025024516917 -0.00639729254356 0.773540629085
1658926463.637209892 8.90319965797 0.944224075663 0.106990966094 0.631710296112 -0.003177116128 -0.00427045431422 0.775186281444
1658926463.738032341 8.86762434544 1.04170357579 0.0977128845783 0.622407185711 -0.00351547848577 -0.00473596615268 0.782671391589
1658926463.838943243 8.82811229316 1.14357963466 0.0965870682605 0.6078779883 -0.0034383135878 -0.00564634993174 0.794002926992
1658926463.939756393 8.79527693736 1.23914584422 0.095945239683 0.597150628355 -0.00372290875566 -0.00451615504994 0.802107767915
1658926464.040626526 8.76172970112 1.32855321589 0.0959634375407 0.591133819191 -0.00372432318522 -0.00526517053926 0.806547714152
1658926464.141494751 8.7330584525 1.41859816925 0.098443531288 0.584940412146 -0.00231355416563 -0.00481052969855 0.811058703492
1658926464.242331505 8.6968985934 1.50568985743 0.0998888785053 0.576624108948 -0.0017805095603 -0.00452614530827 0.816995092258
1658926464.343202591 8.66394065186 1.58753293036 0.102696034176 0.566054432832 -0.000485522933507 -0.00442379803175 0.824355853591
1658926464.444070816 8.62674285363 1.67516096352 0.109651707045 0.554854598489 -0.0023510619023 -0.00427104724049 0.831933053316
1658926464.544921398 8.58743874621 1.74267119131 0.102402013261 0.545085904004 -0.00467492681507 -0.00166873150689 0.838365503614
1658926464.645894051 8.55492805011 1.80833393709 0.100578717982 0.535666929492 -0.0064501431357 -0.000482744808511 0.844404585054
1658926464.746657848 8.52557967737 1.86263756862 0.0983098557506 0.526044934842 -0.00558864775833 0.00047745103461 0.850438278527
1658926464.847514391 8.49351506244 1.91249050911 0.093461001843 0.5106190301 -0.00470630063637 -0.000727412121117 0.859793886757
1658926464.948380470 8.45728911033 1.95726472522 0.0956072908172 0.489824932291 -0.00379819862892 -0.00121836359359 0.87181169124
1658926465.049201488 8.43173441477 1.98569542574 0.0981383355255 0.473168057189 -0.00292003126679 -0.00224742221361 0.88096447838
1658926465.150081158 8.40844726014 2.01189797526 0.0983284530251 0.457223901307 -0.00247297808879 -0.00214009447617 0.889345606864
1658926465.250940800 8.38103988703 2.04641913821 0.100809783257 0.438534341081 -0.00278125788186 -0.00347911523767 0.898703394928
1658926465.351621151 8.34314402695 2.08840532383 0.104137680409 0.422043607982 -0.0026427812711 -0.00407057328949 0.906562540094
1658926465.452614307 8.29911543373 2.12570640013 0.108611120175 0.40668083677 -0.00296846701508 -0.00509284513072 0.913551283802
1658926465.553363800 8.25387905419 2.16280810483 0.109242218335 0.394791432467 -0.00251761581929 -0.00529790739599 0.918752044155
1658926465.654571056 8.20100823304 2.2020275713 0.11036160514 0.381207337741 -0.00257154632557 -0.00618999895193 0.924465270691
1658926465.755221844 8.14448661507 2.24383940425 0.112100190444 0.36592000833 -0.00445957203188 -0.00613483401179 0.930615400438
1658926465.856069565 8.09267750511 2.2799077281 0.108783685816 0.35182211451 -0.00470934203403 -0.00525556077706 0.936040277403
1658926465.956794024 8.03831436312 2.31378849743 0.110819619095 0.338695332899 -0.00511785278195 -0.00553759700208 0.940865885275
1658926466.057761908 7.9804471054 2.3508438803 0.108335012711 0.325525255973 -0.0044951941592 -0.00483924847081 0.94551027632
1658926466.158582687 7.92581316423 2.38602611676 0.105645139598 0.316632433294 -0.00404998765071 -0.00425186519931 0.948530137333
1658926466.259479046 7.87059623106 2.42348656871 0.103409561349 0.31385854872 -0.00358053861569 -0.00512800073938 0.949449153324
1658926466.360357761 7.8083548485 2.46389543708 0.100512103173 0.313321998973 -0.0047947502017 -0.00560511829517 0.949618301203
1658926466.461229801 7.73961958907 2.50899518505 0.0990522643923 0.315721271925 -0.00425930809932 -0.00483054388605 0.948830123149
1658926466.562108040 7.67558182556 2.55727375212 0.10243824384 0.320799779516 -0.00383546716698 -0.00475817390604 0.947127314797
1658926466.662778378 7.60560075072 2.60227482414 0.106923235003 0.323349818977 -0.00385081177076 -0.00547187124304 0.946255845129
1658926466.763719082 7.54124035938 2.65143232564 0.104326668761 0.327163950978 -0.00346424041883 -0.00588769185777 0.944942899494
1658926466.867566586 7.48392194174 2.70477009471 0.107469324357 0.329329239181 -0.00356534389594 -0.00613618966981 0.944188481035
1658926466.965499401 7.43185503459 2.75170852364 0.107288059568 0.329528510077 -0.00397860532288 -0.00600566037362 0.944118140801
1658926467.066356659 7.37600039415 2.78914152656 0.105731899617 0.326914580012 -0.00316626463911 -0.00517743043601 0.945034404854
1658926467.167225838 7.32455542177 2.82626859503 0.105565332 0.319748610523 -0.00232260896526 -0.00496086453433 0.947486581108
1658926467.268069744 7.26962616691 2.86083627634 0.10582065317 0.307955504047 -0.00230009418906 -0.00485389207307 0.951385598391
1658926467.368855476 7.21347785384 2.89875522094 0.108892859018 0.295306182575 -0.0030331105555 -0.00478305228196 0.955385880775
1658926467.469898224 7.15820377023 2.92893581718 0.110232376476 0.28828927585 -0.00382025472295 -0.00477630998143 0.957523830485
1658926467.570640564 7.088647421 2.96671753474 0.111004879719 0.284068178372 -0.00342439421783 -0.00507722036623 0.958784525008
1658926467.671497583 7.01851939002 3.00382336581 0.108858527983 0.285872303203 -0.00374461072815 -0.00478165493154 0.958248475046
1658926467.772398472 6.9479370541 3.04489262765 0.110535459675 0.289581429062 -0.00269385192465 -0.00598974371605 0.957130848983
1658926467.873251915 6.88002475261 3.08609700365 0.111431259131 0.289872684174 -0.00365053991989 -0.00633232951802 0.957037304462
1658926467.974054813 6.81608859619 3.12745482641 0.107090390621 0.288288322859 -0.00199632784686 -0.00570610449652 0.957524567805
1658926468.074880600 6.75335728532 3.1661939721 0.108630549804 0.286775205588 -0.0033167704569 -0.00603113052001 0.957973176012
1658926468.175800800 6.69451570865 3.19688629097 0.107136407595 0.286950737687 0.000933626322437 -0.0055399560934 0.957928865506
1658926468.276654243 6.64800881554 3.23004950679 0.107643307003 0.286596098733 -0.00111498279917 -0.00705188088301 0.95802489737
1658926468.377484798 6.59718364136 3.2537220536 0.102427460022 0.28617706449 0.0085883487081 -0.010573379478 0.958079919251
1658926468.478386402 6.53804612754 3.27994157288 0.101891901324 0.287393948995 0.000577417323717 0.000615696291176 0.957812093047
1658926468.579219341 6.48089736564 3.32169047659 0.0991885231466 0.288356053441 -0.00885093113694 -0.00439548146503 0.957472259235
1658926468.680068970 6.42230776578 3.35483890502 0.102871315373 0.290526013425 -0.00877706762609 -0.0030032058643 0.956822125247
1658926468.780904055 6.36256635517 3.393741826 0.105836067657 0.291164852349 -0.00777048074495 -0.00605593569875 0.956622168899
1658926468.881808758 6.30422313548 3.4329796322 0.0999336458628 0.289152630795 -0.0127320469478 -0.00651114444814 0.957176188631
1658926468.982480526 6.24462713176 3.46187541576 0.101040574524 0.290719947369 -0.0162276627963 -0.00508916864597 0.956657031294
1658926469.083528996 6.19356309747 3.49809186642 0.095098821155 0.289200469438 -0.0107777008164 -0.00760963933799 0.957177634001
1658926469.184360504 6.14537584645 3.53040866771 0.0853928098739 0.288199760249 -0.0114401071415 -0.00624354334214 0.957481613561
1658926469.285219908 6.09827041628 3.55888115969 0.0897344854148 0.286280503944 -0.00998312701179 -0.00710321186064 0.95806751047
1658926469.386056423 6.0565127379 3.58304740116 0.0835242120445 0.279525943312 -0.00784029093094 -0.0058923609122 0.96008804645
1658926469.486922264 6.01401381606 3.61074315802 0.0850465158504 0.267891774703 -0.00797742095317 -0.00672584139849 0.963392506126
1658926469.587745667 5.97053946641 3.63085528312 0.0881260363133 0.250890112355 -0.00691436585731 -0.00692291854383 0.967966123511
1658926469.688529015 5.92229466137 3.65398647702 0.088893967231 0.234094867249 -0.00693993221576 -0.0068678724142 0.972164730278
1658926469.789535999 5.87346201468 3.67568797097 0.0899346930553 0.21959119695 -0.00767490959262 -0.00756840302704 0.97553242963
1658926469.890402317 5.82891187022 3.69152409421 0.0922959566617 0.206410581122 -0.00812520187936 -0.00760245847345 0.978402195276
1658926469.991187096 5.78550999926 3.70552070074 0.0936157487058 0.196476830386 -0.00901514509188 -0.00731047700366 0.98043976827
1658926470.092068434 5.73901593635 3.7171903164 0.0910535384967 0.193498209224 -0.0091459837638 -0.00691674149208 0.981033614457
1658926470.192921162 5.68628549994 3.73086569997 0.0887572348975 0.197960017856 -0.0101466733143 -0.00612999507678 0.980138408344
1658926470.293773174 5.63647507302 3.74735516544 0.0891964116576 0.207940215428 -0.0103943510438 -0.0063934157064 0.978065411161
1658926470.394522429 5.58846120785 3.77374824738 0.0880959208646 0.225498562168 -0.0102378779795 -0.00607864033894 0.974170741937
1658926470.495510578 5.55770769071 3.79759884688 0.091808097147 0.246823189609 -0.0103051303714 -0.00563912305552 0.968989327934
1658926470.596351624 5.53517431252 3.82247517975 0.091731075821 0.270868441214 -0.0105666470218 -0.00534996231947 0.962543511447
1658926470.697211266 5.52124879153 3.84235745579 0.0996641064253 0.295856716587 -0.00981304378267 -0.00582820320394 0.955164142684
1658926470.798091173 5.51014572814 3.86233752872 0.102107076135 0.322665782831 -0.00931146042651 -0.00598045324984 0.946448267722
1658926470.899021864 5.49941785877 3.885913819 0.102451753705 0.35149505461 -0.00942218026952 -0.0065474164721 0.936119426377
1658926470.999796391 5.48991145365 3.91791488204 0.106907535413 0.381097818132 -0.00919901667137 -0.00694598822567 0.924462862615
1658926471.100673437 5.48219094111 3.94323857494 0.107728424683 0.410660519626 -0.00978711379454 -0.00704378976729 0.911708580112
1658926471.201503038 5.47391703311 3.97014286416 0.104577485232 0.437477807492 -0.00945596012899 -0.00737289918397 0.899149260761
1658926471.302377939 5.45969112867 4.00520579214 0.10936591388 0.463141001487 -0.00930054046917 -0.00744253903574 0.886204559513
1658926471.403213978 5.44216151331 4.04278887283 0.108775667213 0.487185021249 -0.00888206150208 -0.0069487760997 0.873225960771
1658926471.504117250 5.4259923945 4.08107547716 0.115041929641 0.511026725512 -0.00761799864893 -0.00763931969165 0.85949711617
1658926471.604931831 5.41172582175 4.12877483446 0.121730420732 0.533360138457 -0.00585757581374 -0.00765916306852 0.845833310252
1658926471.705780029 5.39996999051 4.17462607633 0.121733906318 0.556802612554 -0.0042794841138 -0.00707938647624 0.830603647328
1658926471.806633234 5.39098705394 4.22191575986 0.12440675655 0.580096308553 -0.00430672603147 -0.00618829292593 0.814513001704
1658926471.907384396 5.39212278443 4.26090640384 0.121003682302 0.606056589739 -0.00488847094987 -0.00576597011719 0.795385608667
1658926472.008352757 5.39191464845 4.28740130933 0.124306453211 0.630447070983 -0.00395723969166 -0.00555518101496 0.776202274479
1658926472.109231472 5.39546614586 4.30997342348 0.118974862453 0.65334742249 -0.00343404418661 -0.00559702963284 0.757029739261
1658926472.210015059 5.40160761227 4.32841173377 0.118983024702 0.67237948749 -0.00288708946069 -0.00590672939959 0.74017741121
1658926472.310927868 5.40694658986 4.35266941596 0.118479853892 0.693620023616 -0.00243859560748 -0.00532924297859 0.720317232377
1658926472.411727190 5.41711997372 4.38095117574 0.11673241835 0.71466217318 -0.00283351522241 -0.00517990023069 0.699444864197
1658926472.512665749 5.42812177466 4.40671292831 0.116912053141 0.737114108096 -0.00170842565968 -0.00532846811766 0.675745129731
1658926472.613485336 5.44207866022 4.43096420173 0.118053035904 0.759337955561 -0.00289972131103 -0.00618598604975 0.650660583128
1658926472.714237690 5.45883375512 4.44817477625 0.120352192633 0.779842095106 -0.00150901988715 -0.00547881821075 0.625950486948
1658926472.815221548 5.4782047826 4.46637355372 0.119201881908 0.798598301965 -0.00177968703314 -0.00614158122267 0.601830429433
1658926472.916068554 5.49461098898 4.48913813186 0.117253284322 0.816013914253 -0.00159365892787 -0.0053696345719 0.578005120237
1658926473.016950130 5.51311375316 4.51462012631 0.112858668529 0.83342884368 -0.00135268227126 -0.00358222171369 0.552613518166
1658926473.117798805 5.52792693704 4.54115290268 0.114356361562 0.849296785992 1.30186468873 -0.00284566466075 0.527908014077
1658926473.218626738 5.55001981301 4.56909423423 0.116435755819 0.863507307515 0.000343685534947 -0.00418975587159 0.504318805612
1658926473.319469452 5.57066370982 4.60120201695 0.114787183313 0.875624988869 0.00081083679389 -0.003623618769 0.482977319135
1658926473.420400858 5.59932079066 4.62450570968 0.112895147094 0.888323123471 0.00100054219077 -0.00439667566124 0.45919679492
1658926473.521207571 5.62524659916 4.64234931076 0.109406794949 0.899703799327 0.0016814507804 -0.00366460426597 0.436482321377
1658926473.622067690 5.64892358112 4.66792410161 0.105405255071 0.907821183662 0.00167132991494 -0.00519187530794 0.419322011803
1658926473.722982645 5.67027187466 4.69149630677 0.106261462974 0.913304320681 0.00161589661885 -0.00443121618038 0.407250501567
1658926473.823771954 5.69628362065 4.71757121288 0.105920602263 0.916860646046 0.00207919342213 -0.00522184850099 0.399167840619
1658926473.924639702 5.71909397979 4.74544943438 0.10345904482 0.919754641718 0.002132715735 -0.00612328779562 0.392440257758
1658926474.025495529 5.74847408745 4.7734949562 0.104041751525 0.924140760041 0.00198044040086 -0.00517993300849 0.382011913141
1658926474.126319170 5.77713790683 4.80371411017 0.105451948217 0.930274928882 0.00297620185955 -0.00512922787562 0.366815198619
1658926474.227225542 5.81297147233 4.81918771197 0.105063913107 0.937402391453 0.00291622104366 -0.00512723095897 0.348198167221
1658926474.327960968 5.84112568921 4.85557453497 0.106862694537 0.945043519222 0.00312803290757 -0.00515420602347 0.32688896639
1658926474.428942204 5.88122474865 4.87550446856 0.10405669826 0.953010840743 0.00219830603733 -0.00694802815015 0.302848526135
1658926474.529689312 5.9256587984 4.88448842715 0.104476606493 0.960657839895 0.00336669465724 -0.00477593617369 0.277673135988
1658926474.630643606 5.9691811188 4.88342928885 0.110620481494 0.968673549214 0.00401279922181 -0.00549986329854 0.248244242629
1658926474.731479168 5.99652048366 4.89220710068 0.112308254283 0.976968631355 0.00364264039155 -0.00512374186464 0.213290346214
1658926474.832356453 6.01707606618 4.87881362974 0.117051611689 0.982873342466 0.00323791972871 -0.00515821106468 0.184181707571
1658926474.933224201 6.02649442863 4.87425903772 0.12009073531 0.987373662559 0.00365157276294 -0.0048759980011 0.158291317337
1658926475.033967018 6.03097976293 4.86754588368 0.124322148706 0.9903299287 0.00445468833174 -0.00493747130235 0.138572758688
1658926475.134915352 6.02978660536 4.85658905924 0.12757173167 0.993230592283 0.00440675700574 -0.00536733911632 0.11595155332
1658926475.235804081 6.02808659566 4.84263924408 0.126823050778 0.996323747808 0.00488511051952 -0.00552585888038 0.08534981038
1658926475.336622238 6.03446459621 4.83143669008 0.126438036406 0.998295175522 0.0053847951464 -0.0057123089858 0.0578369781087
1658926475.437524319 6.02890814826 4.81914641532 0.125803052617 0.999559522242 0.00552373348727 -0.00542648122494 0.0286496625716
1658926475.538378239 6.02463154914 4.80963169056 0.12451715864 0.999967207759 0.00612893812125 -0.00491409490473 0.00196753525239
1658926475.639250278 6.02890343975 4.80531811739 0.121438847608 0.999712572378 0.00601234505532 -0.00413282965924 -0.0228373390549
1658926475.740083694 6.03206893294 4.79850587976 0.121572640325 0.99873434084 0.00614362155272 -0.00403643448621 -0.0497562009948
1658926475.840815783 6.03252151594 4.81047498936 0.115817732026 0.997866337285 0.00577410202678 -0.00293824347439 -0.0649676795294
1658926475.942064285 6.0306445256 4.8295710794 0.112154392731 0.997619425321 0.00535251315596 -0.00290434522227 -0.0686905932769
1658926476.042654991 6.02788330321 4.83718637072 0.110396006592 0.997725786304 0.00529934322973 -0.00304915501375 -0.0671258143934
1658926476.143464565 6.02925043441 4.8389375261 0.109130936692 0.997150521421 0.00574775519408 -0.00341123198904 -0.0751409637685
1658926476.244301319 6.0288479387 4.8398582552 0.10551731361 0.996260479865 0.00552263308494 -0.004262307184 -0.0861184621295
1658926476.346607685 6.02200381686 4.83126382687 0.108706940052 0.995193675318 0.00582507948608 -0.00381415601263 -0.0976783971481
1658926476.446068287 6.02318130852 4.82561527735 0.110813285715 0.993877150082 0.00599509309894 -0.00382350485842 -0.110261735041
1658926476.546920776 6.01670214008 4.8257213146 0.110555496295 0.992471935008 0.00589046986918 -0.00304239054656 -0.122292699885
1658926476.647808552 6.01434304522 4.82534507014 0.114161067883 0.990818337813 0.00611370638999 -0.0030335842214 -0.135027557981
1658926476.748637199 6.01225632003 4.82769836831 0.11115130405 0.988665523407 0.00590123022129 -0.00340831388619 -0.149980137697
1658926476.849494934 6.01127603105 4.82578325292 0.111742676192 0.986509436582 0.006244527506 -0.00320873264632 -0.16355378762
1658926476.950369358 6.00863118236 4.82452895763 0.109665750093 0.984317846969 0.00612812177305 -0.0032852985588 -0.176266925642
1658926477.051222801 6.01147563159 4.82115325754 0.111726385649 0.982031569479 0.0060728894444 -0.00300391739675 -0.188595050413
1658926477.152080297 6.01626907117 4.81325743315 0.116477207695 0.979308424212 0.00692066446826 -0.00351573593014 -0.202224514517
1658926477.252963066 6.01638567286 4.80982811766 0.115220737848 0.976420631473 0.00674788525287 -0.00347555811519 -0.215743219994
1658926477.353775501 6.01621688297 4.80855254066 0.112920674376 0.973238181913 0.00638008156445 -0.00351195545688 -0.229683264506
1658926477.454668045 6.01387002928 4.80776321847 0.112233060267 0.97028247717 0.00644822598915 -0.00341468456394 -0.241864992937
1658926477.555471182 6.01489887656 4.80325411761 0.110861377316 0.967293997525 0.00677161489965 -0.00440199349788 -0.2535292686
1658926477.656400204 6.01949888015 4.79535147184 0.10700986731 0.96356063631 0.00602235528023 -0.00417470047861 -0.267389609496
1658926477.757231236 6.02056306874 4.78933995656 0.104559415649 0.959104201736 0.00587012006619 -0.003581814843 -0.282969684782
1658926477.858077526 6.01721436324 4.78895363899 0.10397912668 0.954437047144 0.00594096381717 -0.00412796768538 -0.298324635039
1658926477.958858967 6.01588363041 4.78662050278 0.102576791022 0.949804253397 0.00577142650748 -0.00388914818731 -0.312767398223
1658926478.059792519 6.01327685016 4.78479293071 0.102425559528 0.944269387395 0.00552504805705 -0.00352881037922 -0.329108409752
1658926478.160693645 6.01020137525 4.77898869633 0.102977112802 0.93888509086 0.0059612981838 -0.00336435103484 -0.34416265083
1658926478.261516094 6.00768195924 4.77771640783 0.101268812657 0.932549857057 0.0059081817984 -0.00336275069692 -0.360977214513
1658926478.362331390 6.00590712286 4.77737294136 0.101492980416 0.926041675491 0.00627017670297 -0.00334724393022 -0.377354337586
1658926478.463203430 5.99865763667 4.77677999495 0.0989682317331 0.920104151801 0.00532112366921 -0.00239409852004 -0.391630315188
1658926478.564014912 5.99433720676 4.77094841251 0.103750110821 0.91266106416 0.00641933063899 -0.00306609792654 -0.408655323228
1658926478.664949894 5.99162504994 4.77081374192 0.108790077564 0.905505783714 0.00671187400739 -0.00271707427807 -0.424272134266
1658926478.765763760 5.98897932783 4.76821710153 0.105897243676 0.899126382645 0.00661655623823 -0.00263707413836 -0.437631140409
1658926478.866643429 5.98872579908 4.76164396925 0.107729923591 0.891262376671 0.00786108805475 -0.00387878401511 -0.453403279939
1658926478.967517853 5.98139680281 4.76187837476 0.106854587411 0.884399978225 0.00821644822526 -0.00343390229196 -0.466644807975
1658926479.068244696 5.97605634311 4.76058727831 0.103164680198 0.878839567945 0.00704138538036 -0.00193063239564 -0.477061532052
1658926479.169257164 5.97357392387 4.7561475096 0.102954566911 0.8743532296 0.00732360951316 -0.00209127637977 -0.485230276462
1658926479.270128727 5.97106274391 4.75398624792 0.101353587628 0.871465717708 0.00681847599952 -0.00145243552376 -0.490406873601
1658926479.370918274 5.96897189511 4.75066749837 0.103485708821 0.868249036623 0.00717114648846 -0.00168456410814 -0.496073933306
1658926479.471779823 5.96569668695 4.75014571583 0.103017792934 0.863718894345 0.00705074397696 -0.00183435519612 -0.503921217754
1658926479.572691917 5.96304786049 4.74870800727 0.103094829753 0.858813973357 0.00785181454377 -0.00188371807878 -0.51222393519
1658926479.673498631 5.95872268607 4.74694393093 0.104734006278 0.852516267308 0.00773838101381 -0.00191936046417 -0.522639883179
1658926479.774343967 5.95575578325 4.74563869879 0.0987349930169 0.845597534785 0.00726842158697 -0.000949193305411 -0.533770623251
1658926479.875206709 5.95524805648 4.73914504497 0.0979769296945 0.839504916562 0.00727006057201 -0.00138113576643 -0.543301696805
1658926479.976155758 5.95239012733 4.73797200329 0.0963869603587 0.833518331778 0.00763107218622 -0.00126010567502 -0.552437661153
1658926480.076942444 5.94869035267 4.73560622151 0.102419060983 0.826110095479 0.00773655816364 -0.00101218682274 -0.563454728699
1658926480.177826881 5.9471897398 4.73366126005 0.101401296985 0.819513453978 0.00780114039638 -0.00108299029199 -0.573005818547
1658926480.278631687 5.94733119968 4.7349699874 0.107603662836 0.813481817242 0.00809904227557 -0.000455027891971 -0.581533775013
1658926480.380168200 5.94839746986 4.72964676811 0.107857195595 0.807821869692 0.00879812414516 -0.000914997081211 -0.589360316477
1658926480.480370522 5.94505004207 4.72458804152 0.106449581227 0.79987513272 0.00864173161274 -0.000736907080112 -0.600103782273
1658926480.581204414 5.94704808607 4.7175142151 0.105245480358 0.791029692886 0.00709492088487 0.000439798488328 -0.611736457674
1658926480.682006121 5.94346848751 4.7140835143 0.103197456923 0.782240122419 0.00847340655085 -0.000597322745974 -0.622919124337
1658926480.783000946 5.94212575723 4.71078826536 0.106450209674 0.773613880234 0.00930539649018 -0.000579885132385 -0.63358869753
1658926480.883813381 5.93937540433 4.71133075749 0.106251111515 0.766554979423 0.00861842652802 -0.000381281020473 -0.642120736988
1658926480.984664440 5.93796306458 4.70449270871 0.103781987748 0.757232698259 0.00926868359134 -0.000738550568203 -0.653079004971
1658926481.085511684 5.93486839245 4.7073778821 0.0999614460513 0.748124155025 0.00844004307999 -0.000624083797613 -0.663504803946
1658926481.186211109 5.93083867238 4.70950371516 0.100380163672 0.740135726403 0.00891219906593 -0.000160685998827 -0.672398433512
1658926481.287202358 5.9254145249 4.70794912668 0.104324235434 0.730866683973 0.00871777296742 0.000263428219425 -0.682464520175
1658926481.387942314 5.92620859793 4.69774732293 0.102965157219 0.721177903122 0.00910432642536 0.000119834950156 -0.692690067006
1658926481.488820553 5.92140217367 4.69334434316 0.103114517688 0.712675521996 0.00831289364685 0.000857154315952 -0.701444054386
1658926481.589808464 5.90994039696 4.69821394703 0.102408122172 0.701802357699 0.0091896741179 0.000155490743226 -0.712312414914
1658926481.690639973 5.89553671197 4.70527480219 0.101770389496 0.689951519969 0.00883149815247 0.0007432109056 -0.723801321061
1658926481.791502476 5.88695056784 4.70612989185 0.100485019094 0.680845385181 0.00903988016223 0.00013510562903 -0.732371370133
1658926481.892351627 5.88062672908 4.69911454479 0.0980236169046 0.671077148914 0.00781972711526 0.00142617650279 -0.741344911694
1658926481.993155003 5.87585822185 4.6923861971 0.0973518255708 0.659813236326 0.00825086185347 0.00108424033196 -0.751383551105
1658926482.093987465 5.87267703137 4.68606906865 0.094914841975 0.64813159327 0.00854848327432 0.000561156169423 -0.761480168056
1658926482.194918633 5.86810338024 4.67604553895 0.0952572382621 0.636382752369 0.00940038624594 0.000814441614075 -0.771315734256
1658926482.295721531 5.86233848432 4.66024311499 0.0962038864357 0.623761856906 0.00911155891197 0.00102258120018 -0.781560669233
1658926482.396658897 5.85058229774 4.64897902837 0.101285546315 0.613456086212 0.00904133612618 0.00149774828851 -0.789675655748
1658926482.497499466 5.84704270503 4.63231541439 0.0984854591836 0.602168910424 0.00952079849867 0.00130014938028 -0.798310883883
1658926482.598383665 5.83884258132 4.62364639266 0.0937413369333 0.591927287423 0.0095473526699 0.000429478517602 -0.805934705798
1658926482.699195385 5.83205311459 4.61451793708 0.0937412645492 0.580837651378 0.00994873574046 0.00070103759409 -0.813958324452
1658926482.800083637 5.82908101029 4.60403374907 0.0919513445283 0.571648168877 0.00962523510575 0.000985232573584 -0.820441804874
1658926482.900924683 5.82798747726 4.59535730075 0.0907959871739 0.569506073722 0.00940763641733 0.000799177827087 -0.82193289853
1658926483.001854658 5.8279787318 4.58529859945 0.0925900167839 0.572272569852 0.0100277059251 0.000132009649951 -0.82000215456
1658926483.102640629 5.83073686239 4.56964053041 0.0950811996891 0.578653643096 0.00860749594921 0.000306647882292 -0.815527913877
1658926483.203498840 5.82540641819 4.55534573929 0.0960423160514 0.58643740039 0.00973247507244 0.000836077941258 -0.809935648879
1658926483.304450989 5.82437824321 4.53529903029 0.0980698186177 0.592043967784 0.0108328791172 0.000692673608825 -0.805832556517
1658926483.405257225 5.82198545298 4.50861259684 0.0984953388384 0.594196656538 0.0108996409338 0.000625570105102 -0.804245696195
1658926483.506083488 5.80646657082 4.48579114217 0.100661220699 0.595702594015 0.0109774087494 0.000604714287511 -0.803129846476
1658926483.606829882 5.79554132461 4.45984374847 0.10420851875 0.595812225281 0.0113658511863 0.000993428903838 -0.803042727837
1658926483.707782745 5.78553631516 4.43468819025 0.10623082316 0.596298778966 0.0112382450443 0.000364924377655 -0.802683832454
1658926483.808681488 5.77979958186 4.40491066089 0.110491231277 0.598145271739 0.0115184892611 0.000232490353925 -0.801304875968
1658926483.909502506 5.77430876772 4.38238347271 0.110948891163 0.600458279539 0.0116419216733 -0.000534613947051 -0.799571156546
1658926484.010379314 5.76815564494 4.35888864414 0.112479130428 0.603262821952 0.0118095363507 -0.00142161022749 -0.797453748832
1658926484.111245632 5.76395271043 4.33059323026 0.118262206703 0.606791777443 0.0110443878536 -0.00130501752489 -0.794783025268
1658926484.211979866 5.75684057722 4.30133440789 0.123048156612 0.612245989593 0.0105456612403 -0.00129635112377 -0.790595950362
1658926484.313009977 5.75069892572 4.27271724298 0.11871376455 0.618324724416 0.010637371289 -0.00220483249254 -0.785847644408
1658926484.413693190 5.73980172708 4.24497943208 0.118340119616 0.622561067314 0.0108617971761 -0.00217281532364 -0.782492822779
1658926484.514664650 5.73401527593 4.20992749754 0.115720991172 0.627211974295 0.0110353427031 -0.00239770315578 -0.77876672472
1658926484.615499020 5.73101874965 4.17794330502 0.114315792094 0.632957102054 0.0111744824547 -0.00233920525029 -0.774102684416
1658926484.716359138 5.7286194502 4.14406118401 0.112655147851 0.638540388529 0.010399082782 -0.00226105374752 -0.769514729508
1658926484.817211151 5.72674250016 4.10567914386 0.113369363196 0.646970022516 0.0101371566377 -0.00189478887386 -0.762445694981
1658926484.918092012 5.72909847872 4.07743843948 0.113109291403 0.654929076084 0.0100324725807 -0.00176099559346 -0.755621700117
1658926485.018929482 5.72868074093 4.04490967707 0.105882821588 0.666539208327 0.0100528676149 -0.00200788698452 -0.745399484843
1658926485.119827509 5.73141616283 4.01187469871 0.105217408189 0.678716879436 0.0106907986051 -0.00226198646957 -0.734318723587
1658926485.221179962 5.73498612783 3.97971333937 0.104257049685 0.690975408789 0.0110215330324 -0.00236463839882 -0.722790369847
1658926485.321502924 5.73916179074 3.94978344425 0.101336111503 0.703130123472 0.010543901672 -0.00258680267621 -0.710978314758
1658926485.422355652 5.74292055285 3.92321205333 0.0985073383968 0.714096638 0.01052418107 -0.00294659401491 -0.699961820954
1658926485.523112297 5.74899729547 3.89104762925 0.0984465241577 0.725101668593 0.0101592262804 -0.00283479059511 -0.688561053421
1658926485.624072075 5.75796796388 3.85877504513 0.0993182750002 0.736116412494 0.0102933285308 -0.0025087643873 -0.676772030115
1658926485.724919319 5.76796569411 3.82726936436 0.0991067903889 0.747932697764 0.0102254047686 -0.00281074510943 -0.663689852585
1658926485.825785398 5.77465140918 3.7944730951 0.0938356705357 0.759758084743 0.00998983223461 -0.00352143947907 -0.650119570067
1658926485.926624775 5.78314163239 3.77189724489 0.0925957783907 0.770393916354 0.0108145549582 -0.00329332040448 -0.637467970243
1658926486.027500153 5.78785081885 3.75604290117 0.092443746898 0.779189184802 0.0102604952014 -0.00283857358275 -0.626698395582
1658926486.128386497 5.79763872639 3.75328596455 0.091225961342 0.78835613796 0.00988429854649 -0.00433476832578 -0.615124467215
1658926486.229224205 5.80781255801 3.75066994531 0.0917418931841 0.800075656677 0.0098194058844 -0.00417147111686 -0.599804236139
1658926486.330070972 5.81653607825 3.74804618255 0.0957619351347 0.814436219164 0.00998094858873 -0.00391181084716 -0.580154051364
1658926486.430932760 5.82096553467 3.74834346188 0.105199449252 0.827049226345 0.0102666860247 -0.0043023604947 -0.56201927196
1658926486.531760931 5.82664768545 3.74582309234 0.103724820387 0.838890962176 0.00962904882954 -0.00399129731707 -0.544199691789
1658926486.632657766 5.83867751191 3.74307913134 0.104867491998 0.85174962239 0.00976130048359 -0.00474965539936 -0.523836557091
1658926486.733505011 5.85001486086 3.73665968756 0.103633712849 0.865130505354 0.00977097455933 -0.00462911944099 -0.501430262364
1658926486.834378004 5.86170927387 3.72678619282 0.101605037855 0.876755944508 0.00854795831771 -0.00375474669538 -0.480844931402
1658926486.935229301 5.87507024865 3.71585491503 0.101951608049 0.88670686713 0.00880578601699 -0.00380808481309 -0.462232504705
1658926487.036087513 5.89512055024 3.70072636226 0.0953084246752 0.897043124207 0.00874538853339 -0.00425704366835 -0.441835975303
1658926487.136916161 5.91708224996 3.68536101106 0.0949617723191 0.907688464281 0.00840995998473 -0.00438218605496 -0.41953750825
1658926487.237796783 5.94680110087 3.66816731211 0.0905478926979 0.917553723086 0.0085778376454 -0.0043645070887 -0.397495329569
1658926487.338644505 5.97034071972 3.65290826041 0.0909638027757 0.925462154006 0.00909250737552 -0.00312490917178 -0.378718051795
1658926487.439518929 5.99135722386 3.64065384784 0.0895942119164 0.933328031803 0.00827715016584 -0.00267359293112 -0.358919386126
1658926487.540395737 6.01704258322 3.62717194932 0.0892349803767 0.94237292221 0.00990785108708 -0.00295909205263 -0.334404476265
1658926487.641238451 6.05088141666 3.61513665889 0.0914528038727 0.951487500313 0.00830826439491 -0.00227598267358 -0.307566788508
1658926487.741974592 6.08604851423 3.60376608726 0.0887366959016 0.959701534402 0.00831592325739 -0.00253948230086 -0.280886741084
1658926487.842792034 6.11736544353 3.58815797144 0.0875857180278 0.965466789527 0.0081537445234 -0.00256586534994 -0.260385888837
1658926487.943784237 6.14697453599 3.57312194196 0.0831619586883 0.967992314581 0.00746412402132 -0.00124574741615 -0.250865728782
1658926488.044521809 6.17445305696 3.55851832525 0.0881664670491 0.967370156062 0.00850766597067 -0.00316200708728 -0.253204665226
1658926488.145507336 6.20709252181 3.53947005301 0.0903873929457 0.966126565009 0.00782802115617 -0.00313291365767 -0.257930935175
1658926488.246335506 6.24419026734 3.52010818896 0.0968765274612 0.965392460735 0.00912531448669 -0.00447710631827 -0.260603301802
1658926488.347215652 6.28437414716 3.49505224571 0.0948557133389 0.964025266317 0.00792105154819 -0.00450380563399 -0.265654396875
1658926488.448065996 6.32049377811 3.47072361748 0.0970785141735 0.96077410884 0.0078532769232 -0.00415279583015 -0.277189812424
1658926488.548952579 6.35891425694 3.44845377052 0.0939632722396 0.957491469533 0.00772504127804 -0.00435037439728 -0.288325308899
1658926488.649847984 6.40096530164 3.4216444168 0.0984610597294 0.95523458544 0.00840123753613 -0.00408452233465 -0.295701915221
1658926488.750848293 6.44308351777 3.39801061693 0.101257821996 0.95324351155 0.00774575710678 -0.00862281512971 -0.301980890113
1658926488.851531744 6.48257408795 3.37340346468 0.09569465924 0.952321136989 0.00922054148398 -0.00662631852569 -0.304886086205
1658926488.952365398 6.52217781735 3.35025974771 0.0963061183331 0.952467102273 0.0109525906964 -0.00627618227988 -0.304379811059
1658926489.053233862 6.55541089454 3.32725054605 0.0991491258209 0.953591135847 0.0070974385676 -0.0128322230244 -0.300747246125
1658926489.153973818 6.59145191524 3.29740780253 0.101727697837 0.95423366784 0.00575532266177 -0.00790180241638 -0.29890223308
1658926489.254979134 6.63486333112 3.2627526512 0.102567197906 0.955415668932 0.00954730984925 -0.00300309437232 -0.295094442269
1658926489.356084347 6.67571859193 3.23369294642 0.104938567133 0.955864327669 0.0140108719343 0.00162903493072 -0.293469638637
1658926489.456659079 6.7200081054 3.21060402983 0.0975311578438 0.954908723784 0.00774124093094 0.003807420813 -0.296774166627
1658926489.557511806 6.76379244681 3.18116437384 0.098423822351 0.953672598927 0.00997833302901 0.0027393748676 -0.300668426596
1658926489.658357859 6.80428732337 3.16148039505 0.102793429895 0.953581198974 0.00935572357671 0.00216459006624 -0.300982859893
1658926489.759218693 6.84325344159 3.13506836118 0.100613553022 0.95413429495 0.00986387483862 0.00404520047675 -0.29918904981
1658926489.860107899 6.88418955928 3.10958660848 0.108235411473 0.953520993846 0.0115305962464 0.0066095764799 -0.301033342245
1658926489.960964918 6.92775156397 3.08342574311 0.0986405616732 0.953364286493 0.00701089124338 0.0072813873209 -0.301652724242
1658926490.061758280 6.96327653391 3.06271983144 0.0982420800225 0.953720809055 0.00888317429405 0.00367621493736 -0.300539836018
1658926490.162657261 6.99864353713 3.04007970876 0.0989975748283 0.954155235922 0.00760850337293 0.00178834123913 -0.299210123951
1658926490.263545513 7.03950171697 3.0195710838 0.0965244640427 0.954839042982 0.00669855867672 0.00272134588004 -0.297035562829
1658926490.364388466 7.07658195684 2.99538391685 0.0953022453251 0.955379629929 0.00572110834867 0.00328008590179 -0.295307081989
1658926490.465237141 7.11870343177 2.96986619396 0.0920709723211 0.956070663371 0.00590157761335 0.00238183100836 -0.293067202028
1658926490.566087246 7.16167032666 2.93757314658 0.088774872717 0.956403889439 0.00659869819979 -6.14903902958 -0.291972693358
1658926490.666946411 7.21555042901 2.90467441062 0.0892889727865 0.956658805633 0.00602119135454 -0.000244134771727 -0.291148785429
1658926490.767791986 7.27141447028 2.86619513511 0.0920763435753 0.955688827276 0.00574313062827 0.000581014822862 -0.294322177711
1658926490.868531227 7.33063272938 2.82913256323 0.0948339523699 0.953718243632 0.00525849180099 0.000325113559162 -0.30065554099
1658926490.969533205 7.39352015211 2.79270734699 0.10091996243 0.951660164954 0.00581295649776 0.00135697425826 -0.307094934177
1658926491.070391893 7.45537573441 2.75068047867 0.104199572536 0.949597536443 0.00655677618996 0.00173573507703 -0.313398332303
1658926491.171226978 7.51856013729 2.7088807839 0.102926899946 0.947186714005 0.00650349522464 0.00117809842531 -0.32061448103
1658926491.272075653 7.57579764682 2.66661225665 0.0992648565368 0.945567139318 0.0069725657423 0.00134405697472 -0.325349599476
1658926491.372932196 7.62825161312 2.61833208185 0.0988445415929 0.944643439324 0.00635802243129 0.00273210680296 -0.328025736315
1658926491.473779202 7.68004873296 2.57348691919 0.0972685256697 0.94401961138 0.00632834117509 0.00159104645723 -0.329824792881
1658926491.574696064 7.72669077045 2.53536600767 0.0961116879433 0.942496500182 0.00629306341219 0.00233143309655 -0.334148632973
1658926491.675477028 7.76519573766 2.50141778751 0.0961678343776 0.940478635359 0.00701447705673 0.00107172885461 -0.339778729385
1658926491.776393414 7.80551977558 2.46382412718 0.0973100245261 0.939131924875 0.00695766307499 0.000902633560936 -0.34348508535
1658926491.877230167 7.8549237221 2.42565965264 0.0949228243809 0.937949527763 0.00689589067831 0.000583680027927 -0.346702739214
1658926491.978055000 7.90686333432 2.38530580437 0.0935904070737 0.935708538393 0.00594959924917 0.000128837838096 -0.352723853529
1658926492.078927040 7.95748129121 2.34815593773 0.0948616634863 0.932537408303 0.00643941366372 1.13208912594 -0.361015949701
1658926492.179824114 8.00295978597 2.30556693397 0.0964194195859 0.928980976995 0.00638256579878 0.000230232641372 -0.370072363502
1658926492.280647516 8.0441609915 2.26264768607 0.0958770882132 0.924713081394 0.00658672391148 7.31120133142 -0.380607845575
1658926492.381382942 8.09305699557 2.21819177423 0.0957094355381 0.920279609044 0.00659840229683 0.00060842287214 -0.391205230138
1658926492.482340336 8.13871616363 2.17258544566 0.0963527785641 0.915888053607 0.0067544013742 0.000415769277912 -0.401376728845
1658926492.583236933 8.1738591614 2.1308668375 0.0938902417726 0.911778077468 0.00699127590574 0.000798735921848 -0.410622967613
1658926492.684098959 8.20622797165 2.09131397135 0.0942531445869 0.908007415868 0.00702515045651 -0.000280774277808 -0.418895095645
1658926492.784948349 8.24122382292 2.04044597744 0.093460543194 0.905993320114 0.00639704027272 0.00069705642169 -0.42324306952
1658926492.887119532 8.28367701253 1.98530706486 0.092436264669 0.90442822492 0.00756455227666 0.000994763549247 -0.426557585751
1658926492.986603260 8.32674332677 1.93553220764 0.0962827529197 0.901989671401 0.00809943046643 0.000480554600798 -0.431681365106
1658926493.087790489 8.36148909978 1.87909248005 0.0950973673958 0.898574770076 0.00768308906857 0.000512594104388 -0.438752880301
1658926493.188399792 8.39620696862 1.82606890906 0.0974503302411 0.89441763045 0.007995405678 0.00110278951847 -0.447159881568
1658926493.289222002 8.4366728524 1.76899262069 0.0914468880124 0.889522055139 0.00704853443732 0.00167327121421 -0.456834796997
1658926493.390008450 8.4705507712 1.71228299445 0.0932808054693 0.885217656126 0.00675142129724 -0.000407743431372 -0.46512788923
1658926493.491038561 8.5051257765 1.65370635735 0.090496349487 0.879749798566 0.00530734559021 -0.00194597339883 -0.475403341588
1658926493.591813564 8.53721330266 1.59781696015 0.08968071938 0.874472311609 0.00464962608932 -0.00290053614947 -0.48504447641
1658926493.692656994 8.57031038452 1.53709253348 0.0920656985461 0.869480357913 0.00470643480679 -0.00378194032313 -0.493930616182
1658926493.793513536 8.6077267152 1.48044285676 0.0909120141109 0.86559712445 0.00321580197146 -0.00318612954124 -0.500720606068
1658926493.894371986 8.6430469486 1.41589114892 0.0881533527225 0.86071394238 0.00210866361615 -0.00100778988423 -0.509083536652
1658926493.995207787 8.67946256881 1.34533018569 0.0868638517119 0.855084487861 0.00395072868069 0.000776691244381 -0.518473053411
1658926494.096077442 8.71529588341 1.27762999134 0.0890068105752 0.848878571164 0.00555461558489 0.00342650393893 -0.52854761066
1658926494.196937561 8.75209353155 1.21743361369 0.0910857226532 0.842149205142 0.00681298886523 0.00598847622134 -0.539168283205
1658926494.297787666 8.78927699493 1.14498661411 0.0930498671523 0.836712207635 0.00767810638383 0.00501823745991 -0.547566019371
1658926494.398657322 8.82081602656 1.07685984708 0.0934605375689 0.831348341625 0.00811788745845 0.00494998907584 -0.555670345069
1658926494.499514103 8.84377202883 1.01408158663 0.0962708726207 0.826094270875 0.0081166529668 0.00426526944338 -0.56345734803
1658926494.600359678 8.86479621918 0.954774951579 0.0984903408859 0.819500055155 0.00785799745608 0.00291538075447 -0.57301781127
1658926494.701243877 8.88793656733 0.900091057333 0.098887186563 0.814414763274 0.00845895131566 0.000980011128612 -0.580220715833
1658926494.802083015 8.91361238764 0.833093938795 0.0982114630455 0.810156327684 0.00872686121908 -0.000198594653464 -0.586148895049
1658926494.902821541 8.93350814133 0.769437695776 0.100846040324 0.805955868431 0.00800242984178 -0.000599907579274 -0.591921227334
1658926495.003796577 8.95315710201 0.698805327441 0.100550065983 0.802087255794 0.008361604433 -0.00132661472807 -0.597146847733
1658926495.104676962 8.97465867158 0.621846270085 0.0932286036826 0.799005228633 0.00802409026862 -0.000146310965809 -0.601270519139
1658926495.205584049 8.99653729447 0.548493034669 0.0902562629588 0.795002622173 0.00785295725076 0.000250189941354 -0.606555108135
1658926495.307011127 9.01937502607 0.471536303956 0.0910377630548 0.791585248124 0.00804073290145 0.0003283724037 -0.611005755896
1658926495.407213926 9.03781865577 0.391448774314 0.0870107296689 0.787801161141 0.00778016075578 0.00194383706576 -0.61587744
1658926495.508101463 9.05723995557 0.310390320464 0.0853590931013 0.784162151369 0.00759707300472 0.00244427193654 -0.62050465782
1658926495.608961582 9.07965818329 0.220955325501 0.0806150049486 0.779974127825 0.00776802068062 0.00215583845875 -0.625759834233
1658926495.709796667 9.10032638745 0.134711788982 0.0810585496262 0.775058623194 0.00792361741345 0.00347421548114 -0.631830101156
1658926495.810703754 9.11549472762 0.0467767843934 0.0840794029625 0.771472713729 0.00785114307053 0.00283403925585 -0.636207654579
1658926495.911462784 9.1315217696 -0.0307136202219 0.0833340174115 0.769621665281 0.00865690444691 0.0017816842034 -0.638439015049
1658926496.012241840 9.14872857424 -0.108723223395 0.0822533415517 0.770551283436 0.00763818985207 0.00215003158519 -0.637328608345
1658926496.113266945 9.17282945495 -0.187392332625 0.0815997831138 0.773004259004 0.00923237265705 0.00121848759843 -0.634332479181
1658926496.213984728 9.20392219959 -0.266327232594 0.0792935754125 0.780596413441 0.00854766128286 0.0012725479121 -0.62497564547
1658926496.314899445 9.24212734462 -0.333553986167 0.0760927036939 0.790296055903 0.00857245137178 0.00174187722292 -0.612662731824
1658926496.416112900 9.27744700124 -0.406866016357 0.0751081717039 0.801049077706 0.00829968228845 0.00133929458715 -0.598539636674
1658926496.516546726 9.30436426895 -0.488380412194 0.072476345525 0.809931624303 0.00871569767423 0.00238008516003 -0.586454717571
1658926496.617431402 9.32438208919 -0.569734777099 0.0747187215311 0.812271045385 0.00869765646724 0.00275379337884 -0.583208810139
1658926496.718379974 9.33742071497 -0.652229223239 0.0781012615731 0.810829030551 0.00800721294173 0.00240163844393 -0.585223376062
1658926496.819304466 9.3536500422 -0.7307810004 0.0763649385404 0.808859723553 0.00780793156744 0.00254331659015 -0.587944313144
1658926496.920101881 9.37776638292 -0.805591130112 0.0784976480237 0.809061629904 0.00871488728451 0.00174283361069 -0.58765661086
1658926497.020945549 9.40548195543 -0.882288255638 0.0818843335079 0.80952648683 0.00827735185832 0.00108779858154 -0.587023993769
1658926497.121803999 9.43261550959 -0.957105401421 0.0811868645751 0.809188391967 0.00912609437841 0.000388109430213 -0.587478263494
1658926497.222653389 9.45161121345 -1.02179466083 0.0807693261887 0.808703206503 0.00736913048236 0.000724706112703 -0.5881702938
1658926497.323532820 9.47323392988 -1.07889331533 0.0844784741141 0.808462728049 0.00728293066967 -0.000735312111964 -0.588501856915
1658926497.424705505 9.49621836523 -1.14525291831 0.0825682209275 0.808734625496 0.00712462630731 -0.00109460327674 -0.588129532558
1658926497.525256395 9.51865329491 -1.20915963771 0.0848485717115 0.809303188869 0.00704873104457 -0.000639252126261 -0.587348495558
1658926497.626065969 9.54920830779 -1.27489611831 0.0838211043331 0.809442640158 0.00709406721514 -0.0014936582552 -0.587154200777
1658926497.726944208 9.57981468674 -1.34583667801 0.0816298492145 0.809771813515 0.00749853650904 -0.00105152495143 -0.586696068065
1658926497.827795744 9.6089500718 -1.42458275145 0.0778081016114 0.810696588599 0.00658782673226 -0.00168475172566 -0.585427026524
1658926497.928658724 9.6422293943 -1.50429602263 0.0779193664362 0.812210167928 0.00650876750878 -0.00125841755885 -0.58332726273
1658926498.029582977 9.66933054791 -1.58577888648 0.0790577815203 0.812022815032 0.00825521792217 -0.00112488542345 -0.583566220644
1658926498.130396366 9.70216046611 -1.66922777048 0.0792136602057 0.810958794453 0.0083541972738 -0.000628925540895 -0.585043285185
1658926498.231245041 9.7339794715 -1.75564412367 0.0796747471181 0.811422187966 0.00899417084124 -0.000114848388886 -0.584391242727
1658926498.332067490 9.76346290695 -1.84812983051 0.0789859464981 0.811401179594 0.00892479087717 0.00126215146514 -0.58442012357
1658926498.432935238 9.79310955196 -1.93631428044 0.0796175920375 0.809545652511 0.00883765386293 0.00134692521485 -0.586988856936
1658926498.533796310 9.81708953106 -2.01478795436 0.0797577488948 0.807662583786 0.00697012813684 0.00157974883316 -0.589601621825
1658926498.634648323 9.84344756113 -2.08771338458 0.0794591746774 0.807872758796 0.00757413413245 0.00179674976429 -0.589305531773
1658926498.735524654 9.86939714153 -2.15732347371 0.0800808222617 0.80940959447 0.00515707776199 0.0011618344062 -0.587220710695
1658926498.836349964 9.89319729396 -2.22275976725 0.0785738467579 0.807671152859 0.00562596703174 -0.000462981465148 -0.589606176173
1658926498.937239885 9.91070031912 -2.27651421086 0.0795439270976 0.804417800835 0.00385301854263 6.18446781463 -0.59405147262
1658926499.038119793 9.92620399138 -2.32804267291 0.0812763709202 0.798966593956 0.00345382214602 0.000927694435097 -0.60136477469
1658926499.138948917 9.93931502576 -2.38323328256 0.0816752548033 0.794898275623 0.0041541097629 0.00134560538633 -0.606727009559
1658926499.239619732 9.95052446793 -2.42223379426 0.0831339685684 0.791107008255 0.00473618518109 0.00133287390555 -0.611657987348
1658926499.340640545 9.96191314672 -2.46230701149 0.0795759722403 0.78911623877 0.0044531183389 0.000898609323987 -0.614227094768
1658926499.441430569 9.97204966094 -2.50590590168 0.0769591436017 0.787680658465 0.00282503517797 0.00128966834537 -0.616075917571
1658926499.544459820 9.98070308861 -2.54440979159 0.0784295273992 0.785984292443 0.00300054474756 0.00270438552919 -0.618233269133
1658926499.643107891 9.99298894734 -2.58052242382 0.0756546141594 0.786248190932 0.00430348634745 0.00346873831104 -0.617886098011
1658926499.749013901 10.0048034433 -2.61730704915 0.0735373134668 0.78551728789 0.00228839279486 0.00281437009518 -0.618829082223
1658926499.844934940 10.0136423034 -2.64895768081 0.0740184816496 0.785073205089 0.00258255124811 0.0022301161078 -0.619393590265
1658926499.945783138 10.0220533756 -2.68374860344 0.0756685568743 0.784789887975 0.0025791367297 0.00263347033092 -0.619750953706
1658926500.046645641 10.0303099827 -2.71461407644 0.0745354558469 0.784011232609 0.00495721772105 0.00256733458741 -0.62072153332
1658926500.147495031 10.0396455272 -2.74246827971 0.0767270756317 0.785842736321 0.0051085590285 0.00181062071295 -0.618402634251
1658926500.248399734 10.0473800706 -2.77688734253 0.0757624001021 0.789360302323 0.00592632940261 0.00146195525989 -0.613899873288
1658926500.349271774 10.056896318 -2.8159801772 0.0755626024668 0.795193329459 0.00554965680647 0.00144622457145 -0.606328853452
1658926500.450091362 10.0691791198 -2.85629787394 0.0749713066381 0.802784240759 0.0046743419917 0.000805433937221 -0.596250756471
1658926500.550928116 10.0826063275 -2.89564895534 0.0744682355072 0.812591582473 0.00423317639119 -5.51501053228 -0.582818151116
1658926500.651808500 10.0965306152 -2.94099888807 0.0760423202371 0.821839708824 0.00433858559248 -0.000550986661071 -0.569701997617
1658926500.752636433 10.1155050619 -2.9782049729 0.0720677811078 0.831436457102 0.00537061820512 -0.000839134710018 -0.555593259601
1658926500.853504419 10.1371633963 -3.01321690297 0.0707838194627 0.838513178241 0.00546039799283 -0.00203699713789 -0.544850148768
1658926500.954460144 10.1633045325 -3.05481203813 0.0704610818088 0.844509691599 0.00591209688423 -0.00194265321064 -0.535504112033
1658926501.055261135 10.1926512239 -3.10061951544 0.0710956156209 0.8492986349 0.00528167522264 -0.00154860202331 -0.52788401614
1658926501.156087875 10.2241773441 -3.1472966593 0.0728147199082 0.851672762045 0.00596809186599 -0.0018411179265 -0.524036733975
1658926501.256900311 10.2516049811 -3.19824796079 0.0736667983533 0.851901687699 0.00551814377259 -0.00167472419399 -0.523669991392
1658926501.357779503 10.2813999139 -3.25139658526 0.0722489227926 0.85083309962 0.00608789389449 -0.00193978167957 -0.525397193926
1658926501.458684444 10.304769149 -3.30781199716 0.0687664253092 0.849885876601 0.00562134169183 -0.00143680808136 -0.526934846878
1658926501.559562683 10.3303261818 -3.36000680638 0.0698370483534 0.848991302534 0.00610706052829 -0.00164412332063 -0.528368970409
1658926501.660454750 10.3546728704 -3.41301710499 0.0703199258317 0.849454760707 0.00611166962009 -0.00207202192169 -0.527621989432
1658926501.761258602 10.3770481247 -3.45828623547 0.0687603426175 0.849219403761 0.00518771088724 -0.0024445902326 -0.528009011202
1658926501.862086296 10.4003602147 -3.50509502626 0.068440152259 0.849912489862 0.00603712884612 -0.0019523249837 -0.526885662244
1658926501.962934017 10.4219961695 -3.55640070074 0.0712794448056 0.85224580119 0.00457872287328 -0.00199329436304 -0.52311772712
1658926502.063823700 10.4482678532 -3.60843987396 0.0688773637973 0.854002022015 0.00620605268343 -0.00190869388596 -0.520229168917
1658926502.164672375 10.4759579402 -3.6580502148 0.0671542901252 0.854565802846 0.00614673797735 -0.00199062429396 -0.519302940135
1658926502.265549183 10.503522611 -3.70829513932 0.0695379639073 0.854832274904 0.0057161066261 -0.002192077248 -0.518868290326
1658926502.366399050 10.5308812796 -3.75905305344 0.0705408392048 0.854871938942 0.00583731445429 -0.00174733113591 -0.518803277364
1658926502.467219353 10.5635893814 -3.80833798863 0.0706503350182 0.854485333638 0.0065135625528 -0.00163025011941 -0.519432122982
1658926502.568098545 10.5894095246 -3.86538815494 0.0702976630701 0.855266714386 0.0061125063795 -0.00122166793869 -0.518150549605
1658926502.668950558 10.6183659928 -3.92128159858 0.0699780917025 0.85523462717 0.00586000411469 -0.00187377689791 -0.518204478755
1658926502.769805908 10.6494132068 -3.96801089507 0.0695059329804 0.854992272427 0.00779562788197 -0.00190917610868 -0.518578631764
1658926502.870627403 10.6772511092 -4.01639319856 0.0645723461768 0.855304034564 0.00594638452591 -0.00318390009623 -0.518082533724
1658926502.971534252 10.7020091245 -4.06538196302 0.0661117606707 0.855492313605 0.00701016899805 -0.00398041127581 -0.517752754913
1658926503.072291374 10.7293079504 -4.11300094792 0.0639260057302 0.85538404089 0.00872004769787 -0.00238377220695 -0.517915457375
1658926503.173231125 10.7546629174 -4.15922848782 0.0667663212442 0.855241727575 0.0069849581126 -0.00365117300928 -0.518169341731
1658926503.274134159 10.7786871325 -4.20061421934 0.0661203484704 0.854394737237 0.00921356324685 -0.00444367736004 -0.519523817514
1658926503.375035286 10.8023817945 -4.24239300525 0.0617218155431 0.854470489373 0.00834593457011 -0.00334025379806 -0.519422150925
1658926503.475821733 10.8221559425 -4.29016378757 0.063644836313 0.854320808187 0.008360136485 -0.00326816171342 -0.519668532754
1658926503.576688766 10.8431622447 -4.34178588571 0.064897063409 0.85587099631 0.00709493594031 -0.00357993730488 -0.517128304783
1658926503.677564383 10.8691024717 -4.39442505441 0.0651982254652 0.859510231783 0.0093275811022 -0.00380566999836 -0.51101925068
1658926503.778403282 10.8930826171 -4.44090685516 0.0659256081447 0.86476792581 0.00862129026222 -0.00562684718992 -0.502066177346
1658926503.879231215 10.9217379909 -4.48326612474 0.0667260247074 0.869752212617 0.00787160417531 -0.00357681682497 -0.493412943564
1658926503.980091572 10.9490993704 -4.51796393361 0.0642396163849 0.874417536263 0.00797648270913 -0.00270874014933 -0.485101031463
1658926504.080928564 10.9756581211 -4.55281477441 0.0653433262564 0.876688987136 0.00619787911665 -0.00367665115825 -0.481003626145
1658926504.181680679 11.0019004146 -4.58525096741 0.0662597094013 0.878429244451 0.0064401982817 -0.00362932624675 -0.477815251253
1658926504.282681465 11.0270328254 -4.62353021974 0.0689379128878 0.878954073559 0.00706946229912 -0.00311991220748 -0.476843816595
1658926504.383528709 11.052416545 -4.65709166611 0.0728349308784 0.87706985218 0.00570854577121 -0.00319087137797 -0.480318337398
1658926504.484396935 11.0800406063 -4.69509458765 0.0702084185215 0.872672314568 0.00513270555539 -0.00302652693646 -0.488269932368
1658926504.585098505 11.108692837 -4.74070726158 0.0683360026298 0.866409436764 0.00562028410569 -0.00388225146177 -0.499287520789
1658926504.686127186 11.1367904987 -4.79012416464 0.0712260174676 0.856087935507 0.00559945447546 -0.00322223458919 -0.516789812199
1658926504.786896229 11.1640523775 -4.84593472117 0.0686141873964 0.842945754131 0.00718334591173 -0.00316631803306 -0.537941288212
1658926504.887799025 11.193408471 -4.91079985777 0.0674729179488 0.827231055889 0.0066925461612 -0.00287321622272 -0.561814679968
1658926504.988654137 11.2192103187 -4.97472667131 0.0682954806158 0.809796242078 0.00841927251663 -0.00356471396017 -0.586639970494
1658926505.089514256 11.2357787782 -5.03524060806 0.0697837011108 0.789324203683 0.00746159287245 -0.00210592751847 -0.613927675855
1658926505.190256596 11.2406549073 -5.09787758453 0.0662713488349 0.765121737696 0.01119823897 -0.00223170618314 -0.643784393595
1658926505.291193485 11.2367306571 -5.15743519225 0.0660447899503 0.738098887317 0.0104433344845 -0.00159932121799 -0.674609821658
1658926505.392062187 11.2225936748 -5.21417768645 0.068221085277 0.705976915965 0.0123227300788 -0.000944774057197 -0.708127002627
1658926505.492947340 11.2001959009 -5.26772558352 0.0659541993875 0.674793700077 0.0118075811218 2.44736423892 -0.73791194784
1658926505.593873501 11.1718491154 -5.31442715884 0.0643982739968 0.640936452344 0.0124384747164 0.00220167756925 -0.767490000599
1658926505.694693565 11.1414926695 -5.3651112693 0.058196864223 0.606355166074 0.0130637960471 0.00178907504387 -0.795084617521
1658926505.795511246 11.1097000187 -5.41612048947 0.055192017354 0.572284627838 0.0114649973126 0.00312489079861 -0.819968958945
1658926505.896366835 11.0745777311 -5.46723520163 0.0543242811072 0.534963458986 0.0118738253267 0.00371658988306 -0.844783579848
1658926505.997226238 11.0383920507 -5.5088254431 0.0541183517673 0.496432991426 0.0111335869524 0.00473214073156 -0.867990745981
1658926506.098098278 11.0064301999 -5.54644352231 0.0533458775474 0.457741630088 0.0117914601039 0.00429585197003 -0.888996685713
1658926506.199013472 10.9696238965 -5.580851716 0.0556047460895 0.419395648171 0.0124742593714 0.00465899084729 -0.907705886812
1658926506.299812794 10.9331776956 -5.61628952018 0.0563958601232 0.381095430319 0.0133275205371 0.00489788521122 -0.924426666051
1658926506.400682688 10.8917253321 -5.64202820915 0.0534660373272 0.340145360756 0.0130804794788 0.00503258818355 -0.940268423201
1658926506.501471043 10.8463427318 -5.66873648686 0.0528281887322 0.30156204193 0.0125832988512 0.00547050870478 -0.953347821622
1658926506.602397442 10.799648565 -5.68496679871 0.0524603718196 0.263619254211 0.0129743247898 0.00569351969426 -0.964522752214
1658926506.703227282 10.7497137217 -5.69557227064 0.048002318586 0.225333140849 0.0142167120743 0.00710415219086 -0.974152139942
1658926506.804121017 10.6961092484 -5.6972416747 0.0412884398258 0.185755800043 0.0127949360641 0.00771666462901 -0.982482328313
1658926506.904936552 10.6430539959 -5.70564022154 0.0389129168636 0.143494733574 0.0119719172109 0.00723707698257 -0.989552201428
1658926507.005799770 10.5872457121 -5.71077353166 0.0369863427983 0.0948907840984 0.0130122043513 0.00723078165549 -0.995376379782
1658926507.106541157 10.5342682266 -5.70992887857 0.038057676213 0.0447724147522 0.00986517714432 0.00615051008633 -0.998929567278
1658926507.207566738 10.499621579 -5.69714784661 0.0390813875367 0.00306978111169 0.0108941352791 0.00640204325343 -0.999915450477
1658926507.308397293 10.4593670936 -5.6859309015 0.0443484287427 -0.0148639656023 0.00917411695316 0.0040374750569 -0.999839285535
1658926507.409244061 10.4269150058 -5.67627979055 0.0452421602866 -0.0112593608034 0.00993672247485 0.00523141517937 -0.999873552323
1658926507.510082245 10.3875239692 -5.66887135833 0.047372803115 -0.00270817466703 0.00990822225015 0.00606686389186 -0.99992884051
1658926507.610853195 10.3380553129 -5.6595884658 0.0430711461005 -0.000216734602486 0.0151428031385 0.00724155688755 -0.999859094269
1658926507.711803436 10.2922182285 -5.65978040235 0.037209388751 -0.00266918049857 0.0154672846939 0.00665136730058 -0.999854688389
1658926507.812667847 10.2473098394 -5.65551611833 0.0372445319321 -0.0155449492448 0.0157749114504 0.00492334613861 -0.999742600565
1658926507.913569212 10.2087106829 -5.65134279026 0.0376529232132 -0.0343601248719 0.0138492933346 0.00485377891699 -0.999301766096
1658926508.014427185 10.1686355802 -5.65662447193 0.0378377457313 -0.0648042638301 0.0118508878104 0.00665587306909 -0.997805423518
1658926508.115254402 10.1331173213 -5.65751221999 0.0362232261813 -0.101069837404 0.0127656434887 0.00908892416945 -0.994755908638
1658926508.216053009 10.1017009161 -5.64281557653 0.0358097979503 -0.136943173314 0.0126578793976 0.00876827060355 -0.990459218142
1658926508.316969633 10.0724388081 -5.62529988329 0.0409341382119 -0.168862517942 0.00902537935743 0.00909954735549 -0.985556284947
1658926508.417822361 10.0527328999 -5.60538531023 0.0444430288834 -0.188234825491 0.00933476824574 0.00965512420049 -0.982032225108
1658926508.518682957 10.0238842492 -5.58974071982 0.0447841749502 -0.198431058706 0.00772441299549 0.00988721299753 -0.980034535822
1658926508.619532585 9.99700863023 -5.57914501957 0.0462428876821 -0.197215337296 0.00764272172399 0.0093204756586 -0.980286095114
1658926508.720389843 9.96542526985 -5.56917283177 0.0513564685661 -0.191680060679 0.00727551459711 0.00849191708949 -0.981393758167
1658926508.821250677 9.92857006577 -5.555536493 0.046825366008 -0.187907191633 0.00789225539378 0.00977134803413 -0.982106471007
1658926508.922093391 9.8809183342 -5.53878929014 0.0446948877359 -0.183936789738 0.00693839333748 0.0101435303904 -0.982861243956
1658926509.023001432 9.83004473738 -5.51512802384 0.0434963590888 -0.182713923302 0.00675630496477 0.0108649426502 -0.98308286914
1658926509.123795033 9.77794092034 -5.4941966343 0.0391158697447 -0.183867517081 0.00750104788521 0.0114518659583 -0.982855699077
1658926509.224649429 9.72708520786 -5.46989929107 0.0391344986722 -0.183318627379 0.00564052530387 0.0113979413653 -0.982971287608
1658926509.325505733 9.68700515511 -5.4492837158 0.0371605928292 -0.18588889931 0.00726344316889 0.0116349931204 -0.982475030951
1658926509.426376820 9.64771395144 -5.43424124141 0.0340925286645 -0.186584125397 0.00550032163115 0.0128900326019 -0.982339023795
1658926509.527263165 9.60466867539 -5.4179709418 0.030074214868 -0.186895572173 0.00574681582244 0.0129085873575 -0.982278162021
1658926509.628090143 9.56081920972 -5.39923430045 0.0286600477372 -0.188583804936 0.00736845315711 0.0124513089175 -0.981950517755
1658926509.728854179 9.52302503681 -5.38345457688 0.0304374728956 -0.188426855946 0.00676240683666 0.0123646205545 -0.981986102738
1658926509.829825878 9.48156978109 -5.36851470644 0.0305252120358 -0.189728796428 0.00811869073394 0.0131039656917 -0.981715517219
1658926509.930695772 9.44888854099 -5.35793275436 0.0325960976757 -0.190671761526 0.00828801787145 0.0130621922571 -0.981531949174
1658926510.031436205 9.41785085254 -5.34745302764 0.0339183161081 -0.190583894815 0.00752500869043 0.013258936175 -0.981552522228
1658926510.132399559 9.38496958261 -5.33829586525 0.0373176118998 -0.189374469424 0.00630526420167 0.0119106342476 -0.98181245193
1658926510.233304501 9.35068174986 -5.32628745935 0.0416865572323 -0.189786291111 0.00682183851774 0.00999879352113 -0.981750808685
1658926510.334036350 9.31213207176 -5.3101167229 0.0449344521098 -0.189683235086 0.00760680265482 0.0106931744175 -0.981757639594
1658926510.434944153 9.27276413413 -5.29376192288 0.0422173194169 -0.188668167447 0.00751704890135 0.0132716017829 -0.981922441517
1658926510.535727262 9.23865698601 -5.27972953092 0.0411406809214 -0.190598505569 0.00912031952733 0.0127777023618 -0.981542540988
1658926510.636596203 9.21981721094 -5.2609626461 0.0441479999621 -0.195994355625 0.0115004903286 0.0113262514628 -0.980472165496
1658926510.737547159 9.22107809769 -5.25302740411 0.0525371677647 -0.204655361784 0.00962688224745 0.0106508518447 -0.978728800734
1658926510.838387489 9.22342632274 -5.26507753487 0.0524672476146 -0.202893799295 0.00732923446159 0.0107237788117 -0.979114594467
1658926510.939164639 9.21634871277 -5.26228450084 0.0492467924695 -0.20244411281 0.00852428627886 0.0116238531871 -0.979187726521
1658926511.040134430 9.21133036533 -5.26138635865 0.0481651321293 -0.203982656194 0.00773716968031 0.0107715936514 -0.978884663761
1658926511.140929222 9.212670199 -5.26153612724 0.0452481901517 -0.203451361744 0.00828723963498 0.0111409637868 -0.978986590301
1658926511.241818428 9.21351379774 -5.26085465703 0.0420987713591 -0.203687086086 0.00879340799455 0.0132340355425 -0.978907098371
1658926511.343073845 9.21412629985 -5.259702612 0.0426158917488 -0.203931010992 0.00834844959396 0.0117679434699 -0.978878931049
1658926511.443406105 9.2176359004 -5.26138042746 0.0407940947641 -0.203031273297 0.00833207706225 0.0115236857718 -0.979068987978
1658926511.544394255 9.2180537769 -5.26049900886 0.0364850589683 -0.203028693766 0.00798858940822 0.0135257554288 -0.979046774106
1658926511.645246983 9.21731103312 -5.26144331572 0.033870435207 -0.203529234023 0.0089715253174 0.0136726703352 -0.978932286074
1658926511.746112823 9.21815553967 -5.26509173899 0.038579040495 -0.202795851725 0.00912329163684 0.0127456293477 -0.979095581139
1658926511.846971512 9.22123586153 -5.26468985124 0.0423468971359 -0.202699778207 0.00834376731063 0.0122418958823 -0.979128856406
1658926511.947816849 9.22465670269 -5.26607942517 0.043163109483 -0.203051073624 0.00844792864575 0.0117956301518 -0.979060650374
1658926512.048602343 9.22693660414 -5.26785173361 0.0449629081397 -0.201548348586 0.00786982574415 0.0111743330596 -0.979383205546
1658926512.149519205 9.22401049473 -5.2693570576 0.0436624146733 -0.202711940208 0.00875460559873 0.0114421274811 -0.979132424086
1658926512.250443459 9.22318895183 -5.26849304447 0.0443910603805 -0.20244623062 0.0085110084393 0.0109641738515 -0.979195012924
