1659182219.216314077 0.0142948628085 -0.00304324436886 0.000457942737777 0.999997296983 0.000330178703915 -6.86155822075 0.00230049987769
1659182219.317206383 0.0280260068732 0.00238051158213 0.00399269509578 0.999988957088 0.000982287349729 -0.000190676112519 0.00459178137061
1659182219.418035746 0.0654700371 0.00736073159326 0.0088174520303 0.999983888408 0.00140620445707 -0.00102912086099 0.00540244613243
1659182219.518777847 0.117695807901 0.019855727843 0.0237738917798 0.999991114181 0.00243017132897 -0.00188509156469 0.00288309843049
1659182219.619756937 0.175124265832 0.0345581653886 0.0176729528479 0.99993379969 0.000681835455328 -0.00142038225278 -0.0113979757797
1659182219.720590115 0.237720195156 0.0419751795869 0.0137253919643 0.999385668509 -0.00018608978793 -0.00236849559073 -0.0349662863108
1659182219.821471214 0.30367130431 0.0449358681882 0.0134219244539 0.997850410064 0.000253756205488 -0.00253745184751 -0.0654832503858
1659182219.922353745 0.368211450103 0.032761295348 0.00869052032535 0.994575765588 -0.000253884698853 -0.00222409773294 -0.103990554558
1659182220.023193121 0.43517148423 0.00286805222756 0.00838261976341 0.989318676777 -7.18420260075 -0.00297979557861 -0.145738366389
1659182220.124016285 0.502491138179 -0.0308628547302 0.00412918661404 0.982073933748 -0.00153317879108 -0.00405977197639 -0.188446162779
1659182220.224783659 0.566017494298 -0.0768012291359 0.00428586246755 0.97309023824 -0.00167641332816 -0.00437053709086 -0.230376813691
1659182220.325755358 0.6344923218 -0.132122188351 0.00398169546822 0.961902453116 -0.00171776191926 -0.00427472404931 -0.273354068412
1659182220.426633835 0.702380109547 -0.193932885412 0.00584550735614 0.947892266573 -0.00251199160039 -0.00434383315988 -0.318551521708
1659182220.527472019 0.762526605736 -0.265259731728 0.00042054785626 0.931115755433 -0.0042589349718 -0.00558841037082 -0.36465611352
1659182220.628401279 0.817590972459 -0.341671143869 0.000618463604599 0.911456270812 -0.00374571984258 -0.00573036135137 -0.411340004059
1659182220.729194164 0.862880799054 -0.411430350099 0.00626074036507 0.889285301957 -0.00239262363925 -0.00594924286177 -0.457307919879
1659182220.830117464 0.894157792666 -0.483287770614 0.00701682685558 0.865233660736 -0.00136042228849 -0.00398887033466 -0.501351124956
1659182220.930975437 0.925649834763 -0.558654930925 0.0108029977695 0.839380225173 -0.000442839048174 -0.00297315526586 -0.54353638501
1659182221.031769753 0.944712733139 -0.643615806884 0.0132767129614 0.811953354473 0.00107218160242 -0.00282371598712 -0.583714508312
1659182221.132665634 0.95252424762 -0.73085404044 0.0106810231753 0.782237144076 0.00100461969925 -0.00320992154693 -0.622971698852
1659182221.233505726 0.960149650627 -0.824771873331 0.0114088390904 0.749845576832 0.00173461632071 -0.00314648826202 -0.661603129998
1659182221.334489346 0.953065021758 -0.923898526764 0.00877644989168 0.714526458334 0.00127643774973 -0.00238374044719 -0.699603193839
1659182221.435194731 0.943718652509 -1.01722022976 0.0152542965297 0.677573196808 0.00293668347982 -0.00314699532203 -0.735442747791
1659182221.535926819 0.925879914287 -1.11131187038 0.0145115852138 0.639405571076 0.00161982696582 -0.00385918193943 -0.76885824347
1659182221.636902809 0.895779959136 -1.21067543161 0.014487726351 0.59934769839 0.000982766565284 -0.00444271744583 -0.800475879003
1659182221.737780094 0.851450258809 -1.3023521357 0.0107318729959 0.558968928676 -0.000363272578055 -0.00516963829558 -0.829172406468
1659182221.838662863 0.801976851633 -1.39632218882 0.00801088294205 0.517112053327 0.000237986580069 -0.0042004753635 -0.855907368629
1659182221.939493418 0.739600250822 -1.47718651289 0.00307669738866 0.473132815497 -0.000414689768567 -0.00465663834853 -0.880978707264
1659182222.040355206 0.674836834237 -1.55575048941 0.00443307123327 0.427406935928 4.97127750235 -0.00308513963835 -0.904054086083
1659182222.141176224 0.601674689757 -1.62702164882 0.00474987916278 0.381512004548 0.00053383343131 -0.00258420592691 -0.92436011775
1659182222.242096901 0.523840773499 -1.6870990239 0.00297900409601 0.333723359434 0.00249291897614 -0.0042201730737 -0.942658312891
1659182222.342893600 0.433035811842 -1.7412225697 0.00554542664867 0.28558440377 0.0031215843152 -0.00320024327719 -0.958343133996
1659182222.443814039 0.348990607019 -1.78652246356 0.00667362399102 0.236515123722 0.00410071375186 -0.0043336078742 -0.971609489579
1659182222.544688463 0.24008836361 -1.81786554803 0.0102662041284 0.188095357101 0.00631310953611 -0.00334649764502 -0.982124779363
1659182222.645469666 0.134369131374 -1.83665681553 0.00825982805562 0.141758225421 0.00294340096822 -0.00768097934626 -0.989867134757
1659182222.746842384 0.0279500739258 -1.84117575925 0.0112180676203 0.0925000794748 0.0034744314 -0.00430022003877 -0.995697329378
1659182222.847304106 -0.0831732549216 -1.84685933154 0.0140449928628 0.0436694072016 0.00632774261802 -0.00423283845846 -0.999017029698
1659182222.948097706 -0.203437064697 -1.83989266478 0.0155659381844 -0.00562674060582 0.00643496579011 -0.00425910165101 -0.999954394489
1659182223.048904896 -0.314638259052 -1.82675957052 0.0168695993924 -0.0547389322538 0.00344534683909 -0.00606231199805 -0.998476352877
1659182223.149635077 -0.412257162459 -1.801024013 0.0143250262191 -0.106118556008 0.00698038439101 -0.00528036005805 -0.994314962224
1659182223.250631332 -0.514700297919 -1.7627948024 0.00911746132917 -0.156045379399 0.00532854495363 -0.00468069297673 -0.987724423759
1659182223.351485014 -0.616813563274 -1.71885334057 0.000441750898716 -0.206241810353 0.00627875592039 -0.00472108741732 -0.978469521355
1659182223.452330112 -0.716856500931 -1.66114156635 -0.00134588882743 -0.254363831672 0.00373185329691 -0.00389795452238 -0.967093542714
1659182223.553399563 -0.818372373961 -1.59224410843 -0.00111977426978 -0.301885556141 0.00325701299326 -0.00364040189837 -0.953331658099
1659182223.654060841 -0.918228749702 -1.50953809251 -0.00425570108423 -0.347042497352 0.00335774644015 -0.00323816700621 -0.937837803058
1659182223.754893780 -1.02122763793 -1.41323431079 -0.00280850931354 -0.390624669607 0.00476771786894 -0.00219574501383 -0.920535069981
1659182223.855763912 -1.12304034185 -1.3067914661 0.000177928494444 -0.432689907431 0.00341624281152 -0.00308945243494 -0.901531046929
1659182223.956616163 -1.22367291437 -1.18847938384 -0.00214366557498 -0.472468757947 0.00590479629233 -0.00271695486287 -0.881323450443
1659182224.057499409 -1.30627064661 -1.06482905317 0.00021036964512 -0.508687944564 0.00384443199648 -0.000800945484997 -0.860942015402
1659182224.158331394 -1.37422431954 -0.948605823697 0.000145433419425 -0.539860166415 0.00355131760853 -0.00375284813918 -0.841738857955
1659182224.259177685 -1.43523053603 -0.847245744648 -0.00605511695184 -0.561647662603 0.00471194361184 -0.0025006198236 -0.827359321928
1659182224.360053062 -1.50089270821 -0.763077098282 -0.00305567996338 -0.565289861053 0.00413348582329 -0.00127170415032 -0.824881003572
1659182224.460879803 -1.57029487044 -0.673336069842 -0.0093031303639 -0.552550609905 0.00531440197776 -0.00420408967214 -0.833451801999
1659182224.561774015 -1.6396014888 -0.575029635355 -0.0078139148205 -0.529467889603 0.00651643984143 -0.00195250991771 -0.84830270399
1659182224.662573576 -1.71492475363 -0.472500303167 -0.0048337741492 -0.498161821076 0.00485225107982 -0.00296342407094 -0.867065438014
1659182224.763487577 -1.79589061315 -0.367671420283 -0.00644149246451 -0.460427637475 0.00491275024843 -0.00166905595875 -0.887682076977
1659182224.864320517 -1.89065451311 -0.279155492851 -0.00810149828426 -0.417898666392 0.00322439396086 -0.00251854293106 -0.908484432917
1659182224.965211153 -1.99277856026 -0.200707078365 -0.0131113262039 -0.367231465716 0.00244523132868 -0.0029052304094 -0.930121836679
1659182225.066070080 -2.10031488449 -0.136487776162 -0.0177204183986 -0.315031774963 0.00218456515887 -0.00370639206698 -0.949071373026
1659182225.166915178 -2.21520171677 -0.0751476606065 -0.0204039157828 -0.260449826315 0.000854894421443 -0.00363034876096 -0.965480179857
1659182225.267765522 -2.33059410673 -0.0195709127941 -0.0215532780217 -0.208152399644 0.000863777490038 -0.00289953623329 -0.978091726322
1659182225.368632317 -2.45420605436 0.0169445199162 -0.0270805772395 -0.154796704602 -0.000368612689546 -0.00381886556885 -0.987938895193
1659182225.469512463 -2.58784144134 0.0478902539357 -0.0315285632113 -0.0992612675976 0.000757209007993 -0.00430419103167 -0.995051808364
1659182225.570317984 -2.72367202669 0.0555433088717 -0.0249370803642 -0.0428012797516 0.000184647280603 -0.00290316545363 -0.999079370214
1659182225.671179771 -2.8652842583 0.0513494273661 -0.027055876119 0.0119772385975 0.00109592869142 -0.0033597005185 -0.999922025514
1659182225.772068501 -3.00739176083 0.0404879992174 -0.0255938158788 0.0643337742743 0.000595372045988 -0.00191646339027 -0.997926419225
1659182225.872926950 -3.14849955371 0.0129342956788 -0.0233441744838 0.112916620242 0.000926104671165 -0.00199197179927 -0.993602038671
1659182225.973771572 -3.28112498804 -0.0253066453873 -0.0226949998022 0.156939709299 -0.000348338689867 -0.00207582244977 -0.9876059423
1659182226.074607134 -3.40845950651 -0.0659309917341 -0.0198098305361 0.194251231721 -0.00111132702784 -0.00236788888185 -0.980948325361
1659182226.175496578 -3.53441387998 -0.119708527897 -0.0236066248101 0.224672851032 -0.000612409151532 -0.00119549414248 -0.974433325455
1659182226.276416063 -3.66691301665 -0.189951496282 -0.0278281880725 0.252537682615 -0.00155874528502 -0.00223659947184 -0.967583219571
1659182226.377249718 -3.79395951959 -0.279313864546 -0.0239320340867 0.280101647474 0.000217625175666 -0.00204611804556 -0.959968141723
1659182226.478007317 -3.9198382103 -0.369835361066 -0.0189183674613 0.305728628291 -0.0018629011762 -0.00089627332519 -0.952116448832
1659182226.578926325 -4.04539756537 -0.462563540374 -0.0170915905705 0.32625970267 -0.00178817857455 -0.00250906895994 -0.94527515222
1659182226.679692030 -4.16794324741 -0.562896906812 -0.0181160988337 0.342179231589 -0.00224486028615 -0.0026200211157 -0.939628367793
1659182226.780627728 -4.27547722557 -0.67116047691 -0.0165381944883 0.353993727869 -0.00123387741435 -0.00153723103113 -0.935245719101
1659182226.881498337 -4.38636375877 -0.785089564875 -0.0173107510104 0.364418454914 0.000483814843818 -0.00199149103822 -0.931233047956
1659182226.982361317 -4.4910735002 -0.8955856314 -0.0163521346364 0.368990264999 0.00118842621282 -0.00243896418012 -0.929429299857
1659182227.083182335 -4.61015844339 -1.00208144556 -0.0194992459752 0.369372009453 5.09319266892 -0.00147996745637 -0.929280434387
1659182227.184112072 -4.72167011159 -1.10149826812 -0.0123253815555 0.364410856357 -0.000419705145572 -0.00231047472058 -0.931235315763
1659182227.284897327 -4.84548461869 -1.19905971533 -0.0122070707835 0.351000243708 -0.000209128826558 -0.00286252291825 -0.936370968764
1659182227.385740280 -4.96463335777 -1.28612405062 -0.0106174021942 0.327774167982 0.000260791383145 -0.00120118056119 -0.944755303746
1659182227.486611366 -5.08987911606 -1.37317165471 -0.00881499605489 0.298760262442 -7.23723438198 -0.00261966477391 -0.954324600407
1659182227.587480545 -5.22210616231 -1.45457814137 -0.00700267507591 0.26415564991 -0.000242047607368 -0.00486084651962 -0.964467783912
1659182227.688508034 -5.36305904337 -1.52476614366 -0.0111896925065 0.227806525583 1.65219766517 -0.00426242740827 -0.973697087569
1659182227.789181948 -5.50738337702 -1.58860823119 -0.0128170879402 0.182761352829 8.76511114626 -0.0053103865191 -0.983142960115
1659182227.890053272 -5.66207772327 -1.63728090601 -0.00951869628511 0.133360449398 0.00151098885298 -0.0045747206963 -0.991055891148
1659182227.990913868 -5.83243775139 -1.67382320616 -0.00519597920857 0.08062007027 0.000689507503538 -0.00871434808487 -0.996706571156
1659182228.091737270 -6.01964782578 -1.6872938975 -0.00660342256265 0.0261238620471 0.0023138327656 -0.00187765100858 -0.999654272454
1659182228.192631960 -6.18794360104 -1.68178400944 -0.000746559054131 -0.0256214598512 0.0020620442363 -0.00320300861557 -0.999664458458
1659182228.293503761 -6.34136868034 -1.66960920264 0.00156872973128 -0.076235307836 0.00353426097022 -0.00335307274731 -0.997077952691
1659182228.394372940 -6.48027667855 -1.64066164575 0.00378188507344 -0.119363870189 0.00340947341569 -0.00217031244678 -0.992842349887
1659182228.495207548 -6.61648474813 -1.60476894798 0.003744556893 -0.164397310934 0.00119231110129 -0.00358059410265 -0.986386983844
1659182228.596066475 -6.734895936 -1.55404501862 -0.00225288152004 -0.210756935387 0.00121756171412 -0.00189206622737 -0.977535908197
1659182228.697012663 -6.85330650225 -1.49874442873 -0.00362168441942 -0.257552297885 0.00159637076444 -0.00320732640952 -0.966257718475
1659182228.797756195 -6.9588163693 -1.4298676097 -0.00795488491105 -0.305676641193 0.00148195211028 -0.00126113313778 -0.952133396321
1659182228.898613453 -7.0639096039 -1.34910538565 -0.0122341167688 -0.354324856752 0.00225591192454 -0.0033827693993 -0.935113556537
1659182228.999483585 -7.16374188005 -1.24846131947 -0.0105461822904 -0.401105749496 0.00410395019331 -0.00416483904578 -0.916013094573
1659182229.100362301 -7.24951982162 -1.13760874964 -0.0106904309806 -0.445270548532 0.00549486070791 -0.00490391844668 -0.895365789329
1659182229.201075077 -7.3234093579 -1.00650264028 -0.0111722236466 -0.485939747723 0.0046422242291 -0.00348665307741 -0.873973028524
1659182229.302067280 -7.38005828317 -0.866610569679 -0.00984560270283 -0.523407716323 0.00573399556539 -0.00314975334032 -0.852057253266
1659182229.402931690 -7.43106849335 -0.715514174703 -0.00726661189034 -0.556885025952 0.00541302376204 -0.00282518584719 -0.830567146815
1659182229.503676891 -7.47720892856 -0.575681165459 -0.00733614534284 -0.587810757204 0.00444749223951 -0.00254271288542 -0.808982242166
1659182229.604585648 -7.51584140217 -0.422790862947 -0.00217869988404 -0.618531931997 0.00435777154487 -0.00251863061182 -0.785743543039
1659182229.705480576 -7.54135014206 -0.279246019855 -0.0100064229819 -0.647037873186 0.00406977340512 -0.002365147752 -0.762443331457
1659182229.806372166 -7.54924962155 -0.130581824936 -0.0142665216594 -0.675719569798 0.00449184059807 -0.00213723959082 -0.737141993491
1659182229.907181263 -7.54666156976 0.0215589267791 -0.0185613099108 -0.703064011079 0.00359302073757 -0.00177387461726 -0.711115278908
1659182230.008046627 -7.55080828095 0.179532624338 -0.0158945470968 -0.728911630755 0.00287487582579 -0.00126211837479 -0.684600596477
1659182230.108885050 -7.54111350323 0.330693028199 -0.0145627814979 -0.754638822067 0.00262668470512 -0.000528884515469 -0.656134947276
1659182230.209787846 -7.51181020637 0.473995560015 -0.0158852265041 -0.779217226169 0.00357189261391 -0.00219086466471 -0.626739942988
1659182230.310628414 -7.47700912905 0.609886321274 -0.00885495459081 -0.802570824411 0.00149069165463 0.000384559705507 -0.596554860642
1659182230.411497593 -7.42619148042 0.746636935304 -0.00670134869258 -0.826911545104 0.0021230577045 0.000389412934274 -0.562327873716
1659182230.512351990 -7.37169962307 0.883162825019 -0.00999417911482 -0.852271622939 0.00287630450207 -0.000588385690278 -0.523091255335
1659182230.613191366 -7.29359124632 1.00080575001 -0.0127037033693 -0.876940055792 0.00190060102287 -0.000385108427473 -0.480595857198
1659182230.714057922 -7.21885475596 1.10291109547 -0.0121908441397 -0.893438112023 0.00190057226253 -0.00134189709316 -0.44918028354
1659182230.814899445 -7.15272469756 1.18130035568 -0.0140792438677 -0.899394327356 0.00261708677462 -0.00136298861094 -0.437128284418
1659182230.915788889 -7.10146908287 1.25715841511 -0.0168617670103 -0.894962381589 0.00430461101742 -0.00252759756391 -0.446113681829
1659182231.016653061 -7.05780282834 1.32385457609 -0.0216463895954 -0.880750517269 0.00353581407604 -0.0012018253678 -0.473565813764
1659182231.117510557 -7.03034184645 1.38307710409 -0.0255334152357 -0.862773993337 0.00422312251772 -0.00247712726422 -0.505566084205
1659182231.218348503 -7.01143169834 1.42764387461 -0.0247860707392 -0.838507433366 0.00347536574162 -0.000882108564211 -0.544878360653
1659182231.319274664 -6.99403304875 1.48579797753 -0.0248666984188 -0.806584744024 0.0027975356743 0.000337137551059 -0.591111758333
1659182231.420055866 -6.98261833266 1.54702427041 -0.0211242998396 -0.771262525603 0.0029507774988 -0.000209919864843 -0.636510302702
1659182231.520972252 -6.98458671377 1.60882410634 -0.021521893227 -0.740272196687 0.00355433139551 0.000845144487487 -0.672297350338
1659182231.621820927 -6.98632715793 1.65061702074 -0.019003804663 -0.715838560099 0.00357332993967 0.000358048453846 -0.698256585354
1659182231.722650051 -6.99765120862 1.67742949028 -0.0175824167234 -0.695738942544 0.00386830815474 -0.00153570172532 -0.718282675302
1659182231.823470116 -7.00190344769 1.68934428582 -0.0178678017871 -0.679612228842 0.00393540292194 -0.000678223454558 -0.733560679852
1659182231.924331903 -7.0018441467 1.6767807701 -0.0202488577257 -0.667008335449 0.0035383205547 -0.000331503313906 -0.745041777913
1659182232.025191307 -7.01071240021 1.63784415356 -0.0205172445305 -0.655154840936 0.00307884666574 0.000436298595345 -0.755488229388
1659182232.126132488 -7.01611710671 1.58008561975 -0.0215482953388 -0.639904077401 0.00343922745772 0.00129871568443 -0.768446001211
1659182232.227106333 -7.00633123997 1.5079304739 -0.0176217627102 -0.625447335937 0.00399907371384 -0.000895014785392 -0.780255622426
1659182232.327874184 -6.99534182504 1.41945551875 -0.0146187848803 -0.607351674056 0.00342711154398 0.000124835643018 -0.794425694036
1659182232.428548336 -6.9735310553 1.32524133487 -0.01120773597 -0.585374775327 0.00381437437288 -0.000790132740283 -0.810753475879
1659182232.529388428 -6.95353055542 1.22852969805 -0.0100990958469 -0.559573094901 0.00478511070793 -0.0016188536974 -0.828765608294
1659182232.631406307 -6.92466730596 1.13202578905 -0.00805760114585 -0.53690608277 0.00412532958155 -0.00204074359471 -0.843629465646
1659182232.731191158 -6.88714162598 1.04653433902 -0.00928842569104 -0.518266381381 0.00409061904937 -0.00231048334123 -0.855206341436
1659182232.832055330 -6.84874510245 0.96582152245 -0.0110932145611 -0.506619875738 0.00367655099537 -0.00256895767461 -0.862157865438
1659182232.932915926 -6.79993143781 0.894078310757 -0.0119083577692 -0.502242450135 0.00316939456485 -0.00243365762478 -0.864717614907
1659182233.033793926 -6.75524460245 0.822539294312 -0.0147065566259 -0.495811113845 0.0033191395681 -0.00230750193865 -0.868420979787
1659182233.134650946 -6.70798757311 0.747609611417 -0.0142178782735 -0.488466047016 0.00181989434285 -0.00119222631099 -0.872580189721
1659182233.235284328 -6.66087359172 0.674650904303 -0.0139072973139 -0.477386499506 0.0015107103683 -0.00206690071793 -0.878689692534
1659182233.336324692 -6.61707877678 0.610705802344 -0.0189792748972 -0.470074816675 0.00135276872065 -0.00298524814214 -0.882620487547
1659182233.437187910 -6.57444019683 0.547676996038 -0.0224897370242 -0.465821536973 0.00063077383603 -0.00340645718484 -0.884871908168
1659182233.538051128 -6.54479945217 0.499303351673 -0.0209898916628 -0.460133073966 0.00175540616762 -0.00360592831469 -0.887840903582
1659182233.638898373 -6.51885594419 0.464213595659 -0.0265660487039 -0.452515922254 0.00199272199461 -0.00446931989989 -0.891742896997
1659182233.739762306 -6.49978390994 0.440728374222 -0.0294426696519 -0.448405500974 0.00290159537372 -0.00299796765818 -0.893820507502
1659182233.840645075 -6.46901529087 0.419396329251 -0.0293671294045 -0.47179803491 0.00342138472278 -0.00298644357659 -0.881694952655
1659182233.941461563 -6.43784662488 0.397835210973 -0.0261183119239 -0.50790709909 0.00267623430254 -0.00221719020465 -0.861404841251
1659182234.042333126 -6.40119321729 0.368526705866 -0.0276213129589 -0.553341092199 0.00447178614826 -0.00298138140702 -0.832937422726
1659182234.143230438 -6.36300077847 0.337675465113 -0.0253715267004 -0.603388491699 0.00423952506713 -0.00228166119094 -0.797432848919
1659182234.244075298 -6.3335538651 0.308201541834 -0.024945629834 -0.647842238608 0.00380833528604 -0.00205950016278 -0.761762225971
1659182234.344909191 -6.31874126878 0.263819812098 -0.0210676388878 -0.684263051274 0.00418644410254 -0.00121834188581 -0.72922223361
1659182234.445759773 -6.30389318388 0.219596100857 -0.0174960251352 -0.721662865036 0.00364607875122 -0.00121332196052 -0.692234023425
1659182234.547076225 -6.28695000107 0.151299354192 -0.0157353900992 -0.758987363277 0.00281931866195 -0.00124053539603 -0.651098068573
1659182234.647512913 -6.27932968221 0.0772260945388 -0.010242794047 -0.794357273162 0.00181718667418 0.000991642189754 -0.607447312162
1659182234.748392105 -6.27419720983 -0.000586592674968 -0.00821940470677 -0.827520419708 0.00154394915227 0.000565652705051 -0.561433211721
1659182234.849202156 -6.26086327884 -0.062370994669 -0.00643569052229 -0.854537168082 0.00157186953858 -0.00123482723768 -0.519386400279
1659182234.950056076 -6.26181410808 -0.101707583781 -0.0112845896894 -0.876226779949 0.00283403924455 -0.0010313159502 -0.481889546172
1659182235.050955772 -6.26043339358 -0.122807462951 -0.0130870277193 -0.893273619431 0.00215750838706 0.000493638823637 -0.449507889038
1659182235.151767254 -6.25490344469 -0.134514560996 -0.016109993804 -0.908297401282 0.00385904169016 0.000610023566164 -0.418306785138
1659182235.252634048 -6.24982090803 -0.132292435013 -0.0174258579893 -0.920333054741 0.00442825341177 0.00030856264681 -0.391110423937
1659182235.353448868 -6.23503657085 -0.121303219933 -0.0176674197653 -0.933585465386 0.00322647336958 0.00157345556458 -0.358336842826
1659182235.454318523 -6.2157853334 -0.109105309807 -0.0184071203265 -0.945474988165 0.00302831597568 0.000554891718599 -0.325680162356
1659182235.555193901 -6.18025544195 -0.0875143800621 -0.0187779716614 -0.956796182814 0.00368973913528 9.01776702948 -0.290736035342
1659182235.656108379 -6.13289402804 -0.0550744983217 -0.0212764939926 -0.966036872272 0.00299394972693 0.0002286805711 -0.258386813483
1659182235.756961823 -6.06523301741 -0.019912799167 -0.0218928029385 -0.974115646755 0.003201602471 -0.000346830779606 -0.226027290822
1659182235.857796192 -5.97809162801 0.0240284307152 -0.0229307110292 -0.980767873887 0.00380310690939 -0.000497685422274 -0.195140119497
1659182235.958628654 -5.87709147432 0.0677764800968 -0.0203503559131 -0.98651143914 0.00293182050274 -0.00117365827497 -0.163661869112
1659182236.059377432 -5.76621649804 0.107557188883 -0.0175824288034 -0.991173713292 0.00174703866228 -0.00102543800753 -0.132554013183
1659182236.160352707 -5.63269303588 0.142637488864 -0.0120551701958 -0.994623438663 0.00213806850498 -0.00206427526602 -0.103515132674
1659182236.261256218 -5.4929846132 0.173903414315 -0.0127045003028 -0.997002250388 0.00226416221455 -0.00181576360293 -0.0773181045694
1659182236.362189293 -5.34445981694 0.195470012 -0.00889668746369 -0.998772217665 0.00168774400614 -0.000310543483584 -0.0495087093684
1659182236.462902546 -5.18416656234 0.20812490023 -0.00854272657429 -0.999754545547 0.00224478453177 0.00105952548141 -0.0220156082265
1659182236.563774109 -5.03362997397 0.213800513402 -0.00992258780342 -0.999999258372 0.000802585299596 0.000800001782438 0.000446216835807
1659182236.664640427 -4.87407216707 0.211641499504 -0.0067973255801 -0.999809970672 0.000741018823897 6.10853046054 0.0194799821538
1659182236.765526295 -4.70335015298 0.203964609474 -0.0111657295455 -0.999345021272 0.00111434760119 -0.0010858264399 0.0361539440346
1659182236.866331100 -4.52706207082 0.186238022168 -0.0140749594847 -0.998653817411 0.00229043712613 -0.00165302753416 0.0517935745806
1659182236.967344761 -4.34553848023 0.169124138592 -0.0171920000049 -0.997989386166 0.00373384720527 -0.000452638826405 0.0632695709104
1659182237.068100214 -4.16777002563 0.140573552975 -0.0120581729289 -0.997161616023 0.00350179905013 -0.000450553687534 0.0752080177633
1659182237.168905735 -3.98462301601 0.115370312859 -0.0110907096246 -0.996122895841 0.00204506190516 -0.00148439262211 0.0879362876315
1659182237.269785881 -3.79869835326 0.0720044278081 -0.00894907214329 -0.99510031688 0.00203219634661 -0.00106881440124 0.098843751243
1659182237.370628119 -3.61289502485 0.0314401796042 -0.007199175652 -0.994235610556 0.000585916586664 -0.000555832901549 0.107214264228
1659182237.471508026 -3.42218857815 -0.00873763205384 -0.00998237373245 -0.993362879217 4.73532876896 -0.00227793045383 0.114999995584
1659182237.572356224 -3.23501137012 -0.0548256118876 -0.012332143141 -0.99225264588 0.000641295760275 -0.00280874046986 0.124203005042
1659182237.673077583 -3.04536239101 -0.100840620214 -0.00905416898438 -0.990791200656 0.00129808862582 -0.00217612343348 0.13537494656
1659182237.774047136 -2.85680515033 -0.146525708474 -0.0106811593708 -0.988709040771 0.00205396211389 -0.000992303122639 0.14983066866
1659182237.874947071 -2.67591517587 -0.201177271065 -0.0146632992203 -0.986214638574 0.00142248267263 -0.000515670784356 0.165464187332
1659182237.975829840 -2.50461475522 -0.261424758733 -0.0206993707118 -0.982389743544 0.00216228320128 -0.000313863012897 0.186830452016
1659182238.076681852 -2.33675719494 -0.327175341542 -0.0187996881916 -0.977911381891 0.00196059317254 -0.000932799109092 0.209008648453
1659182238.177447796 -2.16920111281 -0.404253590033 -0.0117793800488 -0.973125040697 0.002610627178 -0.000942502246186 0.230260616442
1659182238.278369904 -2.00552507652 -0.493082801399 -0.00868246096856 -0.967808923006 0.00140510398182 7.65521737051 0.251682157438
1659182238.379180431 -1.83996607745 -0.575100278152 -0.00718598539884 -0.964270944832 0.00284503562371 0.00125963588746 0.264899724503
1659182238.480048656 -1.67596975827 -0.66443582102 -0.00550227240715 -0.960597717633 0.0038457650618 0.00143169412618 0.277912189767
1659182238.580923080 -1.51330246731 -0.765350442333 -0.000886728331991 -0.958351625297 0.00356848406086 0.00251654179811 0.2855575165
1659182238.681773186 -1.35196044379 -0.871467901209 -0.00390949287536 -0.956063997804 0.0017630584117 0.00118614082031 0.293150331396
1659182238.782652378 -1.19180948379 -0.981854487138 -0.00214374493683 -0.95306085014 0.00101409687677 -0.000121375340274 0.302777100861
1659182238.883375645 -1.03778225555 -1.10233232379 0.000497806493233 -0.950703504857 0.0025325973815 -0.000230001758697 0.310090920381
1659182238.984360218 -0.889993213627 -1.24105009067 0.00784469186956 -0.947049591012 0.00321614230988 0.00165703277083 0.321066944475
1659182239.085063934 -0.744595747211 -1.37326488608 0.00970360916555 -0.943957176819 0.00248994811588 0.00212446754126 0.330051715839
1659182239.186066628 -0.596048140593 -1.50246621307 0.00186963234549 -0.940565521798 0.00373931079356 -0.000106353012745 0.339591674588
1659182239.286917686 -0.439359235182 -1.64790021268 0.00536295750123 -0.936996088762 0.00372304103837 0.000484558118746 0.349319672811
1659182239.387810230 -0.299579608006 -1.76902721667 0.00694587442467 -0.932901577893 0.00355352448002 0.0020816824015 0.360107879708
1659182239.488616943 -0.174301459665 -1.88501106354 0.00928779345381 -0.929964235059 0.00442421704524 0.00341960337364 0.367607472894
1659182239.589496851 -0.0439306612543 -2.00842752441 0.0105404350041 -0.928156580013 0.00458397371869 0.00336070280907 0.372146551563
1659182239.690361023 0.0936118995443 -2.13084716796 0.0083515148055 -0.927036412098 0.00432447021423 0.00374703047668 0.374927658843
1659182239.791213989 0.226376055887 -2.25812165242 0.00819393615909 -0.92890502198 0.00538690718762 0.00339542885442 0.370263301495
1659182239.892072678 0.354518208524 -2.37981013707 0.0063773969575 -0.934085852828 0.00354751183191 0.00324076473093 0.357016151106
1659182239.992958307 0.477205154154 -2.47205192323 0.00628181204896 -0.944575082369 0.00295212026388 0.00155961248078 0.328278489035
1659182240.093977213 0.618314993692 -2.55892448013 0.0118214854461 -0.955397815878 0.00279649397916 0.00136946576878 0.295305464902
1659182240.194624901 0.747776868716 -2.62662189189 0.0160923989577 -0.965123689133 0.00447248466718 0.00227132956862 0.261746256168
1659182240.295481682 0.885584344276 -2.68468871073 0.0198402823904 -0.974844295287 0.0029380285351 0.00427652256214 0.222826567737
1659182240.396348476 1.03161090569 -2.74146926298 0.020144295859 -0.98143118866 0.00420511311076 0.00316042660029 0.191742407028
1659182240.497188568 1.16919291757 -2.79987276342 0.0239166756138 -0.982568814118 0.00295328270467 0.00293017423737 0.185852677468
1659182240.598050833 1.29239693145 -2.85232640575 0.0236527634668 -0.979126439325 0.00434656720267 0.00330065537142 0.203178810021
1659182240.699468136 1.40808924314 -2.90814644192 0.0286440213384 -0.973812495171 0.00414347008278 0.00378414472712 0.227283382925
1659182240.799787998 1.50287707499 -2.94855336342 0.0337846172415 -0.968574775174 0.0042773751343 0.00301463670694 0.248667490685
1659182240.900734901 1.57627170044 -2.98793828201 0.0360754895928 -0.962432199336 0.00251021711915 0.0034368806744 0.271488762831
1659182241.001468182 1.6529271284 -3.02151182421 0.0355898502277 -0.955616248994 0.0030783843549 0.00278140774829 0.294585084447
1659182241.102350712 1.73309657214 -3.06723206512 0.0380872201957 -0.948409531871 0.00377472155465 0.00397587355614 0.317000479121
1659182241.203099251 1.81258502613 -3.12395330973 0.038953120198 -0.939397479059 0.00403044190026 0.00342196802698 0.342789180125
1659182241.303943157 1.89574736107 -3.18515443193 0.0372695612791 -0.929478708341 0.00236264388937 0.00197067155131 0.368862935395
1659182241.404913902 1.96033496165 -3.2611902919 0.0385656935782 -0.921393698533 0.0027739609902 0.00631831770113 0.388569216879
1659182241.505774498 2.02517912631 -3.34177915021 0.0339496087693 -0.91261201863 -0.00429836087926 -0.00480578224858 0.408775894596
1659182241.606514454 2.08419864656 -3.42461749879 0.0319506800781 -0.903363696289 -3.88600391068 -0.00376125055598 0.428858815591
1659182241.707503796 2.14124419694 -3.51369984284 0.028787692505 -0.891799825139 -0.00543210814296 -0.00602174107446 0.452357494375
1659182241.808241844 2.19121186847 -3.59826162739 0.0191644764089 -0.880570465399 -0.00128350480626 -0.00682820254518 0.47386430941
1659182241.909243822 2.24749870701 -3.67952910489 0.0171033461489 -0.869521485369 0.000688588209111 -0.00545970792913 0.493864459055
1659182242.010056973 2.29570743619 -3.75948762065 0.0190086839356 -0.861905377754 0.00150500207434 -0.00583375238466 0.507033354031
1659182242.110919476 2.34890084392 -3.84480446378 0.0203620488726 -0.857570272443 0.00336362984351 -0.00532251455518 0.514328284907
1659182242.211773396 2.39458536165 -3.92240100969 0.0198120885649 -0.852988493071 0.000469115056255 -0.00481273104175 0.521907317672
1659182242.312610149 2.44751594281 -4.01442602393 0.0192000299373 -0.848671843504 0.0016862144079 -0.00361011050532 0.528904741731
1659182242.413481712 2.49112725085 -4.10307739266 0.0195951901563 -0.841859491009 0.000982324228343 -0.00203190664854 0.539692045329
1659182242.514340401 2.52305009896 -4.19386253458 0.0189468682111 -0.834769463856 0.0018553886509 -0.00250824071616 0.55059078132
1659182242.615186453 2.55748918158 -4.29198132074 0.0239410095579 -0.829992590404 0.00170288843134 -0.00254725498545 0.557766000701
1659182242.716090679 2.60127966257 -4.37776703612 0.0260077724107 -0.822814866894 0.000673700955913 -0.00297274775422 0.568301331792
1659182242.816940308 2.64204821712 -4.47450640115 0.0287019823851 -0.810307737897 0.00050685579465 -0.00300963230859 0.585996634047
1659182242.917645216 2.66585031279 -4.56018565002 0.0345039620511 -0.790117498827 -0.000414692279621 -0.0023947689974 0.612950594387
1659182243.018651962 2.69390106867 -4.63796958673 0.0366555145602 -0.7658771594 0.000427156530292 -0.00283396545185 0.642980530721
1659182243.119478226 2.70425241214 -4.72065396015 0.0447483447846 -0.742213783848 -0.00140613037298 -0.00231271974167 0.670157722623
1659182243.220346928 2.70503481214 -4.80507885542 0.0449002417143 -0.73210712175 0.00027098406971 -0.00184560343653 0.681186965964
1659182243.321241140 2.71134214659 -4.88257167587 0.0412137612762 -0.732265522206 0.000521743466835 -0.00156497872011 0.681017241788
1659182243.422046185 2.71521241539 -4.9645908489 0.0399691547836 -0.736997959103 0.00103330133406 -0.000855880474354 0.675893636628
1659182243.587611914 2.72024195696 -5.09120884581 0.0386710239808 -0.739527918839 -0.000912122894401 -0.000799729504319 0.673124792087
1659182243.685558319 2.71508579113 -5.16857928205 0.0376803259447 -0.738075021205 -0.000254864898756 -0.00148777600031 0.674716966319
1659182243.725223541 2.71880965417 -5.19828817852 0.0374504942579 -0.731932813507 0.00123569897631 1.94058717211 0.681375688723
1659182243.887487173 2.68010473807 -5.33014082276 0.0345476471262 -0.685171348069 -0.000487330880124 -0.00160205757924 0.728379996777
1659182243.988165855 2.63708216863 -5.37991745426 0.031945866312 -0.6480881017 0.000392161248507 -0.00115768873983 0.761564388874
1659182244.028333426 2.64876539405 -5.4034206151 0.0301117949728 -0.634461770523 0.0012718739679 0.000168803973289 0.772953178133
1659182244.129122972 2.64404091656 -5.45457892872 0.0296860331713 -0.602895120154 0.000228196799255 -0.000278828845728 0.797820370933
1659182244.230004072 2.6459040272 -5.5047223993 0.0296066763091 -0.579348029194 -0.000705442244882 -0.000841997979883 0.815079538732
1659182244.330864906 2.6409329024 -5.52878841071 0.0334839562787 -0.559503950547 -0.00152672578626 0.000169340723151 0.828826260295
1659182244.431876421 2.64215378403 -5.5381514244 0.0350413580936 -0.544360820514 -0.000679190059898 -0.000189056884368 0.838850880698
1659182244.532559395 2.6443033066 -5.54813585007 0.0356376084793 -0.541946451898 -0.000549469514185 0.000295068562543 0.840412788035
1659182244.633420706 2.63930795133 -5.54687956771 0.037158589138 -0.528053139243 -0.000600248762237 0.00086879639263 0.849210672937
1659182244.734338999 2.61163727975 -5.53265900408 0.0373835090122 -0.500948792844 -0.000355443343473 0.000460895497666 0.865476728851
1659182244.835078478 2.59804872756 -5.51528837871 0.0354951223299 -0.468050013887 -0.00052678356764 0.00117579502688 0.883701037968
1659182244.936032534 2.60144209559 -5.5162377951 0.032161151515 -0.447365094377 0.000173910324394 0.000923036299453 0.894350932292
1659182245.036662340 2.61304002797 -5.52089496853 0.0304432963821 -0.435344491616 4.35326411116 0.00115856748005 0.900263200095
1659182245.137709618 2.62587086724 -5.51618347909 0.0285237430929 -0.437588771242 0.000461411656831 0.00129664311118 0.899174161716
1659182245.238570452 2.63408031328 -5.50160854654 0.028340358378 -0.436705940715 0.000461227848169 0.0011802109424 0.899603421356
1659182245.339412928 2.65738606358 -5.47663539343 0.0305079223457 -0.438115363798 -0.000410480845383 0.000827889756464 0.898918279995
1659182245.440277338 2.67740192932 -5.44662673892 0.0286330839935 -0.439185550821 0.0013082622668 0.00189691700494 0.898393422786
1659182245.541125536 2.68907011388 -5.4288505467 0.0289836106692 -0.442554076189 4.1764513516 0.000915101511889 0.896741350944
1659182245.641984701 2.68951296121 -5.4230301744 0.0273379981127 -0.444865017017 0.0010293951943 0.0013856673095 0.895595967447
1659182245.742897749 2.6732301213 -5.40775740887 0.02460829326 -0.432135771365 0.000506639040351 0.000530233102684 0.901808259707
1659182245.843739271 2.64305903821 -5.38946548731 0.0270916193021 -0.405874498099 -0.000437031525684 0.00137878254688 0.91392767753
1659182245.944604158 2.61076202881 -5.37531365537 0.0262080681129 -0.376232961889 0.000262841044749 0.000493729658885 0.926524929796
1659182246.045449495 2.58204096026 -5.35611948762 0.0267196883455 -0.337395342246 -0.000266258330727 0.000121840821164 0.941362999747
1659182246.146290064 2.55523486977 -5.34704246853 0.0245994493212 -0.292679198766 0.000412639480284 0.000371680702 0.956210530266
1659182246.247143269 2.53122329962 -5.33538346692 0.0238537537637 -0.240422234374 -0.000269421904391 0.000410707398014 0.970668279048
1659182246.347916842 2.54511215428 -5.31767259949 0.0232228733824 -0.191261054994 -0.00077228335281 -5.42209242884 0.981538898608
1659182246.448838234 2.5580298093 -5.30613497378 0.0201523101478 -0.14827151888 0.000797353687783 0.00169384814329 0.988944918484
1659182246.549724817 2.57622630216 -5.31449852554 0.018077871875 -0.103571069721 -9.90144512719 -0.000529875141808 0.994621909544
1659182246.650571823 2.5767588091 -5.31509745066 0.0183166318084 -0.051140225891 -0.000356344758831 -0.000641425042767 0.998691212982
1659182246.751429796 2.58931235305 -5.29793710868 0.0189154562949 0.00139552393194 2.25880394484 0.000261741089034 0.999998991747
1659182246.852303743 2.59683107067 -5.27627818809 0.0204094905816 0.0552787800862 8.40157190347 0.000876411381838 0.998470571082
1659182246.953149319 2.58591273048 -5.26048745003 0.0202657160629 0.106211706918 -0.00035811318166 -0.000305600562144 0.994343427432
1659182247.053998470 2.58118711378 -5.24046221808 0.0181837093955 0.156253956502 8.07779739494 0.00117933494018 0.987716206064
1659182247.154865980 2.57696684985 -5.21979949179 0.0188115373097 0.199943902774 8.2927808899 0.00187402593704 0.979805550552
1659182247.255748510 2.5673082785 -5.19730406932 0.0184322850824 0.242545536585 -2.60919181392 0.00268087467255 0.970136317696
1659182247.356564760 2.55713017541 -5.17917334233 0.0184942379276 0.283116983747 0.000281865741937 0.00208036869605 0.959083086146
1659182247.457453966 2.54467850147 -5.1592954495 0.0179245262039 0.322852021284 -8.84496476801 0.00304656742445 0.946444548273
1659182247.558135509 2.53703669547 -5.12999082745 0.0186702123418 0.361113567903 -6.31391095774 0.00193915224412 0.93251982648
1659182247.659160614 2.5227539019 -5.10681232596 0.0216099402241 0.386185085616 0.000247498760267 0.00323715493125 0.922415600053
1659182247.759968996 2.49460894223 -5.07293966194 0.0212603126864 0.401783424141 0.000236426664075 0.00231691528903 0.915731759901
1659182247.860902071 2.45978258179 -5.04156318689 0.0232198862566 0.416425932281 6.93057154679 0.00263385242958 0.909165829592
1659182247.961705446 2.41014251752 -4.99819590195 0.0237091694928 0.427556823003 0.000558434249823 0.00158217173383 0.90398691804
1659182248.062585592 2.3472626893 -4.93808035961 0.0217046572568 0.439608664281 0.0016889755506 0.00275649947589 0.898183595575
1659182248.163462400 2.28283028069 -4.8643412806 0.0227418321655 0.449413430437 0.00127738837264 0.00129268361023 0.89332203924
1659182248.264311790 2.22033807921 -4.79001541861 0.0207679001991 0.456769128347 0.00205099587891 0.00106902013141 0.889582269383
1659182248.365140676 2.15237646315 -4.71185188055 0.0221559612301 0.461588925737 0.0025781375155 0.000622285624992 0.887089978303
1659182248.465906382 2.08550260475 -4.63464217095 0.0202275245301 0.461791763316 0.00100452954464 0.000912418793259 0.88698733122
1659182248.571651697 2.03399782461 -4.55232676733 0.0215154058416 0.46022585286 0.00116743608552 -0.00102592786486 0.887800511897
1659182248.667749166 1.9707344775 -4.48290682484 0.0229304422143 0.457069788056 0.000464299962785 -0.000430558244239 0.889430608812
1659182248.768550396 1.9069004725 -4.40177567821 0.0220063284564 0.457129234062 0.00019599261302 0.00192328325198 0.889398181882
1659182248.869473219 1.83671384631 -4.31332685786 0.0244123908772 0.456372004574 -0.00254056188822 0.000963424944723 0.8897849239
1659182248.970272541 1.76512058588 -4.22073283411 0.0233277726633 0.455536016756 -0.00289616622814 0.000477770186191 0.890212514737
1659182249.071155310 1.69149550242 -4.13127144214 0.0239745678277 0.45639537502 -0.0040192062509 0.00111856584314 0.889767304665
1659182249.172000170 1.61549726357 -4.03744223032 0.0236263659245 0.456248764182 -0.00291299877764 0.00172539834023 0.889845830816
1659182249.272890329 1.53751897606 -3.93337211323 0.0236496938228 0.454477985171 -0.00324632140846 -0.00142322104668 0.890750917391
1659182249.373701334 1.46389725939 -3.8259514661 0.0233048827087 0.455765118089 -0.00356923523708 0.000197064323065 0.890092904622
1659182249.474548578 1.38484851772 -3.71658907606 0.0263226346228 0.455617612148 -0.00408192310957 -0.000322028383905 0.8901661787
1659182249.575388432 1.3119142326 -3.61447221945 0.0261281025853 0.456407114298 -0.00243114323879 -0.000837338953856 0.889767348481
1659182249.676284552 1.24306444029 -3.51278342573 0.0267147040651 0.454374092244 -0.00352223509869 -0.00181774660875 0.89080215197
1659182249.777086735 1.17185514223 -3.41447303434 0.0242319152575 0.454131058921 -0.00359999582124 -0.0030278697114 0.890922473259
1659182249.878046989 1.09568919214 -3.31968590161 0.0218503970388 0.451648642874 -0.00496786124347 -0.00161876504962 0.892180588976
1659182249.978856802 1.02698976572 -3.22840347791 0.0215331051437 0.446297778075 -0.004754298599 -0.000300317782777 0.894871834253
1659182250.079712152 0.937435333408 -3.12671609769 0.0181577237482 0.433050840134 -0.0063817464208 0.00115298233017 0.901346167576
1659182250.180576086 0.840085868849 -3.04287931394 0.0181212971617 0.414145391112 -0.00633263201216 -0.000446250493651 0.910188603342
1659182250.281406641 0.740792648561 -2.96546833135 0.014906530872 0.389203196446 -0.00585757337168 0.00215617077343 0.921130778792
1659182250.382262468 0.651723409136 -2.8834809588 0.0134858602919 0.355990256113 -0.00547697436022 0.00304930237888 0.93446864156
1659182250.483037710 0.549945536272 -2.80761880601 0.0153467912935 0.321805376367 -0.00465875341975 0.00327729655749 0.946788706674
1659182250.584019423 0.447833047129 -2.74185643986 0.0142280548277 0.286103733721 -0.00503772211193 0.003274119668 0.958179813525
1659182250.688832998 0.344007647631 -2.68627792406 0.014658295689 0.249978132577 -0.00497652019356 0.00326167482487 0.968233199677
1659182250.785690069 0.243969997175 -2.64238623457 0.0135184467781 0.214534014663 -0.00391741300183 0.0032953615946 0.9767031028
1659182250.886554003 0.124728664558 -2.59383886646 0.0143768832872 0.178021147352 -0.00423115019295 0.0043353960051 0.984008014604
1659182250.987430334 0.0101442902472 -2.5558079685 0.0136736720894 0.142018509075 -0.00432808312913 0.00299021175721 0.989850023696
1659182251.088279247 -0.11880128702 -2.53295995958 0.0108732697774 0.105377560291 -0.00265027346393 0.00522053885563 0.994415050073
1659182251.189152002 -0.250680665047 -2.51675427897 0.0099709897329 0.0691884284873 -0.00363276134234 0.00346169646183 0.997590988866
1659182251.289991856 -0.391838514148 -2.50616201543 0.00405742405904 0.0340803510869 -0.00601828258114 0.0029476968978 0.999396628485
1659182251.390826464 -0.527140366321 -2.50307852819 0.00249490882111 0.00410154555934 -0.00739870824081 0.00290960101539 0.999959984531
1659182251.491611719 -0.661360272839 -2.50101967692 0.00337731895144 -0.0168365540528 -0.00521879916512 0.00366922974246 0.99983790253
1659182251.592639446 -0.797579858267 -2.50419119468 0.00508207587027 -0.0390535786946 -0.00237329897064 0.00364977052384 0.999227634035
1659182251.693476439 -0.943396837117 -2.51202454683 0.00753610577347 -0.0590988934215 -0.00315873695075 0.00207587464705 0.998244976908
1659182251.794332266 -1.09321379607 -2.53823701679 0.00737498273386 -0.08062208462 -0.00436430172206 0.00169337590335 0.99673374821
1659182251.895144939 -1.23588148197 -2.57583815516 0.00706829225833 -0.0998735667936 -0.00407394778372 0.00286059993109 0.994987683629
1659182251.995993376 -1.3878910912 -2.61589730768 0.00632878588329 -0.114742269392 -0.00436989281461 0.00388072876938 0.993378103038
1659182252.096849203 -1.53822414449 -2.66316871267 0.00578524964095 -0.121732902406 -0.0040373882597 0.00299263013728 0.992550172099
1659182252.197777510 -1.69937988596 -2.71365807219 0.00418705395411 -0.121046126617 -0.00408425278048 0.00275103255684 0.992634668914
1659182252.298574209 -1.86760043292 -2.75373175365 0.00304756916207 -0.118372144101 -0.00528082067467 0.000361192979893 0.992955194343
1659182252.399462938 -2.02642927377 -2.77444501082 0.0017616098038 -0.0958173554298 -0.0037492336673 0.000125402272193 0.995391863499
1659182252.500325918 -2.18888058121 -2.80462141657 0.000864789766501 -0.0504065786267 -0.00384881444738 -0.00075165243648 0.998721081422
1659182252.601214886 -2.34816053217 -2.78448827186 0.00319459658856 -0.00157333481564 -0.00301264310316 -0.00142921643395 0.999993202947
1659182252.701989412 -2.50650112446 -2.76208003434 0.00140797046713 0.0524503108772 -0.00424797471157 0.000234318138602 0.998614472504
1659182252.802870035 -2.66473180011 -2.71801267005 0.00442830029708 0.0999576113575 -0.00553318863363 0.00200852326288 0.994974283884
1659182252.903697252 -2.81231270321 -2.66231150971 0.00333994750408 0.151380801432 -0.00443081181826 0.00030310213964 0.988465542643
1659182253.004418612 -2.94767187925 -2.59678929241 0.00546511574991 0.193928480511 -0.00204373712415 0.00194890663132 0.981011605104
1659182253.105282545 -3.07653518004 -2.52165321376 0.00371013252679 0.235074526775 -0.00138025278546 0.00138519426781 0.97197538189
1659182253.206166506 -3.20090243054 -2.43912834241 0.00480473992498 0.272448562784 -0.000865699510608 0.00177812381331 0.962168316604
1659182253.307143211 -3.3225358824 -2.34881614646 0.0102859948195 0.305838746606 -0.00212735428116 0.00220170378769 0.952078404302
1659182253.407961130 -3.43104113461 -2.24152696517 0.00982409857817 0.323342786324 -0.00153472086917 0.00434886822105 0.946270666622
1659182253.508912325 -3.54775201001 -2.14180095091 0.00879778728131 0.324620873544 -0.003226285657 0.00440192946053 0.945828474173
1659182253.609743595 -3.66538256739 -2.04699190557 0.00851118651097 0.313357680979 -0.00313614197499 0.00642215721993 0.949608279388
1659182253.710588217 -3.79207372149 -1.96138254337 0.00205662718788 0.289499012526 -0.00347439553314 0.00507465559492 0.957158554364
1659182253.811421156 -3.91339883093 -1.89563077895 0.00235213918017 0.266914240331 -0.00193852116386 0.00505441480128 0.963705081099
1659182253.912295818 -4.03021170003 -1.84154930211 0.00218997253326 0.24521977269 -0.00314758563672 0.00516151539366 0.969448665245
1659182254.013168573 -4.14536364334 -1.78754036815 0.00150595591456 0.232444891646 -0.00278543320418 0.00421321218314 0.972596454113
1659182254.114014626 -4.26408940343 -1.74016962551 0.00186820134636 0.225017880024 -0.00316955299865 0.00338504673197 0.974343599077
1659182254.214836836 -4.39040334812 -1.69876822047 -0.00217390183261 0.223774802788 -0.00253586666205 0.00453494469708 0.974627026762
1659182254.315715075 -4.51950237711 -1.66077155178 -0.00157867914328 0.22850720741 -0.00135357434273 0.00423942387107 0.973532049438
1659182254.416610003 -4.63952126922 -1.61118463493 -0.00235380204865 0.239254691297 -0.00118516369813 0.00412685840727 0.970947350333
1659182254.517496347 -4.75939322923 -1.55987577244 -0.00114806413912 0.254270307427 -0.00230787576396 0.00460419020233 0.967119478608
1659182254.618299246 -4.89042461167 -1.51871210116 -0.00213388081488 0.276802328287 -0.00144177053456 0.004849783855 0.960913561122
1659182254.719005346 -4.99958677643 -1.45388258883 -0.00270420835099 0.300086864517 -0.00105641443729 0.00422724413682 0.953901927946
1659182254.820086956 -5.10157256194 -1.36723337899 -0.00151730533712 0.333856431446 -0.00441042758484 0.00566181692067 0.94259661316
1659182254.920838594 -5.19861194222 -1.27182881179 -0.00226569260545 0.370300934232 -0.00434258622017 0.00410914473893 0.928892606807
1659182255.021731138 -5.29114358116 -1.18103909225 -0.00301585768278 0.410546484842 -0.00385826178505 0.00323314446569 0.911825775231
1659182255.122614145 -5.37868950139 -1.07731001852 -0.00367994000302 0.444835017819 -0.00279842556774 0.00265582323595 0.89560422193
1659182255.223459959 -5.46624893108 -0.96736238584 -0.00144499969652 0.478367600575 -0.00309311796008 0.00218966820391 0.878151511241
1659182255.324302435 -5.53857402615 -0.849236596693 -0.00254947458757 0.505978976 -0.00353840367039 0.00111867189084 0.862537827645
1659182255.526072264 -5.69323344021 -0.593138610356 -0.0020076892581 0.522685347861 -0.0032916886063 0.00258615763394 0.852515397929
1659182255.626900911 -5.75896962474 -0.472208680252 -0.00172493209535 0.517713116837 -0.00298025271134 0.00164058786998 0.855547517804
1659182255.727815866 -5.82693496821 -0.352564161739 -0.000488860473978 0.510559225972 -0.00234754451412 0.00122922905561 0.859838505073
1659182255.829182148 -5.89361947827 -0.228134120377 0.00340318176384 0.498782851039 -0.000938790601208 0.00307080211725 0.866721037218
1659182255.929453135 -5.97096943816 -0.137945362949 0.000737134243621 0.477843938513 -0.00120829480321 0.00323834850846 0.87843794519
1659182256.030280352 -6.03913636314 -0.0599535287049 0.000860339150396 0.446798943743 -0.00191126246536 0.00295688614601 0.89462746871
1659182256.131150961 -6.11405400877 -0.00540898054315 -0.00298992711535 0.404307688043 -0.00203702712868 0.00215315946559 0.914618230637
1659182256.232071400 -6.17880490454 0.0382367161763 -0.00425425452856 0.353988935492 -0.00159983022878 0.00254603374067 0.935244776411
1659182256.332841158 -6.2453869742 0.0740776794471 -0.00828377855308 0.299220151184 -0.00206433267083 0.0031604106796 0.954176635356
1659182256.433533669 -6.31490268969 0.0942819118155 -0.00881408956277 0.247594242922 -0.0030434224132 0.00196347858794 0.968857044772
1659182256.534507036 -6.37726272316 0.103756885812 -0.00374764073255 0.203541284754 -0.00176021648953 0.00175030859954 0.979063217294
1659182256.635423660 -6.44470080151 0.130072309174 -0.00237637805881 0.174638968691 -0.00209067252263 0.00204821733022 0.98462818592
1659182256.736273050 -6.51138009717 0.16061138759 -0.00127831030216 0.166670102134 -0.00301831936456 0.000998512826382 0.986007591135
1659182256.837133169 -6.57278517776 0.187116518929 -0.00347123988556 0.172952006142 -0.00230828858694 0.000842920991784 0.984927187593
1659182256.938017130 -6.63848530135 0.218031244269 -0.00474508282992 0.1780915757 -0.00343977059055 0.000954344404898 0.984007442995
1659182257.038705111 -6.69246659015 0.233977359354 -0.00266561663712 0.180710802661 -0.00342027182378 0.00229670818691 0.983527647132
1659182257.139732122 -6.73452064068 0.25706673094 -0.00369421893468 0.18709358567 -0.00455648671479 0.00169846226816 0.982330058512
1659182257.240574121 -6.7594323342 0.274358749564 -0.00513517415588 0.186835185883 -0.00416879547174 0.0018393370116 0.982380705887
1659182257.341467142 -6.76632716149 0.278040219427 -0.00423555313701 0.184731531673 -0.00354014345516 0.00139242684904 0.982781659239
1659182257.442336559 -6.77557774859 0.2814085469 -0.00281427433222 0.181001506813 -0.00233866377293 0.00185406920984 0.983478290361
1659182257.543201685 -6.78329364199 0.289486247225 -0.00208968396907 0.179037109104 -0.00284703983967 0.00156551136633 0.983836956564
1659182257.644030094 -6.7866911839 0.296421270107 -0.00250841927689 0.181485792814 -0.00296006139357 0.00063004285916 0.983388909887
1659182257.744883537 -6.79079682305 0.299557920451 -0.00247902686433 0.181392799264 -0.00231278154803 0.00104059905733 0.983407453994
1659182257.845709085 -6.79394383779 0.305637646939 -0.00561996078319 0.180856873326 -0.00275397026145 0.0015333926556 0.983504375041
1659182257.946582317 -6.79636795665 0.312965755826 -0.00539480565818 0.179249566856 -0.00294146460793 0.0012251117549 0.983798475131
1659182258.048824072 -6.79181205548 0.308832757159 -0.00471927241701 0.181475191863 -0.00202288085337 0.00269198141733 0.983389757892
1659182258.148147345 -6.7873758385 0.306369198578 -0.00586972174655 0.181294841197 -0.00224943704213 0.00271373354274 0.983422470883
1659182258.249153852 -6.78817646779 0.303188973436 -0.00505500502872 0.179810368846 -0.00277459630684 0.00108441538067 0.983696780982
1659182258.350015640 -6.78881035912 0.304616068009 -0.0042987215513 0.178370439888 -0.00277233701941 0.000837476131334 0.983959144962
1659182258.450851679 -6.78981388469 0.300484303345 -0.0053512209441 0.179732752406 -0.00285188716758 0.00199313805127 0.983709322845
1659182258.551734209 -6.79194615527 0.30099623081 -0.00534641922191 0.180533755933 -0.00214859203861 0.00218782114326 0.983564009081
1659182258.652591944 -6.79303586025 0.2950662107 -0.00507529966994 0.180863304375 -0.00243727832052 0.000848272676341 0.983504857761
1659182258.753377199 -6.79323352897 0.293276672664 -0.00871554957034 0.180481992171 -0.00288628767536 0.00149640601227 0.983572915759
