1659182063.089385509 -0.000408664524208 0.00119889233026 0.00591023657153 0.999983379533 0.000571074057356 -0.00121461326127 -0.00560707110493
1659182063.190231323 0.0137838967362 -0.000975416027788 0.0075887866506 0.999868777 0.000987179224207 -0.00077259572534 -0.0161510790201
1659182063.291091919 0.0360330270912 -0.00520550909454 0.0157677922667 0.999520693934 0.000403172754806 -0.000808691149267 -0.0309445611975
1659182063.391949892 0.0900364247309 -0.0088085692631 0.0173599090211 0.998958853939 0.00108847196599 -0.00250672012295 -0.0455383324142
1659182063.492816925 0.148753752345 -0.0148967506147 0.018028987117 0.99824770721 0.000805952888809 -0.00208731225016 -0.0591312829061
1659182063.593679428 0.217490080689 -0.0224522750331 0.017831044835 0.997520012095 0.000911540435302 -0.000113552899977 -0.0703774230141
1659182063.694509029 0.285288828746 -0.0320653318677 0.0173374017734 0.996801667936 -0.000476248303338 -0.000677775775716 -0.0799108791565
1659182063.795388222 0.351223267497 -0.041688219776 0.020121786249 0.996212739739 0.00093854850941 -0.00139950462625 -0.0869329494163
1659182063.896298647 0.421077666257 -0.0509722873008 0.0218364379419 0.996027905227 0.00152205767341 -0.00183655836137 -0.0890096758952
1659182063.997105598 0.490883384173 -0.060713283708 0.0210748099348 0.996291712321 0.00100973878763 -0.00168457022959 -0.0860172460145
1659182064.098331213 0.557065159378 -0.0710333669103 0.02316938827 0.996644915002 0.00126430842938 -0.00252989887705 -0.081798010592
1659182064.198789120 0.629048620676 -0.0808041685224 0.019202421793 0.996854817649 0.00120045412638 -0.000982487189444 -0.0792342486539
1659182064.299534321 0.707359137336 -0.0862027696923 0.0183207772829 0.996939877171 0.00145738222508 -0.000593870238039 -0.0781562835713
1659182064.400514603 0.781738908961 -0.0972371802563 0.0166757412896 0.996885134016 0.0019368888562 -0.000412961791684 -0.0788422951336
1659182064.501451015 0.855370601684 -0.107220227087 0.0182274680778 0.996819094064 0.00141894187626 0.000642613254797 -0.0796822901401
1659182064.602282286 0.937227748575 -0.118326003214 0.0176544583152 0.996703538904 0.000803863076312 0.000524274946116 -0.0811241916868
1659182064.703113556 1.01597454116 -0.127299012741 0.0170979601597 0.996742396436 0.000934383101512 -4.01497430116 -0.0806456475131
1659182064.803982496 1.09752817549 -0.137370021365 0.0149172325836 0.996939070867 0.00142615453061 -0.000211654584769 -0.0781691132326
1659182064.904799461 1.18574379059 -0.151927596983 0.0101366961439 0.9970231798 0.00157888611957 -0.000576179252595 -0.077084071495
1659182065.005677223 1.27377656949 -0.164304562404 0.0116048731407 0.997090798777 0.00155126068627 -0.00125670567684 -0.0761968062017
1659182065.106521130 1.36534702504 -0.177158008428 0.0144249234147 0.997307088192 0.00175344625276 0.000209684954406 -0.0733174829164
1659182065.207397461 1.46703339846 -0.186904471456 0.0124377481279 0.997476206461 0.00267107573475 0.000240860717065 -0.0709508624614
1659182065.308214188 1.56183315529 -0.199664209952 0.0190317019076 0.997424239374 0.00372055490139 -0.000398594211668 -0.0716301982573
1659182065.409122229 1.66178010085 -0.21387269605 0.0199777864947 0.997271849234 0.00337861103798 -0.00162674329535 -0.0737210785317
1659182065.509913445 1.76811196689 -0.227694147349 0.0191531312121 0.997305848975 0.00417461709198 -0.00178027457955 -0.0732150721825
1659182065.610815525 1.87285411355 -0.237652851881 0.0174687082133 0.997391805523 0.0039312771829 0.00100639754405 -0.0720632950969
1659182065.711696148 1.97797664193 -0.248674984032 0.0164082229264 0.997382007012 0.0045807843621 0.00020176493643 -0.072167221049
1659182065.812539101 2.08495183166 -0.258643966398 0.0166136042458 0.99733262503 0.00388592681287 0.00237397276934 -0.0728484651664
1659182065.913346052 2.19377892237 -0.271213789206 0.0196869792525 0.997176959967 0.00427139149691 0.00155345243092 -0.0749496665133
1659182066.014163017 2.29798635525 -0.283767146919 0.018881558507 0.996672318087 0.00431177757197 0.000469998067592 -0.0813970394742
1659182066.115076065 2.40025612238 -0.297283933498 0.0155633179111 0.99580232545 0.00424765249156 0.00132126369956 -0.0914217716865
1659182066.215946674 2.49974399971 -0.313418534023 0.0212901103389 0.994841341351 0.00388750676494 -0.000404798992266 -0.101367790583
1659182066.316830158 2.59370287045 -0.33209532639 0.0239403218308 0.993829862623 0.00412585114703 -0.000139926735964 -0.110838449694
1659182066.417682648 2.68505419504 -0.354913270979 0.0252929405066 0.992364380983 0.00409767745911 -0.000501461357441 -0.123271622579
1659182066.518535137 2.77985075736 -0.381511432078 0.0229265906382 0.990535724422 0.00379431477901 -0.000195938859167 -0.137202563489
1659182066.619375229 2.87204644315 -0.405557534365 0.0240022112995 0.98884106834 0.00337301634934 -0.00092445252235 -0.148933239115
1659182066.720249176 2.96848557229 -0.43003648771 0.0231610649071 0.987029183745 0.00321833313061 -0.00158590110746 -0.16050083391
1659182066.821090698 3.06679464665 -0.461300553997 0.0168733963477 0.984050274461 0.00249869442601 -0.000800145655108 -0.177871227649
1659182066.921966553 3.15706133264 -0.493595115203 0.0133741825047 0.979728229537 0.00163819021527 6.84231269656 -0.20032450649
1659182067.022871494 3.24488302794 -0.531504673538 0.0164566201183 0.973814268227 0.00156097363854 -0.000635871553155 -0.22733880009
1659182067.123663425 3.33394244366 -0.576780522314 0.017993156624 0.96691409266 0.00122752771622 0.000125958857498 -0.255099225256
1659182067.224499464 3.40864936901 -0.621054257773 0.019226865705 0.958834981984 0.0013905008964 0.00129559200522 -0.283957506105
1659182067.325254917 3.47274496309 -0.673149990445 0.0213344138367 0.949010864134 0.00294316637533 0.00181106020145 -0.315224424162
1659182067.426278591 3.54060558211 -0.737110891029 0.0187599294241 0.937907648094 0.00134208747518 0.00195661295546 -0.346876943763
1659182067.527136087 3.60121349396 -0.802240962921 0.0170996763778 0.926374433441 0.0027872231759 0.00321776917506 -0.376579721194
1659182067.628147840 3.65320368446 -0.867457407247 0.017984615069 0.914851441343 0.00293339261436 0.00274110703029 -0.4037706302
1659182067.728784561 3.69793753119 -0.937118527796 0.0162225288966 0.904067920109 0.00380774018389 0.00233774815532 -0.427365454708
1659182067.829628229 3.73827207132 -1.00737986679 0.0117758344138 0.89460934064 0.00306878102091 0.00210468266535 -0.446833616163
1659182067.930624485 3.77677139565 -1.080260509 0.0111187466147 0.886068456951 0.00370462236863 0.000411678243307 -0.463539422153
1659182068.031416893 3.8203260472 -1.14636007576 0.00947282669759 0.875732189971 0.00561818687422 0.00192186271582 -0.482760679704
1659182068.132275105 3.85300844418 -1.21223821501 0.00668771889157 0.86419267026 0.00604968543271 0.00235366136171 -0.503119161088
1659182068.233089447 3.89036985597 -1.27985834005 0.00738182119145 0.854195130138 0.00578500472015 0.00151935522919 -0.519918171377
1659182068.333991528 3.92702798058 -1.3552064417 0.00842859666605 0.843865001985 0.00567397632393 0.00207051987108 -0.536521553494
1659182068.434803247 3.96004715049 -1.43464419875 0.00749210918009 0.83338982877 0.00450729687448 0.00239068533192 -0.55266206872
1659182068.535686016 3.9897415165 -1.5126330621 0.00803014828626 0.822328609993 0.0049819693544 0.0025360712101 -0.568985417661
1659182068.636566162 4.01091048407 -1.59474985145 0.00506208952465 0.811655751775 0.00452872958868 0.0038488379309 -0.584105827454
1659182068.737256289 4.03243955515 -1.6856648636 0.00783032231849 0.800960455131 0.00468402325842 0.00356220806333 -0.598688332871
1659182068.838244438 4.04644696264 -1.79089102919 0.00576425337473 0.787999169304 0.00597326280385 0.00489459216847 -0.615627868339
1659182068.939058304 4.06071876303 -1.88583381534 0.0106671864435 0.775505815475 0.00630928102153 0.00401533566632 -0.631296127199
1659182069.039938927 4.07603428896 -1.98354114965 0.00378366221958 0.763318483464 0.00534016836156 0.00514515250667 -0.645979800621
1659182069.140791416 4.08657659123 -2.08842520852 -0.00165127761587 0.7504906085 0.00460123109579 0.00513743143873 -0.660845127109
1659182069.241655827 4.10101248079 -2.18370862796 -0.00491029733212 0.73781878808 0.0033028067181 0.00557555578238 -0.674967733008
1659182069.342564106 4.11379123386 -2.27770418061 -0.00401457593232 0.725470102697 0.00323157548676 0.00409617036925 -0.688233905297
1659182069.443382740 4.12044486964 -2.37568035401 -0.00694737533052 0.716902675837 0.00231473026778 0.00376604374377 -0.697159244589
1659182069.544263840 4.12117961908 -2.47656043881 -0.01117391816 0.715541796305 0.00168303979259 0.00569171903101 -0.69854470827
1659182069.645092010 4.1297523255 -2.5790963617 -0.0119217127917 0.719566175273 0.00290775263739 0.00529557027332 -0.694397595987
1659182069.745999575 4.13643122056 -2.68330005578 -0.0182344435085 0.723257177828 0.00283231255612 0.00561850095757 -0.690550117785
1659182069.846827507 4.14105130271 -2.79238406376 -0.0237300569111 0.726490662082 0.00299356743168 0.00525587685227 -0.687149716015
1659182069.947686911 4.15427241221 -2.89773797537 -0.0229855174722 0.729657885117 0.003647485741 0.00489375363692 -0.683785140018
1659182070.048529625 4.16527384156 -2.99942029541 -0.0219647622963 0.733637415448 0.00281375790102 0.00528383685059 -0.679514758111
1659182070.149366856 4.17982413964 -3.10212308444 -0.0180575542079 0.739441412588 0.00137054559308 0.00209341120164 -0.673216262864
1659182070.250214577 4.19580818255 -3.20981606863 -0.0172079335008 0.74397315932 0.000465637509793 0.00115921706701 -0.668208333986
1659182070.351098061 4.21087776471 -3.32342447042 -0.023438684418 0.746305712802 -0.000260753911593 0.000965562133383 -0.665602571161
1659182070.451941013 4.2236988088 -3.43212615226 -0.029334064345 0.747735595459 0.00325246460931 0.00204609996504 -0.663985477426
1659182070.552804470 4.24316509899 -3.54033200368 -0.0277409883636 0.747624145026 0.00546114817141 0.00405107540197 -0.664087270186
1659182070.653688669 4.25722450081 -3.6558946138 -0.0273619327903 0.746087185362 0.0056248401467 0.0044728328092 -0.665809482344
1659182070.754476070 4.27341956418 -3.77431253311 -0.0234772743972 0.745297588829 0.0045796254953 0.00390907875968 -0.666704769909
1659182070.855403423 4.29695729762 -3.89514030079 -0.0206975069943 0.744987825177 0.00427576685351 0.00261008181583 -0.667059251963
1659182070.956230164 4.31691795865 -4.01262780761 -0.0208123464992 0.744364732107 0.00233749404446 0.00177738880451 -0.667766817539
1659182071.057117939 4.33850943463 -4.13773295939 -0.0162312261718 0.745971839842 0.00278875879552 0.00220776912578 -0.665967989278
1659182071.157968998 4.3535621112 -4.2698840466 -0.0196989156387 0.747579620685 0.00263068675291 0.00158723863262 -0.664165093104
1659182071.258831263 4.36883362512 -4.39716170321 -0.0190892378195 0.747231556332 0.00405086798518 0.00340330134493 -0.664542706852
1659182071.359632015 4.38846262798 -4.52789858043 -0.0239415704937 0.747175506041 0.00539208186668 0.00297455891569 -0.664598255057
1659182071.460566282 4.4057638484 -4.65623702218 -0.0247172961118 0.747914531624 0.00588760139556 0.00461893838677 -0.663752856825
1659182071.561383724 4.42183742868 -4.78302673166 -0.0234877831337 0.746741856055 0.00515781475707 0.00425851438362 -0.66508034283
1659182071.662226439 4.43952775525 -4.90709756161 -0.022130180501 0.746312578717 0.00416533939049 0.00453186833721 -0.665567161874
1659182071.763115883 4.45664831283 -5.02395806879 -0.0258631140765 0.746441802479 0.00387262332897 0.00312489064032 -0.665432095227
1659182071.863976002 4.47328537359 -5.13444041396 -0.0243368176117 0.745541452872 0.00319748685189 0.00407813048683 -0.666439109731
1659182071.964841366 4.49092605318 -5.24016379505 -0.0280251191034 0.745444255972 0.0032511921267 0.00452053406197 -0.666544713999
1659182072.065586567 4.50266509057 -5.35135504626 -0.0321864964477 0.744953340798 0.00389852498778 0.00432717891582 -0.667091145991
1659182072.166541338 4.51369772848 -5.46993206916 -0.0349988861289 0.743334739659 0.0033782603776 0.00354575886959 -0.668901696639
1659182072.267395973 4.53074312108 -5.58719514226 -0.0362877278072 0.742148723688 0.00322652783794 0.00340450823901 -0.67021882305
1659182072.368237495 4.55645665322 -5.70820276498 -0.0360065029914 0.742976025546 0.0032988004835 0.00308612900335 -0.66930278588
1659182072.468974829 4.57968124246 -5.83328557505 -0.0323414284366 0.744521441776 0.00371462253332 0.00192663160639 -0.667585434537
1659182072.569970846 4.59411773191 -5.95665372599 -0.0350619746617 0.744816354774 0.00430710142086 0.00211384566946 -0.66725225979
1659182072.670838356 4.60706012647 -6.08143854706 -0.0323691846224 0.745346110063 0.00476655509072 0.00113339528238 -0.666659711984
1659182072.771653175 4.62162367031 -6.20292424271 -0.0277820474722 0.745535216574 0.00534172024845 -0.00195256864907 -0.666441966227
1659182072.872539043 4.63100333987 -6.32396064189 -0.0307475594307 0.745324862269 0.00419548220008 -0.00162149190912 -0.666686296827
1659182072.973370075 4.6452437488 -6.44396319351 -0.0322905146373 0.744882595551 0.00421541960802 -0.00210390656953 -0.667178928519
1659182073.074354172 4.66155342605 -6.5665968883 -0.0326083599334 0.744236143032 0.00434214305496 -0.00174776649374 -0.667900183045
1659182073.175396442 4.68180912284 -6.69076756307 -0.0321995118631 0.742825646797 0.00237862341887 -0.000741733953409 -0.669480283834
1659182073.275965691 4.69480303886 -6.81561924038 -0.0295910880793 0.74022837253 0.00273945079045 -0.00042297865901 -0.672349814457
1659182073.376812935 4.70048903071 -6.94270479174 -0.03323175182 0.736166639397 0.003675745506 4.02773805024 -0.676790341474
1659182073.477685690 4.7083430033 -7.06327574999 -0.0314395321275 0.728135358194 0.00453869403159 0.00165640464725 -0.685416338241
1659182073.578574657 4.71626350747 -7.19029323619 -0.0340194649939 0.718661745087 0.00590136698402 0.00272781970543 -0.695329439198
1659182073.679400444 4.71967381458 -7.31124485238 -0.0379195391732 0.705496469777 0.00504385138306 0.00283711332717 -0.708689806251
1659182073.780237913 4.71354279856 -7.4379641383 -0.0414959560875 0.688441509536 0.00345556587423 0.00255662366516 -0.725279126053
1659182073.881093264 4.70779335726 -7.57030748697 -0.0369936390476 0.669511456132 0.00352888065298 0.00225988596137 -0.742789909749
1659182073.981958866 4.69163571489 -7.69017153733 -0.0390539425911 0.647946242412 0.00307608801376 0.00219478733981 -0.761676694888
1659182074.082835674 4.67720893769 -7.80196435851 -0.034933405056 0.623534773655 0.00110267647252 0.0014000663202 -0.781793585265
1659182074.183677912 4.65074989799 -7.90816940779 -0.0305062374013 0.598851710907 0.00082597426067 0.000944601254175 -0.80085894753
1659182074.284535885 4.61566574317 -8.0179559906 -0.0286711495919 0.570169688834 -0.000200408275007 0.00077269693467 -0.821526559955
1659182074.385406494 4.56520228962 -8.12117428449 -0.0317876459243 0.541529141606 0.000211212776821 0.000170815708771 -0.840681934505
1659182074.486259222 4.51296900888 -8.22588847132 -0.034574248374 0.507099383857 0.00171262722302 0.000877000553735 -0.861885440572
1659182074.587010145 4.45592618666 -8.32506224751 -0.0373469661822 0.473702706359 0.00355674184881 0.002193802099 -0.880674901884
1659182074.687963963 4.38068450817 -8.41834771646 -0.0405371217266 0.440294457691 0.00319141934315 0.00175443447466 -0.897846048791
1659182074.788826466 4.30214071359 -8.50943766516 -0.0409438865221 0.404853007821 0.00384401799781 0.00097270859167 -0.914373183893
1659182074.889670849 4.21697437536 -8.59258582392 -0.0429720833045 0.370178886049 0.00432241253551 0.000435762618839 -0.928950331926
1659182074.990444660 4.12989713236 -8.67079267991 -0.0364250590694 0.336906225141 0.0031685679818 -0.00056381924047 -0.941532706679
1659182075.091417789 4.0432178247 -8.73895667971 -0.0396656523318 0.30507803852 0.00200890319437 0.000320332825776 -0.952325181914
1659182075.192261696 3.94409691471 -8.80522312789 -0.0386899602416 0.276858243889 0.00182140507193 0.000189470124784 -0.960909027627
1659182075.293103695 3.84426567951 -8.8649085764 -0.0427868251657 0.256780961111 0.00198486742514 0.000281980416388 -0.966467546687
1659182075.393975735 3.73904598511 -8.92148776184 -0.0408380311527 0.242167100167 0.00203141692293 -0.000640880874894 -0.970232218705
1659182075.494812012 3.63692170356 -8.97059909248 -0.0388414319 0.231140162494 0.00291580952184 -0.000501601363625 -0.972915963346
1659182075.595700264 3.53865802246 -9.0136113985 -0.0418744599551 0.218598077887 0.00332547882838 0.000230515831669 -0.975809288948
1659182075.696516275 3.43654457205 -9.05697392218 -0.0447409458209 0.206491008727 0.00210339494199 0.000203528987219 -0.978446216008
1659182075.797399998 3.33632697406 -9.09653348841 -0.046231822221 0.188745155293 0.000371898053708 0.000320077243812 -0.982025980102
1659182075.898223877 3.23988474141 -9.13297520493 -0.0437908600398 0.165125415265 -0.00096475232867 -2.85944308382 -0.986272105288
1659182075.999104261 3.14248075359 -9.16165806714 -0.0413745026236 0.13663217625 -0.000541983201951 0.00038207039987 -0.990621627409
1659182076.099950314 3.03377074899 -9.18415395939 -0.0438190612836 0.104708714668 0.00027931896844 -0.000493955589048 -0.994502771772
1659182076.200904369 2.92525584658 -9.1997807247 -0.0432759494721 0.0701202010237 0.000759941780691 0.000355782692316 -0.997538196419
1659182076.303180456 2.82312787663 -9.2107263235 -0.0405022389836 0.035770666076 1.53282141852 -9.56639251578 -0.999360024777
1659182076.402516127 2.72458947268 -9.21676100444 -0.0389286224471 -0.00281035067864 0.000629960107945 0.000362283138002 -0.999995786906
1659182076.503380775 2.62234656388 -9.21577572968 -0.0361557471635 -0.0372222292543 0.000657680212689 5.33001457538 -0.999306794866
1659182076.604204893 2.51939194321 -9.20861282228 -0.0372072209134 -0.0702583518451 0.000680916241172 0.000291969975613 -0.997528553527
1659182076.705083370 2.42020228952 -9.18915781233 -0.0333825803967 -0.102501909382 -0.000701076267066 -0.000345625947044 -0.994732500529
1659182076.805974007 2.321561578 -9.16366656633 -0.033773594168 -0.13607516042 -0.000199386074641 0.000114472834854 -0.990698489884
1659182076.906805754 2.22223960688 -9.12659924143 -0.0327644947148 -0.171421639068 0.000900666473887 0.000273366588445 -0.98519730802
1659182077.007637978 2.12703646061 -9.08515266899 -0.0353211454026 -0.204703588622 0.00104747721057 -8.97651693132 -0.978823444518
1659182077.108560085 2.03705429542 -9.03152206901 -0.0380084915671 -0.238177561564 0.000826470511486 -0.000244564012498 -0.971221244775
1659182077.209300995 1.94972412649 -8.97122300976 -0.0386026247426 -0.271875342102 0.00220456122472 -0.00028530569261 -0.962329910617
1659182077.310251713 1.86775749836 -8.90539595207 -0.0367125288352 -0.306987048248 0.00280868860568 0.00126477399811 -0.951708707443
1659182077.411128521 1.78641305979 -8.83427689512 -0.0353478853032 -0.341093335921 0.00081955876316 0.000862238294338 -0.940028680977
1659182077.511950493 1.71293181586 -8.75383900069 -0.0366887916598 -0.376414907626 0.00133490124529 0.00167116439732 -0.926448726355
1659182077.612802505 1.64161466051 -8.66586676989 -0.0354648802085 -0.411250685846 0.00103448019275 0.00187318114371 -0.911519771828
1659182077.713666916 1.56766882236 -8.58026945388 -0.0355329845952 -0.444662127923 0.000237314694003 0.00183064864761 -0.895696480064
1659182077.814541340 1.50376407876 -8.49172498916 -0.0359952866326 -0.476789932387 0.00159827519631 0.0022127233702 -0.879013031613
1659182077.915259838 1.45026935369 -8.39974143162 -0.0360012587505 -0.50536531093 0.00154140323224 0.00129354239671 -0.862903154086
1659182078.016255617 1.394338627 -8.30251216572 -0.0351805145674 -0.52591735159 0.00203313611984 0.00155835116804 -0.850531820214
1659182078.117079735 1.34663886743 -8.20839080926 -0.0339889338866 -0.543315343134 0.00133684341977 0.000746342376915 -0.839527303748
1659182078.218017578 1.30871333686 -8.11024701253 -0.035801294794 -0.557136517324 0.00240082614041 0.000608265528964 -0.83041722472
1659182078.318835258 1.27322320143 -8.01381576397 -0.0354719073856 -0.567251670182 0.00427335733788 0.000282437635573 -0.823533363818
1659182078.419773579 1.23825627632 -7.92280200778 -0.0378858821413 -0.573323899397 0.00318730623544 -0.000995584438886 -0.819322010122
1659182078.520563126 1.20699300988 -7.83643678494 -0.03867151252 -0.584382226832 0.00228406310919 -0.000611229735804 -0.811475090448
1659182078.621400356 1.17737412707 -7.75192597165 -0.0428679078094 -0.596719871657 0.000502498510631 0.000567149190132 -0.802449263572
1659182078.722244263 1.1498136101 -7.65984251061 -0.0434671439122 -0.610006325996 3.4741280335 0.00224479882971 -0.79239336312
1659182078.823091507 1.12291718266 -7.56592014126 -0.042346425835 -0.624868319819 -0.00116213706201 0.00426061755509 -0.780717669495
1659182078.924010754 1.0988499517 -7.46662949737 -0.044728066651 -0.638471938015 -0.00230893084665 0.00485429944425 -0.76962633075
1659182079.024831533 1.07843938373 -7.36272688566 -0.0419542014547 -0.650819956584 -0.00187230965362 0.00474148402078 -0.759214987272
1659182079.125680447 1.06965070289 -7.25805201407 -0.0381564939494 -0.659590946884 0.000287475442735 0.00289465900882 -0.751619133002
1659182079.226524353 1.06090999776 -7.14564625939 -0.0392751995084 -0.661515184499 0.00107258123473 0.00186162810882 -0.749928693002
1659182079.327279329 1.04720758974 -7.02789640509 -0.036078986149 -0.659092972792 0.000642710829211 0.00102043904488 -0.752060502116
1659182079.428629875 1.0307037645 -6.90328368902 -0.0346258926587 -0.654642307221 0.00193081594739 -0.000133115945409 -0.755936309372
1659182079.529095650 1.01783079723 -6.7866616938 -0.0323482183541 -0.655016663648 0.00351209242314 -0.00117019079222 -0.755605364065
1659182079.629965067 0.998784767053 -6.67459323252 -0.0313819475344 -0.656843217181 0.0023345241374 -0.00127562286111 -0.75402248695
1659182079.730834007 0.977395219201 -6.5508666291 -0.0343028130071 -0.657403463541 0.000539507008921 -0.000615287300812 -0.753538331127
1659182079.831726074 0.9560363228 -6.42166397833 -0.0381650709398 -0.656517170658 -0.000345460221517 0.00266871482068 -0.754306279471
1659182079.932535648 0.935222676679 -6.28722328254 -0.0398203867175 -0.658143105738 -0.00124106615331 0.00362519949097 -0.752883105172
1659182080.033267975 0.912361243057 -6.15897987512 -0.0383128977049 -0.66393170566 -0.000627561343854 0.00274304982056 -0.747787919175
1659182080.134147644 0.897730614734 -6.02294518993 -0.0345895952251 -0.67062907795 -8.49774504739 0.00220483440922 -0.741789573458
1659182080.235119820 0.886465862162 -5.88952071192 -0.0362648846898 -0.679884814842 0.0010934554561 0.00136814557637 -0.733316828581
1659182080.335973263 0.874974511028 -5.75567980876 -0.0360570635061 -0.687888174411 0.000569970011837 0.00123996491091 -0.725815401549
1659182080.436841011 0.866623954877 -5.61465713532 -0.0323590091909 -0.695684068935 -0.000363999849109 0.0017147832973 -0.718345740749
1659182080.537677288 0.865310696106 -5.47002615476 -0.0320086716905 -0.707266628154 -0.00120492331183 0.00289764790864 -0.706939932735
1659182080.638526440 0.861609128329 -5.3318098922 -0.0277504211508 -0.71844643633 -0.00293112129522 0.00255419676558 -0.695571421733
1659182080.739418030 0.868748751189 -5.1896261241 -0.0274010804775 -0.729404526763 -0.00284994650207 0.00421096297105 -0.684063726515
1659182080.840256453 0.87929365046 -5.04707588551 -0.0263136516134 -0.73971123822 -0.00385931602276 0.00363634962952 -0.672903534463
1659182080.941157341 0.895801570777 -4.90274850395 -0.0255411908708 -0.751694927369 -0.00236324062344 0.00560040909544 -0.65948296921
1659182081.041880846 0.918979231541 -4.76866168079 -0.0269232473897 -0.765562403213 -0.00243681327621 0.00577101558881 -0.643331146539
1659182081.142861843 0.950426125545 -4.62944552415 -0.0257682516196 -0.780294666866 -0.0022372133114 0.00327661963141 -0.625399465543
1659182081.243683338 0.986244312005 -4.48972896847 -0.0243355527615 -0.793240578991 -0.000987688492277 0.00279779604547 -0.608901125513
1659182081.344560385 1.03776993726 -4.35150109012 -0.0205510587686 -0.807561036911 -0.00190425055702 0.00258338596251 -0.589775272125
1659182081.445231438 1.09069221556 -4.20935909741 -0.0160385004897 -0.820954857344 -0.00200823985406 0.00199189824996 -0.570986095731
1659182081.546265125 1.15312692196 -4.06571719012 -0.0149423027296 -0.835405352149 -0.00239232273405 0.0023662849171 -0.549624030668
1659182081.647097588 1.22624828755 -3.92922922659 -0.0134897048603 -0.849857037554 -0.00422532684859 0.00167068319927 -0.526993710732
1659182081.747986794 1.31205678827 -3.79281137975 -0.0152951478685 -0.865361127792 -0.003091743125 0.000481412483496 -0.501139030482
1659182081.848799229 1.40509535916 -3.66700058574 -0.0137866773231 -0.880878862493 -0.0020684549655 -0.000166391186023 -0.473337219561
1659182081.949667454 1.50133710113 -3.54397234777 -0.0143377214779 -0.89515890439 -0.00404441101841 -0.000160288923877 -0.445728788546
1659182082.050564528 1.60501465326 -3.42779590431 -0.0115998719144 -0.909281551583 -0.00435926593813 -0.000885009219701 -0.416157750751
1659182082.151423931 1.70599739978 -3.32942223332 -0.011397816995 -0.923893941678 -0.00406257293431 -0.000483300355465 -0.38262677174
1659182082.252258778 1.81209544974 -3.23122350486 -0.0100345679881 -0.937066530776 -0.00503692073269 -0.000886167483078 -0.349113392806
1659182082.353109837 1.93193867463 -3.13841232257 -0.0123667560567 -0.949420724643 -0.00378474726715 -0.00124868369354 -0.313981534641
1659182082.453907490 2.06220422299 -3.052158608 -0.0126032414659 -0.961287749446 -0.00323517294744 -0.00220702081413 -0.275518648154
1659182082.554819345 2.1979106558 -2.97720675057 -0.0130522056834 -0.972138299461 -0.00297899797746 0.000348502469653 -0.234388845379
1659182082.655690193 2.32820696184 -2.91955321769 -0.0121131779753 -0.981191783874 -0.0016791295791 -0.000121795018506 -0.193028104036
1659182082.756449223 2.45834373835 -2.87179082041 -0.0104199439817 -0.987852397174 -0.00317125220864 -0.000754424144627 -0.155360919801
1659182082.857374191 2.59403966711 -2.83457182825 -0.00773021569338 -0.993015274599 -0.00381391758581 -0.00052720757695 -0.117923027854
1659182082.958265305 2.72936607933 -2.80938878582 -0.0111173801696 -0.996741626705 -0.00406681956021 -0.00199546624909 -0.0805332768944
1659182083.059019566 2.87780334585 -2.79866519518 -0.0115010840555 -0.999083366668 -0.00396587331739 0.000113320932648 -0.0426225932339
1659182083.159942389 3.03632149594 -2.79913590296 -0.0131785409826 -0.999982067489 -0.00489356533991 -0.00228390964629 -0.00258872080633
1659182083.260834217 3.19435243276 -2.82125002582 -0.0151494987306 -0.999275380476 -0.00439031928902 -0.0017593623637 0.0377669659207
1659182083.361540079 3.35475245919 -2.85357774636 -0.0133868228482 -0.996743359156 -0.00490354971828 -0.000825737177138 0.0804857088926
1659182083.462524414 3.5135797295 -2.89687441586 -0.0123574738611 -0.992126539993 -0.0047869420115 -0.00216906009622 0.125129169284
1659182083.563292980 3.65928900058 -2.94724689099 -0.0124383569554 -0.98514763089 -0.00395124096794 -0.00193893753537 0.171653061635
1659182083.664240360 3.80668067218 -3.00484693774 -0.00528034270314 -0.976089220895 -0.00345144484166 -0.0023876531103 0.217329748293
1659182083.765038013 3.94652617811 -3.06679044447 -0.00127000423963 -0.964489346735 -0.00277922731885 -0.00185033117469 0.264100647869
1659182083.865983725 4.07039751532 -3.1468993835 -0.000693427221354 -0.950184370704 -0.00249520574446 0.000314644395283 0.311678258171
1659182083.966805458 4.19233460296 -3.24265622789 -0.00152989100655 -0.934342784756 -0.00171447972819 0.00101333798507 0.356370024385
1659182084.067681789 4.30455731038 -3.34698070714 -0.00704165072926 -0.916303651384 -0.00286319228878 -0.00110742425462 0.400472463724
1659182084.168577671 4.39792296588 -3.46756342549 -0.00927154084124 -0.89651778987 -0.00533793544101 -0.00422052177285 0.442955467386
1659182084.269469976 4.47122043856 -3.61434161104 -0.0169623701018 -0.874737025396 -0.00759831202422 -0.00522315647532 0.484510186365
1659182084.370298386 4.52990613248 -3.75730346738 -0.00953295162696 -0.853223808199 -0.00643346015282 -0.00428490390259 0.521487663623
1659182084.471096039 4.57296837013 -3.90065236453 -0.00577879771277 -0.829403089618 -0.00322324433666 -0.00195474744334 0.558637901141
1659182084.571976662 4.62133541373 -4.04368647424 -0.011917915678 -0.805215931104 -0.00323750061453 -0.000815520683019 0.592972307796
1659182084.672859192 4.66297118509 -4.19316125561 -0.0139645582795 -0.779830708945 -0.00239550709274 -0.00256696922729 0.625980620787
1659182084.773710728 4.69983023541 -4.35236598043 -0.0233566515126 -0.7507218604 -0.0029585136 -0.00326390037092 0.660603725746
1659182084.874488354 4.75141936607 -4.52514969851 -0.0292052699353 -0.717516427711 -0.00409866561568 -0.00585783216936 0.696504890656
1659182084.975422144 4.76466387444 -4.67425602577 -0.0247130033939 -0.687839631634 -0.0043707730008 -0.00597513291123 0.725824934322
1659182085.076280594 4.76173650489 -4.82233245718 -0.0205489121279 -0.658945975671 -0.00330960662874 -0.004174206928 0.752171405763
1659182085.177095413 4.73740851 -4.96885077508 -0.0216379799563 -0.628975967641 -0.00183981017957 -0.00366820301461 0.777413912607
1659182085.277966976 4.69567289529 -5.11078517772 -0.0286761974507 -0.598414223931 -0.00267293869999 -0.00367311891247 0.801174001196
1659182085.378816843 4.63793726013 -5.24386747127 -0.0315167227374 -0.564331315321 -0.00192682490865 -0.00420541094502 0.825535443462
1659182085.479736090 4.58041307539 -5.38008891514 -0.02918268894 -0.529248922352 -0.00253330186079 -0.00530777867464 0.848446219896
1659182085.583736181 4.51050670095 -5.5089384941 -0.0318163329314 -0.494138422914 -0.00313976619909 -0.00496895643739 0.869363370715
1659182085.681417465 4.4228269914 -5.63380762298 -0.033578755456 -0.460529719671 -0.0023642394781 -0.00529061974097 0.887625369744
1659182085.783732414 4.33219112259 -5.7474651413 -0.0342443166686 -0.424344492943 -0.000900751632123 -0.00559429665023 0.905483099677
1659182085.883129120 4.23537230945 -5.85669743428 -0.034998311208 -0.387961079393 -0.000182481702558 -0.00391921442541 0.921667406028
1659182085.983932972 4.12868005996 -5.95606556125 -0.0336461636416 -0.353131480978 0.000210533436228 -0.0031118045703 0.935568506038
1659182086.084847450 4.01963565532 -6.05534348132 -0.0364580351084 -0.317598163091 0.000435332372197 -0.00412839140521 0.948216311646
1659182086.185598850 3.90556875446 -6.13647586151 -0.033896128621 -0.280654392949 -0.000362803689147 -0.00143381107462 0.959807753812
1659182086.286501646 3.77735848919 -6.2117470621 -0.0300936980256 -0.242043023646 -0.00051447280377 -0.000955215299778 0.970264911035
1659182086.387381077 3.64030691579 -6.2718388796 -0.0282125713796 -0.202640967981 -0.000804634220492 -0.000739329829833 0.979252492492
1659182086.488148212 3.49521275494 -6.3283349997 -0.0299165905024 -0.160746299513 -0.00130340368518 -0.0019237324229 0.986993023068
1659182086.589105368 3.348412747 -6.37155314488 -0.0285844361392 -0.118066019265 -0.000155035423776 -0.00242389426573 0.993002777335
1659182086.689864874 3.1981200813 -6.40612280943 -0.0297757128801 -0.0792578431212 9.58356100607 -0.00294353302958 0.996849798481
1659182086.790849209 3.03545049131 -6.42694491444 -0.0315443219509 -0.0393579985327 -0.00092211944475 -0.00302408219284 0.999220172221
1659182086.891691208 2.87658683368 -6.43323488757 -0.0307754575727 -0.000196239461672 -0.00136991039429 -0.00183622615155 0.999997356551
1659182086.992556572 2.71273565361 -6.42885286742 -0.0311861311855 0.0383128270444 -0.000137290239646 -0.00152679411247 0.999264618274
1659182087.093433380 2.56082600879 -6.40600999679 -0.0288863211732 0.0778547103864 -0.00148088006018 -0.000874658738499 0.996963232039
1659182087.194242001 2.40062474467 -6.37399296344 -0.0300257668583 0.118106396125 -0.00127285891495 -0.000815235606215 0.992999795778
1659182087.295120239 2.24324218725 -6.3336674003 -0.0297554709737 0.15821689241 -0.000170465786658 -0.00118473010982 0.987403657231
1659182087.395971060 2.0867892673 -6.27613799892 -0.028634308351 0.201966368161 -0.000689926772831 -0.000627655680226 0.979392013538
1659182087.496828079 1.93610618227 -6.20934352586 -0.0256248034819 0.242483003179 0.000500730250724 -0.0011280625042 0.970154869036
1659182087.597718477 1.78679318177 -6.13360271827 -0.0274237607233 0.282380368153 7.0781348357 -0.00111463399251 0.959301873876
1659182087.698540688 1.65799151145 -6.0446545693 -0.0288952781626 0.322850092292 -0.00155622393942 -0.00169807553038 0.94644731106
1659182087.799442053 1.53972496773 -5.9447008157 -0.0272325678262 0.362023585449 -0.00109118872357 -0.000732861565175 0.932168008355
1659182087.900211811 1.42356026801 -5.83077354657 -0.0247063383373 0.401345461855 -0.00274193514794 -0.000917835655893 0.91592219081
1659182088.001171112 1.32503216394 -5.71084879182 -0.0275143987288 0.437814183035 -0.00169328420048 -0.00105529011752 0.899063268232
1659182088.101950884 1.23063723802 -5.58160526342 -0.0263482054068 0.472967236607 -2.69079028283 -0.00176992966479 0.881078237004
1659182088.202894688 1.14005531824 -5.43724314988 -0.0234851239265 0.508795739027 -9.84470534009 -0.00352035559499 0.860880074716
1659182088.303657293 1.06127845552 -5.29202335305 -0.0229336247111 0.542157124178 0.00233740027181 -0.0035968865184 0.840266179059
1659182088.404546738 1.00282654185 -5.14317631736 -0.0241040603802 0.572826115479 0.00240354242684 -0.002957424745 0.819668053573
1659182088.505403757 0.954850928261 -4.98683578078 -0.0188895755655 0.604645026227 0.00231663205421 -0.00327558640784 0.796484962827
1659182088.606254101 0.917274220339 -4.83307016087 -0.0181429602492 0.634782401732 0.0019532251558 -0.00537137862968 0.772669810239
1659182088.707107306 0.897011061421 -4.66847360117 -0.0195570042819 0.663713750822 0.00121587781974 -0.00185443627106 0.747983381953
1659182088.808010817 0.869279093668 -4.49760953756 -0.0152730909721 0.693383686402 -0.000546219598101 -0.00291423091053 0.720562469418
1659182088.908854008 0.847942163152 -4.3373761155 -0.0138841035007 0.719566637991 0.00073766247566 -0.00257026500239 0.694418247947
1659182089.009723425 0.843276974614 -4.18026675703 -0.0106726152202 0.7444977583 0.0011966252586 -0.00308982574629 0.667616738069
1659182089.110529423 0.855850176974 -4.02635207936 -0.00617662945367 0.768501585663 0.00296267531516 -0.0014092622619 0.639839471562
1659182089.211434126 0.892318430659 -3.8777086073 -0.00301975197142 0.791326391188 0.00329001460206 -0.000375784019035 0.611384966448
1659182089.312254667 0.933868929522 -3.72719223911 -0.000290035975168 0.813512899726 0.00227006219232 0.000500741157543 0.581542223794
1659182089.412979126 0.986785691707 -3.58484401761 -0.00547894408725 0.831150255893 0.00304041987511 -0.00028216854517 0.556039502515
1659182089.513988972 1.05304629042 -3.44392625557 -0.00254277680666 0.849306567381 0.00455938974961 0.00163688425463 0.52787771991
1659182089.614818096 1.13960401865 -3.30657534004 -0.00296230366899 0.866170224019 0.00382479244863 -0.00140401394688 0.499732471158
1659182089.715681076 1.22713791038 -3.17990917938 -0.00521559017397 0.881652664725 0.0041790612923 8.75493799943 0.471880394343
1659182089.816569090 1.32955791084 -3.05061972059 -0.00248336458301 0.896180891003 0.00380816214331 0.00167369493249 0.443669367037
1659182089.917982101 1.43949014514 -2.93013361204 -0.00387233219276 0.911857195754 0.00333135657337 0.00170516498842 0.410490498097
1659182090.018239021 1.55217604202 -2.82005841391 -0.0018415905862 0.926222035239 0.00101068062901 0.00307831167125 0.376964512866
1659182090.119747639 1.67260738582 -2.71424760243 -0.000873641549938 0.938576985102 0.000928361133992 0.00370704110262 0.34504874877
1659182090.219973326 1.78904025092 -2.62519813641 -0.00225116482313 0.947741759205 0.00149840228021 0.00328495191097 0.319018058643
1659182090.320842266 1.90464014373 -2.53911451418 -0.00297302524239 0.951902780941 0.00301432703688 0.00264590982103 0.306373968592
1659182090.421736717 2.02184252315 -2.45095853949 -0.0019381846367 0.951238505821 0.00235332453338 0.000320104565615 0.308447182577
1659182090.522520781 2.135718831 -2.34818599264 -0.00478570839686 0.945399299606 0.00237761066013 0.00157747272252 0.325901860767
1659182090.623431683 2.2485924924 -2.24707525801 -0.00982181029131 0.934987349087 0.00189698595605 -0.000292554994361 0.354675870202
1659182090.724236965 2.35138900681 -2.14048787197 -0.00822984390014 0.92122371022 0.00180469980748 0.00211336009153 0.389023331558
1659182090.825160265 2.42990349533 -2.04413769523 -0.00659848942416 0.907569106769 0.00280734472886 0.00152577942246 0.419890589619
1659182090.925958633 2.49335566772 -1.95339084662 -0.00214851943744 0.894238444987 0.00389598233239 0.00241588006134 0.447567412076
1659182091.026826859 2.54959357101 -1.85921648269 0.000447772731849 0.878973626668 0.00380919483536 0.000275604363683 0.476855090881
1659182091.127634048 2.59455456919 -1.77142456947 -0.00254320915133 0.863754711026 0.00434935154123 -0.000258652601878 0.503893654873
1659182091.228511095 2.62447574663 -1.68474292667 -0.00316468018199 0.843861415735 0.00416155464161 0.000257950400503 0.536544989688
1659182091.329312086 2.65067332854 -1.59259349019 -0.00582199104408 0.821411055647 0.00352861351026 -0.00072358922904 0.570325260677
1659182091.430266380 2.66621556079 -1.50106244685 -0.00422607121978 0.799233309002 0.00198060644965 -0.00176095731333 0.601015053063
1659182091.531102180 2.67372177703 -1.41992817418 -0.00436077591075 0.775937587396 0.00231764302452 -0.000112262021544 0.630805418805
1659182091.631996393 2.67275582077 -1.33625486055 -0.0039597344634 0.751215883109 0.00156273940809 -0.000174807109179 0.660054713075
1659182091.732722759 2.6781508585 -1.25136418254 -0.00396085166948 0.723111307194 0.000498525507273 -0.00148698771908 0.690729742916
1659182091.833691120 2.66302636838 -1.16611158649 -0.00578884912191 0.691711097341 0.00191842941458 -0.000736387006478 0.722171402908
1659182091.934546709 2.64505370139 -1.07708032129 -0.00808143121865 0.658399293336 0.0009226346799 7.9976526181 0.752668266423
1659182092.035386801 2.60286589109 -0.994993872199 -0.00959999100266 0.625772617806 0.000816704323365 -0.00102207216716 0.780004435351
1659182092.136242390 2.55768405457 -0.911254260461 -0.00664940693103 0.590102533212 3.72895509396 -0.000396800775028 0.80732821173
1659182092.237092972 2.51802949309 -0.833667520256 -0.00152831909612 0.552741211287 -0.00174023857237 -0.000386069025075 0.833351051998
1659182092.337882519 2.46474459269 -0.765763176743 -0.000274386680518 0.513217033728 -0.00201113736317 -0.000507844609379 0.858256356639
1659182092.438821793 2.40453011453 -0.713772529471 0.00588098972508 0.471281526174 -0.00351425469443 -0.000541874210032 0.8819756683
1659182092.539697170 2.34168691728 -0.667637480066 0.0116934408895 0.425841727335 -0.00207913585311 -0.000718702184514 0.904794995522
1659182092.640561819 2.27460841769 -0.622919875906 0.00853083974305 0.377999046427 -0.00278913955127 -0.00016337603622 0.92580176869
1659182092.741409779 2.20455870376 -0.587395658961 0.0104129204916 0.327986072673 -0.000602652060829 -5.49646378023 0.944682364566
1659182092.842278957 2.13076179327 -0.553197690886 0.0122187891766 0.275650805485 -0.00135287108177 -0.00104240142022 0.961256321995
1659182092.943154812 2.05402776012 -0.531452195345 0.00663333829791 0.225515330073 0.000286852248177 0.000602936583755 0.974239390543
1659182093.043938875 1.976286558 -0.509348952015 0.00890085468755 0.173073349028 0.000334042851659 -0.000375740864712 0.98490880953
1659182093.144815922 1.89475717542 -0.494504234364 0.00658082883785 0.120905537689 8.6067128832 -0.000360876072139 0.992663947828
1659182093.245598316 1.80973795499 -0.489865036024 0.00551155715628 0.0702692769732 -8.3989383316 -0.000598409669381 0.997527879585
1659182093.346590042 1.71586263127 -0.487499263774 0.00293066924101 0.0161527141004 -0.00133494244528 -5.24291943377 0.999868643876
1659182093.447408199 1.63478236093 -0.497943936953 0.00376909455124 -0.0355738247042 0.00161857821264 -0.000552161752892 0.99936558792
1659182093.548270226 1.5487439831 -0.517404711955 0.0033458526475 -0.0868027136533 -0.00168300415024 -0.000783101177525 0.996223791701
1659182093.649107933 1.4640304694 -0.544402729562 0.008394851028 -0.138431205412 -0.0010562204821 -0.000840175983934 0.99037113239
1659182093.749983788 1.3821897066 -0.585516619839 0.0118653806749 -0.1888905667 -0.00220402273001 -0.00114316561458 0.981995004706
1659182093.850847721 1.30302739767 -0.635705626023 0.0135081388077 -0.236791854808 -0.0010058707613 -0.00135534774618 0.971558937354
1659182093.951714039 1.22672237707 -0.697938698304 0.0124443008233 -0.286192621075 -0.00135150867845 -0.00184036392897 0.958169384883
1659182094.052536011 1.14806671457 -0.769875785223 0.0077023436215 -0.335278055191 -0.000823134842053 -0.00161987149655 0.942117468351
1659182094.153350115 1.08254659107 -0.847264254778 0.00825474920771 -0.381139732489 0.000495584954746 -0.00232196112369 0.924514395351
1659182094.254261017 1.02746658746 -0.934709463258 0.00636398097741 -0.427647262565 -0.000680774024184 -0.00130180596303 0.903944500879
1659182094.455975056 0.942802447625 -1.12972829027 -0.00268392215537 -0.520613950495 -0.0025480569584 -0.00360831013374 0.853780769316
1659182094.556914330 0.919767248673 -1.23562874401 -0.0060034636959 -0.566099843637 -0.00344056962749 -0.00409794418848 0.824319316993
1659182094.657685041 0.897886407817 -1.34273005462 -0.00437475746978 -0.610811873106 -0.00342326718679 -0.00348655516649 0.791760684075
1659182094.758477211 0.882725640957 -1.44980219782 -0.00374041379921 -0.652068539778 -0.00403043671665 -0.00354290363592 0.758141030974
1659182094.859381676 0.879318226132 -1.56058659472 -0.00372514789515 -0.69101165395 -0.00501318477182 -0.00292320555779 0.722820321347
1659182094.960152149 0.89529303884 -1.67784372153 -0.00381695999094 -0.727684963449 -0.00409736161294 -0.00383499426114 0.685888546643
1659182095.061047792 0.911373849336 -1.7931244581 -0.00378357938227 -0.76361442873 -0.00458890402285 -0.00162790215359 0.645654161398
1659182095.161959171 0.941713392747 -1.91298969382 -0.00139589973062 -0.798155390761 -0.00373118865446 -0.00146320090727 0.602438303458
1659182095.262765408 0.983453193192 -2.02069754982 0.00104595390557 -0.827231596568 -0.00316284397656 -6.47112651447 0.561852185072
1659182095.363715887 1.04780304198 -2.1301068816 0.0021007703909 -0.855157592643 -0.00309364667858 -0.000835564147486 0.518358199441
1659182095.464485168 1.10845812741 -2.23671264495 0.00156940966078 -0.879997744654 -0.00285817465117 0.000610305232104 0.474968870315
1659182095.565419436 1.19102074633 -2.33425341364 -0.000565189306177 -0.902504701136 -0.00373536994983 0.000898931945096 0.430662865082
1659182095.666246653 1.28046445774 -2.43030081092 -0.000903090174538 -0.920978459021 -0.00328268527454 -0.00201715782553 0.38959444692
1659182095.767112255 1.37664880887 -2.52228811085 -0.00195506124648 -0.937117090424 -0.00326242046667 -0.00172956593326 0.348995593167
1659182095.868013620 1.47694785781 -2.59815610471 -0.00152173858172 -0.949235282203 -0.00233916479067 -0.00214345343614 0.31455097033
1659182095.968921423 1.58716510571 -2.66242979636 -0.00586506197378 -0.957463668612 0.000291842482933 -0.00236629208268 0.288543997992
1659182096.069710255 1.6923048346 -2.73646190618 -0.00608083592522 -0.96177284128 -0.00122177433362 -0.00323400180305 0.273826679264
1659182096.170549870 1.81259183537 -2.80148067703 -0.00615694402766 -0.961867171551 0.00027936537875 -0.00478952729771 0.273474910504
1659182096.271297932 1.94209949631 -2.87295197152 -0.00582847862643 -0.960008174181 -0.000952816500967 -0.00286709872907 0.279955670403
1659182096.372262478 2.0631353399 -2.94893715725 -0.00876381025572 -0.956267325751 -0.00208796086787 -0.00265521934893 0.292474600489
1659182096.473093033 2.17937797386 -3.02909040695 -0.00660782899827 -0.949539505436 -0.00226225303077 -0.00243878824129 0.313629817045
1659182096.573973179 2.28897401106 -3.12144331261 -0.00829024901866 -0.941161456928 -0.00296209861203 -0.00244571379591 0.337935432367
1659182096.674823761 2.39621973563 -3.21788259408 -0.00941876477967 -0.929777652155 -0.00336347246773 -0.00288215908729 0.368094957539
1659182096.775683641 2.49509669991 -3.32287609747 -0.0103004029906 -0.916205024365 -0.00182130286763 -0.0032804387487 0.400692244629
1659182096.876460075 2.57818835096 -3.43575826766 -0.00778202588612 -0.898876607203 -0.00189630355649 -0.00268783803465 0.438189484793
1659182096.977423668 2.66214003228 -3.54565540504 -0.0112887631582 -0.879457148539 -0.00207252926225 -0.00248550591028 0.475967068994
1659182097.078299046 2.73403602211 -3.66855302774 -0.0159654172011 -0.858321995334 -0.00269108251636 -0.00222481487084 0.513099562074
1659182097.179121256 2.80172580447 -3.79955562306 -0.0152476465768 -0.834026647236 -0.00324761469797 -0.00363535442992 0.551702627235
1659182097.280012608 2.86113834083 -3.93577622292 -0.0186863382245 -0.807769118688 -0.00334865875608 -0.00468135057159 0.589470883365
1659182097.380832911 2.90183678232 -4.07633234377 -0.0149010608078 -0.779146956963 -0.00391486489924 -0.00466423985852 0.626811724647
1659182097.481689930 2.92389446322 -4.21199731821 -0.0145684465244 -0.750749415102 -0.0036840604199 -0.00421062899608 0.660563406515
1659182097.582522631 2.93529285782 -4.34845575957 -0.0141927086463 -0.719301843331 -0.00367575340332 -0.00362660574839 0.694678483004
1659182097.683294535 2.93976592884 -4.48455127596 -0.0126091562519 -0.687176432629 -0.00257686799376 -0.00335946265149 0.726478233811
1659182097.784834385 2.91823023448 -4.62683127319 -0.017597601032 -0.653560935824 -0.00170116916254 -0.00515127903758 0.756854459928
1659182097.885108232 2.89511390638 -4.77121793247 -0.0225394416366 -0.618504849341 -0.00214005618987 -0.0042769805929 0.785766427724
1659182097.987740993 2.85891148936 -4.91110033675 -0.0191297077056 -0.583687443243 -0.0013056702336 -0.00443234052457 0.81196528139
1659182098.086810589 2.80797842059 -5.0443864074 -0.0223577950323 -0.549591999824 -0.00241523473485 -0.0043830242206 0.835418212316
1659182098.187633514 2.75535038576 -5.16687135503 -0.0224538418743 -0.518498523896 -0.00172136396424 -0.004433477999 0.855065296861
1659182098.288557768 2.7021381713 -5.28811869955 -0.0193234275853 -0.502722253391 -0.000981643426049 -0.0052089664421 0.864431743396
1659182098.389262915 2.64748287715 -5.40777607191 -0.0183723123367 -0.497845111518 -0.00151743729209 -0.0040815416209 0.867255027855
1659182098.490332365 2.59047982261 -5.53037168191 -0.0224700661488 -0.504972886857 -0.00249900224436 -0.00368361548402 0.863123727808
1659182098.591146946 2.53292480757 -5.65011899964 -0.0235618553332 -0.522044715943 -4.8869739569 -0.00332948825123 0.852911617154
1659182098.692011356 2.47745544654 -5.78543255075 -0.026767984053 -0.544259168648 -0.000332986602616 -0.00262928889406 0.838912947392
1659182098.792807341 2.43399585737 -5.91940360204 -0.0284427156207 -0.573245132087 -0.000242070836544 -0.00371238854761 0.819375480541
1659182098.893671036 2.39661049615 -6.05267565044 -0.0301355682275 -0.604498397201 -0.000306939517967 -0.00311353619173 0.796600213069
1659182098.994534016 2.37954245995 -6.18580370984 -0.0314798958405 -0.634657193766 -0.000421744998532 -0.0022771124581 0.77279032298
1659182099.095418453 2.36909820973 -6.31957996178 -0.0295511761586 -0.663763817902 -0.000729794992068 -0.00190846858699 0.74793944888
1659182099.196230888 2.37117685878 -6.43587299883 -0.0275373081391 -0.691357294306 -0.000391895698589 -0.00231344761866 0.722509228998
1659182099.297110558 2.38654029688 -6.55108066642 -0.0239581971999 -0.719515537849 -0.00131362832185 -0.0012478301643 0.694473979422
1659182099.397967339 2.40216966825 -6.66266635578 -0.0215632593034 -0.746163814498 -0.00120765301064 -0.00183713647115 0.665758761442
1659182099.498800755 2.4300334774 -6.76138315482 -0.0236112888252 -0.771668181154 -0.000746070976347 -0.00410668416697 0.636011632533
1659182099.599706173 2.46327080327 -6.86079845741 -0.0269124488549 -0.800553736208 -0.00156425029371 -0.00232001795295 0.599254441854
1659182099.700527906 2.5044335582 -6.95061971046 -0.0271772409551 -0.827730179044 -0.00115546285286 -0.00159719791334 0.56112286049
1659182099.801368713 2.56210200487 -7.03298710616 -0.0271273725907 -0.853437645528 -0.000226212206038 -0.00184814412107 0.521191633074
1659182099.902254581 2.62763347221 -7.11426321105 -0.026542900652 -0.877177737255 -0.00124456679384 -0.00122014455774 0.480162659485
1659182100.003123760 2.7039807187 -7.19387944594 -0.0269827067383 -0.901514022158 -0.00065324243085 -0.00390041118538 0.432731819859
1659182100.103976250 2.79289030975 -7.27298099059 -0.0296149102375 -0.924754287326 -0.00146004061435 -0.00448772361927 0.38053546049
1659182100.204818726 2.8862746728 -7.33770011809 -0.0267247837333 -0.942231695895 -0.00224149694994 -0.00345785321807 0.334936486806
1659182100.305675983 2.98234843131 -7.39353220918 -0.02616910664 -0.958791676254 -0.00240725665392 -0.00284356081831 0.284085622345
1659182100.406536102 3.08505677853 -7.43361636255 -0.028524264965 -0.971647985439 -0.0017034037929 -0.00385521104655 0.236394644939
1659182100.507414818 3.191746074 -7.45854794181 -0.0299419827846 -0.982677531574 -0.00182530646167 -0.00422837259777 0.185266451527
1659182100.608273506 3.29749157731 -7.47745799894 -0.0312902357747 -0.990700787067 -0.00237924052624 -0.00413242735697 0.135975044636
1659182100.709111214 3.40731000471 -7.48795095546 -0.0290795965783 -0.996272960992 -0.00148837299145 -0.00330606484648 0.0861802870586
1659182100.809999466 3.51612554063 -7.48361243972 -0.0333193132131 -0.999494650215 -0.00204987167311 -0.00327087455986 0.0315522359957
1659182100.910763264 3.62822801738 -7.47413773842 -0.0328600284592 -0.999778304031 -0.00279039904286 -0.00327488172059 -0.0206114437119
1659182101.011697769 3.73720019838 -7.44839281217 -0.0308339998426 -0.997415965861 -0.0015594225231 -0.00319374373675 -0.0717548552178
1659182101.112479687 3.84442934975 -7.41466856061 -0.0327487971395 -0.99187162042 -0.00313182880139 -0.00360977966114 -0.127152859757
1659182101.213474751 3.93865254296 -7.36694385371 -0.0302232056077 -0.984221863573 -0.00326704624801 -0.00233043331191 -0.17689324112
1659182101.314209461 4.02166725038 -7.31482501438 -0.0288978609854 -0.973777794505 -0.00372874943655 -0.0024707088183 -0.227457246434
1659182101.415118694 4.10915015261 -7.2590962923 -0.0353604165568 -0.96152157995 -0.00506260606104 -0.00211797458017 -0.274674599289
1659182101.515966177 4.19767161082 -7.18950569088 -0.0365131781627 -0.944793335257 -0.00544444777526 -0.000801315880953 -0.327620618299
1659182101.616885185 4.26290045551 -7.11415445737 -0.0376750668423 -0.927115610046 -0.00517589480996 -0.000847647853815 -0.374738758625
1659182101.717749596 4.33282234933 -7.02864378473 -0.0370181654722 -0.907544443182 -0.00576963714794 -0.000753732606636 -0.419915737766
1659182101.818588257 4.38412407876 -6.92611353456 -0.0314101665002 -0.883205350775 -0.00473473527412 0.000534158476859 -0.46896226428
1659182101.919414997 4.42769241195 -6.82181308431 -0.034074733682 -0.858271040783 -0.00552345294575 0.00137222962433 -0.513165108913
1659182102.020248175 4.45256480132 -6.71386219911 -0.0336557569858 -0.828402687287 -0.00593112718392 0.000776489650332 -0.560101068102
1659182102.121121883 4.47030880573 -6.60002416966 -0.0300420909972 -0.800078108475 -0.00332529755506 -0.000295733904015 -0.599886552005
1659182102.222024441 4.49616369244 -6.47790606714 -0.0271970021044 -0.766905693543 -0.000231502587469 -0.00293781678539 -0.641753046623
1659182102.326126337 4.5062016503 -6.34376945008 -0.0265475798135 -0.729607100011 0.000776890623351 -0.00506630262474 -0.683847357699
1659182102.423737049 4.49175659979 -6.2148830292 -0.0255684282167 -0.692990106059 0.00135225322838 -0.00402565349671 -0.72093458679
1659182102.524567604 4.47393862226 -6.0869168276 -0.0251623677939 -0.656402172275 0.000981643230591 -0.00268004370181 -0.754405754203
1659182102.625485659 4.43759029158 -5.95861897153 -0.030193499271 -0.619522251055 0.000473591262142 -0.00191596756644 -0.784976614446
1659182102.726258278 4.39072883475 -5.8411945943 -0.0238078886903 -0.581792675924 0.000240434724305 -0.0011556522725 -0.813336270493
1659182102.827105999 4.33780004956 -5.72298048445 -0.0185452762891 -0.543946971099 -0.000778583180115 0.00119878670429 -0.839118376245
1659182102.927888870 4.26671602454 -5.61472195632 -0.0177849009322 -0.509480424537 -0.00162272367542 0.000385135763179 -0.860480630492
1659182103.028880119 4.18990764051 -5.50108745841 -0.0177525160752 -0.476444213436 0.000356316255203 0.000971128084354 -0.879204095437
1659182103.129508495 4.09754730201 -5.3959807438 -0.019905379362 -0.444404716861 6.2883379017 0.00199047322949 -0.895823912213
1659182103.230551958 3.99894292486 -5.29328917385 -0.0218681114535 -0.420141520018 -0.000805659872098 0.00200511909684 -0.907456022938
1659182103.331420898 3.88988161407 -5.19172396157 -0.0246192025219 -0.4021990168 -0.0030714611461 0.00231728902072 -0.915544180902
1659182103.432256699 3.77904787681 -5.09161654107 -0.0272834887598 -0.389557361902 -0.00265646697677 0.00222366948187 -0.920995689602
1659182103.533121109 3.65535326105 -4.98789614449 -0.0252697004319 -0.381468963872 -0.00138952059661 0.00269797690788 -0.924376665519
1659182103.634060860 3.52743887518 -4.88268131437 -0.0236398012866 -0.378623807747 -0.00143449021987 0.00189467291834 -0.925547602589
1659182103.734847546 3.400423827 -4.77547050924 -0.0212042995243 -0.379431420883 -0.00176337395994 0.00245792038011 -0.925214918809
1659182103.835688591 3.26986641216 -4.66524850501 -0.0177484606823 -0.379589201046 -0.00153579345033 0.00229030802646 -0.925151033225
1659182103.936551571 3.1455516086 -4.55300927193 -0.0167222757882 -0.383970354383 -0.0025014755727 0.00170858862425 -0.923340452
1659182104.037322044 3.02927754849 -4.43514804607 -0.0146218039367 -0.396734716581 -0.000943934893438 0.00238551301441 -0.917929726599
1659182104.138264656 2.90807666955 -4.30216994181 -0.0132398740252 -0.41701118232 -0.0023450503165 0.00171424472948 -0.908896713562
1659182104.239115477 2.79360017795 -4.16270216342 -0.0114422751337 -0.444166661843 -0.00035388446667 0.00211203793564 -0.8959416223
1659182104.339966536 2.6867596282 -4.02163560379 -0.0123783882726 -0.474855722357 -0.000342687909028 0.00299321809862 -0.880058501552
1659182104.440839052 2.59886968905 -3.86991470821 -0.0107095896509 -0.508242053444 -0.00130940832728 0.00204038016361 -0.861210855372
1659182104.541709423 2.51227342674 -3.70960791567 -0.00811534593774 -0.539452334197 -0.000703205118785 0.0023943079222 -0.842012441667
1659182104.642591000 2.43763390317 -3.54020899582 -0.00471765838733 -0.572650326301 0.000250541728551 0.00178505347373 -0.819797752254
1659182104.743502140 2.37691953362 -3.37323791945 -0.00665530059336 -0.604560682432 0.00145905239939 0.00210311979302 -0.796554975698
1659182104.844788313 2.33093847176 -3.20437118879 -0.00297155230452 -0.631997758453 5.73418898714 0.000380772699359 -0.774970118801
1659182104.945129871 2.30364760707 -3.04475417526 -0.00032225378829 -0.66151265516 -0.00126305705684 0.00187371651827 -0.749930597413
1659182105.045958281 2.29085929129 -2.89280900961 0.0024807486527 -0.68591523257 -0.000916259053047 0.00152010445852 -0.727679286142
1659182105.146867752 2.29570782737 -2.74311979167 0.00246199099943 -0.714567428538 -0.00219100630026 0.000766747847885 -0.69956272175
1659182105.247688770 2.31069397424 -2.5961398876 0.000510253452832 -0.734936202929 -0.00123081070079 0.000743917463503 -0.678134727998
1659182105.348579884 2.31986526508 -2.46319600683 0.000580868450269 -0.748460145309 -0.00213402192229 -0.000189597875175 -0.663176312067
1659182105.449392319 2.31515293143 -2.33893464727 0.0015275145179 -0.75139914782 -0.00319802304087 0.000249837876908 -0.659840155557
1659182105.550316811 2.31092528798 -2.21820885697 0.000304646479427 -0.748772094877 -0.00317777320095 -0.000297911246053 -0.662819857081
1659182105.651117563 2.30703658117 -2.09520664228 -0.00184921098097 -0.738455543461 -0.00302708446034 -0.000165603145326 -0.674295350471
1659182105.751926899 2.31043371892 -1.97042007612 -0.00403671362722 -0.72133414203 -0.00420240996223 0.000716161391228 -0.692574098856
1659182105.852864504 2.30097872432 -1.84561644115 -0.00755093469377 -0.695278152415 -0.00322848149334 0.000201001251811 -0.718733488353
1659182105.953729630 2.29116851342 -1.73345518893 -0.00627816067642 -0.665659656959 -0.00255817020969 -0.00145603071844 -0.746249661197
1659182106.054598808 2.27853036476 -1.64190925954 -0.00681479492746 -0.637852135775 -0.00208329830334 -0.000114030494592 -0.770156022993
1659182106.155412674 2.26210509008 -1.57357132395 -0.000939727514441 -0.608274112025 -0.0015691784797 9.49184157626 -0.793725477297
1659182106.256259441 2.2312877685 -1.51212215652 0.00114647789114 -0.570176621781 -0.00154680355239 0.000578687447584 -0.821520476004
1659182106.357054234 2.18294573756 -1.45919616291 -0.00472484697229 -0.520442870097 -0.00185892279276 -0.000126200623345 -0.853894459196
1659182106.457885265 2.13266359145 -1.39599500457 -0.00247835501075 -0.467930872325 -0.00062138370104 0.000997869316367 -0.883764288068
1659182106.558866501 2.07741499763 -1.33397512874 -0.00421335272846 -0.415885191305 -0.000809160513247 0.000440126994052 -0.909416658744
1659182106.659674168 2.01302160935 -1.28438209529 -0.00258613188147 -0.367365536639 0.00101564287953 0.000907779256551 -0.930075645792
1659182106.760566711 1.9335476896 -1.2247363904 -0.00233441162455 -0.317526981307 -0.000513505059659 0.00174873310271 -0.948247485832
1659182106.861414433 1.85059962867 -1.1875165455 0.0034451519161 -0.263963543791 0.000283133656004 0.00162575481325 -0.964531245894
1659182106.962265491 1.76201414328 -1.15001797731 0.00428952686184 -0.211975802882 -0.000417664137177 0.0031626470548 -0.97726970802
1659182107.067004204 1.66459267985 -1.12684715847 0.00171744948327 -0.160833954323 0.000138123900086 0.00257119969519 -0.986978119813
1659182107.163946390 1.5791285596 -1.11542900051 0.0019249636527 -0.108863618474 0.00152589322481 0.00276613502069 -0.994051675075
1659182107.267026424 1.48670887935 -1.12067946884 -0.000257980695235 -0.0559733846178 0.00212924905064 0.00248484021911 -0.998426898717
1659182107.365737438 1.39670118291 -1.13255963656 0.00174652461996 -0.00666963423787 0.00241397556559 0.00269096528797 -0.999971223289
1659182107.466599703 1.30409853361 -1.15670014567 0.000968800761576 0.0491203973161 0.00232317457295 0.00193988292563 -0.998788279007
1659182107.567446709 1.20786914744 -1.19202243415 0.00260028424351 0.107485393125 0.00201561536044 0.00212564040935 -0.994202348223
1659182107.668309927 1.11233189252 -1.22887817279 -0.00040719102399 0.161152644577 0.00255646383546 0.00136927071358 -0.986925232597
1659182107.769140720 1.02064217041 -1.27523959962 -0.00163975200244 0.211377318933 0.00192802145665 0.00163553533417 -0.977401267033
1659182107.869951010 0.940532856025 -1.327258911 0.000188826781092 0.261731039279 0.00122963403426 0.00290298858676 -0.965135702238
1659182107.970844269 0.867573204203 -1.3925923541 0.000480250582806 0.312528293009 0.0025419319423 0.00382100522486 -0.949897365282
1659182108.071704388 0.799413593993 -1.46416621833 -0.00103732822478 0.361384521366 0.00303861039716 0.00300981331462 -0.932407065389
1659182108.172560453 0.741070489277 -1.54806494723 -0.00506414717965 0.413950128123 0.00375467128004 0.0025766921311 -0.910288171146
1659182108.273431778 0.687041685251 -1.63900221618 -0.00588157421803 0.461193046587 0.00323212491702 0.00197301931351 -0.887291741392
1659182108.374284506 0.646228650088 -1.73689922215 -0.00617263662288 0.509019746504 0.00458440128661 0.00489926168946 -0.86072869022
1659182108.475135088 0.609580756221 -1.84211487093 -0.00575144090117 0.553531602723 0.00422671088174 0.00312256466219 -0.832811592914
1659182108.575987816 0.601690884496 -1.94734959122 -0.00396642832394 0.598052250075 0.00219443654918 0.00204751361998 -0.801451494675
1659182108.676822186 0.590096193957 -2.05277099742 -0.00168540105185 0.640107855116 0.00336767540091 0.000974484058072 -0.768277061327
1659182108.878572226 0.613349506294 -2.26889401846 -0.000662891731218 0.71515225222 0.00205739170003 0.000335309379729 -0.698965600621
1659182108.979398251 0.637587380957 -2.37780470569 0.0005582910121 0.750443889164 0.00129664327236 0.00059906054498 -0.660932620665
1659182109.080262661 0.672589899112 -2.48696479742 -0.00253290467575 0.784046844647 0.00360525633851 -0.000619803843216 -0.620690875855
1659182109.181168079 0.71539258113 -2.5956476585 -0.0041111199405 0.814849833666 0.00357814974328 -0.000512053742114 -0.579660834644
1659182109.281845093 0.767307660856 -2.69914021966 -0.00641468112434 0.842982125049 0.00148032748645 -0.000568863536809 -0.537939236228
1659182109.382769108 0.835280253246 -2.7969706856 -0.00239715135003 0.868537213294 0.000708079560297 -0.000963737181037 -0.495622516596
1659182109.483750343 0.915108468914 -2.88578174763 -0.000912938364433 0.892638772454 0.000493151639035 -0.000747627267681 -0.450771804537
1659182109.584562778 0.99833924125 -2.96131304072 0.000983621327506 0.914024234899 -0.000828383138297 0.00152180416211 -0.405655883615
1659182109.685532093 1.09344715044 -3.03215170972 -0.00192793630855 0.93305743365 0.000958241974654 0.000625333257161 -0.359725612435
1659182109.786271572 1.19450068067 -3.09125543152 -0.00365880610618 0.948696245266 0.00221893042954 0.00196007203178 -0.316175060186
1659182109.887176514 1.30195711484 -3.15382350932 -0.00320232225062 0.961850239182 0.00243085876978 0.00472514749506 -0.27352491896
1659182109.987891674 1.41272459196 -3.21094292136 -0.00369351465354 0.971334041406 0.00247435268643 0.00301385613773 -0.237686714514
1659182110.088802814 1.53850914157 -3.26421837977 -0.00410965478355 0.979217279374 0.00384376871094 0.0031117769845 -0.202753698023
1659182110.189820528 1.67661320857 -3.31924004625 -0.00965977943358 0.985246098577 0.00388746604649 0.00380978091395 -0.171057003411
1659182110.290555000 1.82392364699 -3.36219649207 -0.00838783512027 0.989824706405 0.00344166905916 0.00302425772957 -0.142218351026
1659182110.391550064 1.98360590373 -3.39535013353 -0.00706374109506 0.993071015219 0.00348702107074 0.00409878796775 -0.117392501262
1659182110.492278099 2.14414005701 -3.42291030342 -0.00929058145978 0.99464813529 0.00317537328299 0.00281925932578 -0.103233016744
1659182110.593131781 2.31446074087 -3.44773234787 -0.0112496600438 0.994601249272 0.00233576881725 0.00301720684152 -0.103700509124
1659182110.694012642 2.46732815794 -3.48242668086 -0.00764106408285 0.993022022375 0.00363079103101 0.000699118177807 -0.11787108071
1659182110.794854641 2.61195314687 -3.52382065302 -0.00852157843038 0.989561598657 0.00249215672136 0.000990876000976 -0.144085564101
1659182110.895703077 2.75862722345 -3.57585737253 -0.00657161638873 0.983783859187 0.00161211403968 0.00104752379754 -0.179347768832
1659182110.996631384 2.89601564532 -3.6404452799 -0.00715157192994 0.975698745123 0.00210765573799 0.00206984417931 -0.219096399554
1659182111.097418785 3.03105959425 -3.72463963857 -0.00766271277882 0.964679062097 0.00391721216601 0.00390461807527 -0.263369923411
1659182111.198264837 3.16664459436 -3.82228296841 -0.0103642533798 0.951915480909 0.0041492390233 0.00443778529408 -0.306300517603
1659182111.299143553 3.2906211511 -3.92217728828 -0.00805760710391 0.936926890191 0.00374480405203 0.00254851834896 -0.349496042801
1659182111.399970055 3.40230045554 -4.03745776079 -0.00689495004191 0.921071785953 0.00341747098688 0.0025028513326 -0.389369775084
1659182111.500878572 3.50667554087 -4.16009676302 -0.0100756707517 0.903727371889 0.00425365235971 0.00557565494538 -0.428050996743
1659182111.601686001 3.61049220851 -4.29294075127 -0.0147658748846 0.88623366754 0.00343732242882 0.00410824329266 -0.46320750606
1659182111.702485561 3.70234058954 -4.42224890631 -0.018089299749 0.868406597384 0.00377381933555 0.00451525946916 -0.495817862061
1659182111.803399801 3.78153739505 -4.56000068185 -0.020556516705 0.850077996674 0.00420559594452 0.00352047695888 -0.52662825482
1659182111.904297829 3.85021910581 -4.68852563481 -0.0238167943835 0.831790429772 0.0022485976237 0.00395713619696 -0.555071135821
1659182112.005100965 3.90502356752 -4.81681671909 -0.0231782766195 0.816249850398 0.0027120172039 0.00352387256761 -0.577681927196
1659182112.105912209 3.95572346247 -4.94629127694 -0.0267548358589 0.80978848856 0.00183979079708 0.00301083964801 -0.586711303633
1659182112.206858397 4.00444473909 -5.07181931463 -0.0240923070521 0.806054478021 0.00350851022466 0.00439261185809 -0.591814644782
1659182112.307703018 4.05092570228 -5.1938818851 -0.0270364204168 0.80870940631 0.00320688430659 0.00377845398197 -0.588187500143
1659182112.408491135 4.0978541049 -5.32212407031 -0.0264148640666 0.814727432557 0.00267409818944 0.00466310732268 -0.579819209123
1659182112.509437561 4.14742984455 -5.44835962272 -0.0265995656485 0.822349615266 0.00279438963554 0.00443948940649 -0.568958339944
1659182112.610264540 4.20218147736 -5.56169151287 -0.0286184164323 0.836659793841 0.00312110994465 0.00392840628721 -0.54769993214
1659182112.711159468 4.26066492309 -5.66774748008 -0.0270716467837 0.853818365449 0.00349548552637 0.00440787193126 -0.520540633445
1659182112.811859131 4.31324755708 -5.75714407421 -0.0263487478793 0.870241617239 0.00323636746725 0.00531242265299 -0.492585862278
1659182112.912888050 4.36717457991 -5.83546459244 -0.0250731897225 0.885121899075 0.00268837254057 0.00538157137016 -0.465320357518
1659182113.013813257 4.42165358796 -5.89892519718 -0.0280797984156 0.898292183571 0.00303119846183 0.00531189216792 -0.439356061268
1659182113.114543676 4.46009579838 -5.94638175048 -0.0232812279147 0.908315206659 0.00292892676862 0.0040766882988 -0.418256246041
1659182113.215404272 4.49617300882 -5.97413385488 -0.023254888444 0.916854648304 0.00229919044715 0.00372642977865 -0.399197170991
1659182113.316271782 4.52300260774 -5.99852917863 -0.0185738238914 0.921135344032 0.00160072049828 0.00287721381729 -0.389228515541
1659182113.417043209 4.55308859307 -6.02424168954 -0.0190854994233 0.920392939223 0.00158394305674 0.00263126137442 -0.390982614725
1659182113.517969370 4.58789643229 -6.05233612655 -0.0189839827253 0.921680579817 0.00137528984691 0.00256082383832 -0.387938731692
1659182113.618849277 4.62225354914 -6.08057587157 -0.0229230243664 0.922664725075 0.00108957825654 0.00263458003518 -0.385592630777
1659182113.719703674 4.64704386331 -6.09861458083 -0.024829354869 0.922534245042 0.00216002547791 0.00267996130085 -0.385899881863
1659182113.820581436 4.65345623103 -6.1038133421 -0.0252786196758 0.923002794354 0.00243569237354 0.00274842365325 -0.384775720627
1659182113.921459198 4.65353044528 -6.10061177563 -0.0231232372952 0.922376807891 0.00198491455367 0.000665511240777 -0.386285699286
1659182114.022280216 4.64977908429 -6.09423684815 -0.02270165902 0.923958305127 0.00198329794929 0.00122516202573 -0.382486098955
1659182114.123145342 4.65063065213 -6.09314946037 -0.0220356754367 0.924304919677 0.00253642131902 0.00135005994224 -0.381644021786
1659182114.224011421 4.64645508086 -6.09199867888 -0.0220872270908 0.92384954494 0.00199657158175 0.00174746592241 -0.382746624256
1659182114.324865818 4.64686556423 -6.09154969864 -0.0188323708879 0.924016989459 0.00281677280756 0.00188334425868 -0.382336398995
1659182114.425696850 4.64924257154 -6.09556175398 -0.0200874051139 0.923307147979 0.0023638159506 0.00216486641703 -0.384049002367
1659182114.526458263 4.65324578759 -6.09545710012 -0.0205427782617 0.923669218227 0.00201084454688 0.00162175034094 -0.383182073863
1659182114.627412319 4.65479605394 -6.0977981609 -0.0237052964 0.922784064252 0.00183133916151 0.00149081356486 -0.385310257369
1659182114.728259802 4.65539572826 -6.09493142199 -0.0232889353562 0.923543136226 0.00221577237172 0.00173022190426 -0.38348425289
1659182114.829214573 4.6486342204 -6.09562055299 -0.0241826289701 0.924082920401 0.00165095347082 0.0010248539331 -0.382187101103
