1659182160.517445087 0.0310318016512 0.00250134974023 -0.000117367533789 0.99999220307 0.000829574054638 -0.000990309094504 0.00373160733458
1659182160.618307114 0.0609038746131 0.00691547690796 0.00630133737746 0.999973821725 0.00127175388964 -0.000703878715756 0.00708823402479
1659182160.719142437 0.11971926145 0.0239827450202 0.00424989164685 0.99999089851 0.00096823072008 -0.00155056482114 0.00385501951147
1659182160.820026398 0.18509201796 0.0373177946728 0.00828527888484 0.999952815789 0.00134263988618 -0.00178671696174 -0.00945363190934
1659182160.920901775 0.256102626977 0.046963655572 0.00894853721414 0.999518406661 0.000985306345174 -0.00229518120297 -0.0309308270128
1659182161.021819115 0.333529936997 0.0517399928987 0.00301650733456 0.997937161857 0.000849854504106 0.00061623320595 -0.0641897109252
1659182161.122572899 0.403646305743 0.0383081869255 0.00316381037498 0.99452679406 0.00123245247502 0.000121050205264 -0.104474505527
1659182161.223371506 0.469835322641 0.0131575547189 0.00288181730397 0.989363951737 0.000666718934185 0.001906975613 -0.145447206686
1659182161.324311495 0.531109505611 -0.0202693304341 0.00751585591034 0.9827545684 0.000990912699761 0.000289534686897 -0.184911850755
1659182161.425019979 0.593854649897 -0.0622696936664 0.00774480629003 0.974718928797 -0.000260630163772 0.000825934328233 -0.223432897645
1659182161.526013851 0.66082653463 -0.112736581198 0.00701504771399 0.964745591016 -0.000850409938529 0.000152614325541 -0.26318282263
1659182161.626759052 0.72334042273 -0.164916826748 0.00599848470824 0.953196052034 -0.000976568782734 0.000425080986736 -0.302351041021
1659182161.727717400 0.776547426342 -0.225251347838 0.00881227354077 0.940282497928 -0.00172938219507 0.00169519647625 -0.340386485684
1659182161.830986023 0.828422586543 -0.292419139989 0.0104017676765 0.926508754229 -0.00172017477103 0.0019540896266 -0.376264203545
1659182161.929442406 0.880938792788 -0.361324347106 0.0138964665884 0.911483091579 -0.000995184810016 0.00210100458777 -0.411330972762
1659182162.030485630 0.934245045562 -0.439178545488 0.0133664111587 0.89459438167 -0.000118726199672 0.00251440584949 -0.446871968187
1659182162.131245136 0.97927104856 -0.518205427544 0.0103398642634 0.876083856808 0.00115114478573 0.00319728758471 -0.482146790986
1659182162.232340336 1.01567538977 -0.602755985699 0.00978582028642 0.855507706697 -7.99614018292 0.00358728943523 -0.517777644113
1659182162.332891941 1.04577996352 -0.682873126493 0.00992707520154 0.833430179765 -0.000248945807356 0.00260197589022 -0.552618587459
1659182162.433718920 1.07147665524 -0.772576532074 0.00416795269395 0.80986117546 -0.00172187396616 0.00214796073717 -0.586615119049
1659182162.534623384 1.08256674162 -0.865333716703 0.00228500799186 0.783820198867 -0.00158161614148 0.00219812146687 -0.620981934199
1659182162.635439873 1.09262576388 -0.961174128778 0.00253395625189 0.755586904821 -0.00161953419757 0.000869834280407 -0.655045837908
1659182162.736283779 1.08835882115 -1.04943732975 0.00474803728166 0.72647894398 -0.00187292921519 0.000216205111981 -0.68718613879
1659182162.837187290 1.08126415989 -1.14286523745 0.0134774475382 0.696324750505 -0.000859159376951 -0.000370333757069 -0.717726247627
1659182162.938050747 1.06383007334 -1.24620094996 0.0181830321457 0.666728694431 -0.001746952204 -0.00236853484981 -0.745294697568
1659182163.038846016 1.04065220879 -1.35818762951 0.0193348863218 0.634914140406 0.000691187585017 -0.00255465705365 -0.772578170996
1659182163.139721870 0.999838890208 -1.47306229205 0.0154947578586 0.600582951481 0.00112217801102 -0.00286513678259 -0.799556533397
1659182163.240593910 0.956402058142 -1.57711149563 0.0130032290758 0.56432473827 0.00080544682773 -0.00199773782154 -0.82555008938
1659182163.341444969 0.903887123635 -1.68035754271 0.00824117900688 0.52744876469 4.17776432098 -0.00250440572131 -0.849583148864
1659182163.442304611 0.839951460234 -1.78310425001 0.007569094707 0.491971413495 -0.000283319895912 -0.00296973242801 -0.870606242065
1659182163.543143272 0.78021105733 -1.88267363549 0.00818351586464 0.473009586365 -0.000765068146645 -0.00303354477887 -0.881051725771
1659182163.644024849 0.719151909507 -1.98256171216 0.0097716085261 0.474580470133 -0.00170410658842 -0.00416776416471 -0.880200603914
1659182163.744895697 0.664201599608 -2.08620877979 0.0106121568122 0.488054956798 -6.66059143768 -0.00420020906277 -0.872802791559
1659182163.845772266 0.611739002264 -2.19802292442 0.0116152710045 0.509347955962 0.000221687747755 -0.00372508059088 -0.860552575027
1659182163.946608305 0.569515368692 -2.30100936873 0.0140208646874 0.534706879619 0.000354084244041 -0.00314371794329 -0.845031682572
1659182164.047460079 0.531933284094 -2.402856782 0.0167667592404 0.565054054377 0.000389932308148 -0.0035143229414 -0.825046309681
1659182164.148410082 0.510977926112 -2.49288878821 0.0143901451786 0.596104715348 0.00093119946115 -0.00236841874751 -0.802902666455
1659182164.249157906 0.49773866642 -2.57672201394 0.0178292567072 0.626963733574 0.000524484159577 -0.00170624304172 -0.779046398127
1659182164.350027561 0.499639121088 -2.64652150549 0.0183735086375 0.658860640243 -0.000700370276832 -0.00212413646339 -0.752261692674
1659182164.450775862 0.508407325118 -2.71478658847 0.0247651375149 0.695709774668 -0.00241197010896 -0.00258130761112 -0.718314296588
1659182164.551729918 0.525510376155 -2.77309245135 0.0261787795189 0.732822324619 -0.00157596444027 -0.00241237333584 -0.680413945573
1659182164.652631044 0.550150951468 -2.82790516468 0.0260946317003 0.770313013601 -0.00204303097461 -0.00175281022323 -0.637660265939
1659182164.753439665 0.576793789878 -2.8781749521 0.0269905109863 0.804874064186 -0.00261345271352 -0.00224091638132 -0.593435665392
1659182164.854306698 0.612849901202 -2.93165472326 0.0245829959522 0.835427810047 -0.0035726896905 -0.00117243117442 -0.549587331999
1659182164.955084324 0.658232828476 -2.98813635579 0.0237659514989 0.863405559492 -0.00357854154313 0.000105434806162 -0.504497792623
1659182165.055915117 0.709911688247 -3.03686368089 0.0235787158665 0.890628316822 -0.00301797529263 -0.000445246761953 -0.454721777415
1659182165.156756639 0.761810951597 -3.07872192934 0.0220372215005 0.912889819352 -0.00239215029751 0.000125930922222 -0.408199019452
1659182165.257726908 0.814938369004 -3.11410510042 0.023129637125 0.93152338604 -0.0038999363 -0.000539822894817 -0.363660116521
1659182165.358603954 0.869069411901 -3.13797330612 0.0216515255631 0.948844827239 -0.00341677261289 5.14269426538 -0.315724273445
1659182165.459428310 0.930563629077 -3.15962744655 0.0208645020329 0.964665805168 -0.0041346225082 -0.000866382587295 -0.26344266666
1659182165.560292721 1.00437888772 -3.17177240606 0.0237439274626 0.978444059134 -0.00316722063675 -0.000613221236961 -0.206486841754
1659182165.661039829 1.08029576343 -3.18209648345 0.0249743584157 0.989126056836 -0.00403835702408 -0.000237426898622 -0.147014553666
1659182165.761975527 1.16237832361 -3.1894773852 0.0266377707051 0.995796196217 -0.0027234410995 -0.000663349610732 -0.091553691548
1659182165.862870693 1.24880494396 -3.18603191841 0.0276446516513 0.999089175151 -0.00339967955502 -0.000630013723722 -0.042530757774
1659182165.963745356 1.33563714591 -3.17623700018 0.0287978184264 0.99999056602 -0.0036079090445 0.000311819319007 0.00239867289514
1659182166.064618349 1.42083626263 -3.15734418844 0.0289242174202 0.998755057954 -0.00448354672884 2.92142796758 0.0496813044538
1659182166.165503502 1.50448437293 -3.12661207198 0.0294161926631 0.995128815085 -0.00421751956913 -0.000869961408376 0.0984890708822
1659182166.266324520 1.59191828287 -3.09032999397 0.0257589730178 0.98897992665 -0.00382610885247 0.000732576313902 0.147998408458
1659182166.367185593 1.67730295989 -3.04014916381 0.0278629484311 0.980298254062 -0.00490302680704 0.000395292820625 0.197461735925
1659182166.468018770 1.7512199981 -2.98292467691 0.0275819417248 0.969266870842 -0.00556520130638 0.000801253627809 0.245947391967
1659182166.568854332 1.82171534186 -2.93281415666 0.0276404658625 0.95741653124 -0.00603187730759 0.00213070747435 0.288639329007
1659182166.669736147 1.87592173583 -2.88022063153 0.0317889457528 0.945280902366 -0.00624230502394 0.00200564339227 0.326191702292
1659182166.770542622 1.92367147321 -2.82018686712 0.0319422320924 0.929385001005 -0.00490178483279 0.000762905472394 0.369078461018
1659182166.871456385 1.9731539606 -2.75596758031 0.0296954211747 0.909424339764 -0.00482537296941 5.44150986242 0.415841415758
1659182166.972346306 2.0225445878 -2.67601435238 0.0287144817764 0.886434986371 -0.00499604064491 0.00068884793648 0.462825647522
1659182167.073180676 2.05885223785 -2.59108741468 0.0269569213021 0.863623273814 -0.00520993345318 0.00107996825558 0.50410964203
1659182167.175310135 2.08693172168 -2.50132455977 0.0241204018476 0.839197345216 -0.00359832665804 0.000320878279871 0.543815009783
1659182167.274833202 2.10997033607 -2.41187768086 0.022260743872 0.813034398037 -0.00317227698207 0.00124487223793 0.582205680632
1659182167.375724792 2.12631598529 -2.31602588775 0.022232828258 0.784768698126 -0.00285700061303 0.00149167882825 0.619780366648
1659182167.476623297 2.12663686074 -2.22920156467 0.0244721001031 0.755973407721 -0.00278897246283 0.00018139889739 0.654596360779
1659182167.577436209 2.11885034701 -2.13425989007 0.0239165704759 0.723577789636 -0.00232888650668 0.000771655752739 0.690238482831
1659182167.678322077 2.09639740755 -2.04186481252 0.0245598917354 0.688808206935 -0.00354628810183 0.00124131430941 0.724933884598
1659182167.779153824 2.07325243628 -1.94696992114 0.0237139199837 0.651763394885 -0.00353741888997 0.000910226420461 0.758413564781
1659182167.879956484 2.03989713548 -1.8561724869 0.0223910159537 0.611491113295 -0.00405156643222 0.000454839393156 0.791240795391
1659182167.980870962 1.99657197185 -1.77611966472 0.0181699259863 0.566466390747 -0.00309014471359 -0.000362113586325 0.824078969537
1659182168.081818819 1.93942434589 -1.68904118322 0.0143201351342 0.518631786731 -0.00381809082503 -0.00014459654431 0.854989164298
1659182168.182588577 1.87000201056 -1.61408172443 0.00817504821068 0.468700844903 -0.00508681551944 0.000916550392895 0.8833418377
1659182168.283361435 1.79481039421 -1.5464469206 0.00738805150831 0.416449559084 -0.00440879081116 0.00132178887913 0.909147171902
1659182168.384298325 1.70891576122 -1.48305525679 0.00780280325189 0.364504685082 -0.00313226386405 0.0020500018724 0.931194029711
1659182168.485166550 1.62383330131 -1.43355366648 0.007622198112 0.314137139572 -0.00252065367369 0.00210361016658 0.949371939058
1659182168.586015224 1.52833675331 -1.38177882733 0.00570835341318 0.261542606104 -0.00160183475671 0.00249844379131 0.965187368906
1659182168.686882019 1.42014345543 -1.34173751328 0.00494911710079 0.206744195584 -0.000414396494356 0.00348072291903 0.978388752202
1659182168.787630081 1.30635368971 -1.31321667312 0.00639406954747 0.151998050228 -0.00118186472197 0.0027844532796 0.988376164596
1659182168.888569355 1.18945369112 -1.29677258884 0.00808346847521 0.101195144384 -0.00102283469369 0.00319920296116 0.99486092579
1659182168.989458561 1.06484768008 -1.28773151991 0.010060757719 0.0540942726429 -0.00151194916128 0.00340709645106 0.998528875582
1659182169.090335846 0.94284082792 -1.29015329736 0.0119372353635 0.0104959121954 -0.0028472969587 0.00270096594553 0.999937214784
1659182169.191204309 0.815992087312 -1.30433912156 0.00852097845438 -0.0280343401012 -0.00348215978671 0.00325010947793 0.999595611798
1659182169.292172432 0.696596365205 -1.32456351295 0.00884127293034 -0.0577036155047 -0.00350949001752 0.00366322966952 0.998320868752
1659182169.392887831 0.574566984095 -1.34742608152 0.00878976020992 -0.0728985384879 -0.00331303776456 0.00222699539072 0.997331372894
1659182169.493727446 0.448196843465 -1.36210479331 0.00805096800157 -0.0707353719096 0.00024804183352 0.00181767155039 0.997493429405
1659182169.594466209 0.325923989926 -1.37701281144 0.00802559531645 -0.0566863115863 0.000825690453685 0.0017128140867 0.998390227607
1659182169.695460796 0.203852293455 -1.38759678816 0.00631585344554 -0.0380284700223 0.00256107006394 0.00170379350285 0.999271921689
1659182169.796449661 0.0808827782046 -1.38995392514 0.00672433417877 -0.017195616924 0.00342617737691 0.00108780133749 0.999845682471
1659182169.897167206 -0.050778451234 -1.39119636881 0.00556006296658 0.00305727626057 0.0018218294492 0.000515255183214 0.999993534235
1659182169.998070240 -0.183277278325 -1.38990069094 0.000940218126111 0.0176755144049 0.000348258016347 0.00180944379181 0.99984207794
1659182170.098882675 -0.318799251009 -1.39433671213 -0.00114030414847 0.0230079850394 0.00066556687213 0.00234708673721 0.999732304584
1659182170.199727535 -0.449585637942 -1.39128997533 0.000244910848446 0.0202409170311 0.00191994054734 0.00311489003867 0.999788435903
1659182170.300593376 -0.584554974075 -1.39543195147 0.000375997654414 0.0119717754669 0.00351575301891 0.0039363615003 0.999914406902
1659182170.401317596 -0.733112806334 -1.40290335 0.000950188158131 0.00339995833095 0.0049033385792 0.00482194786432 0.999970572753
1659182170.502314091 -0.887083589303 -1.4061052095 0.00593601186254 -0.00226938758884 0.0026642707018 0.00350096685438 0.999987747311
1659182170.603181362 -1.04553030949 -1.41353471583 0.000549405670045 -0.00523159999114 0.00151973123761 0.00361544711171 0.999978624432
1659182170.704035282 -1.20320564169 -1.41542520039 0.000859239372793 -0.00598360674166 0.0014411306205 0.00314866124113 0.999976102477
1659182170.804868221 -1.36274567118 -1.41524479583 0.00411786288274 -0.0032351400493 -0.00179639783484 0.00306964498544 0.999988441985
1659182170.905729294 -1.52437902026 -1.4185838588 0.00433178908499 -0.0021402826982 0.000400581171472 0.00300502957137 0.999993114237
1659182171.006603479 -1.68022808022 -1.42405556282 0.00777299618304 -0.00182697894295 0.00030724695451 0.00163308822417 0.99999695038
1659182171.107440948 -1.83770091781 -1.42785329504 0.00972681314978 -0.00262623334203 0.00127119105011 0.00194754936508 0.999993846993
1659182171.208326817 -1.99721456715 -1.43666057797 0.0140486995216 -0.00488018810659 0.000652900232748 0.00288557378288 0.999983715342
1659182171.309029818 -2.15512986667 -1.44411961294 0.0183632588316 -0.00574481577755 0.000729206600033 0.00286998596686 0.999979114047
1659182171.410104990 -2.31402828215 -1.45172570824 0.0187569249584 -0.00576630276622 0.00194837753684 0.00232809281157 0.999978766555
1659182171.510856628 -2.47296763132 -1.45719776728 0.0179141193709 -0.00246642517375 0.000646427263016 0.000543722341344 0.999996601617
1659182171.611779928 -2.63214522065 -1.46064868632 0.0213621797602 0.000567664889349 0.00208360141817 0.000721844113542 0.999997407648
1659182171.712574482 -2.78767093185 -1.46898893445 0.0225232068023 0.00529782126284 0.0021932218908 0.000862769795942 0.999983189107
1659182171.813485146 -2.94797320396 -1.47116288326 0.0186734283102 0.0130478050552 0.0020100727657 0.000128760216561 0.999912845108
1659182171.914339066 -3.10704203227 -1.46614269121 0.0180885355573 0.0246722242114 0.00215003310279 0.000226912960126 0.999693256565
1659182172.015198469 -3.26818639714 -1.46659212338 0.0188480326075 0.0410231333146 0.0022053199021 3.12539807122 0.999155762692
1659182172.116034031 -3.43211065659 -1.46196131382 0.0158350128136 0.0601740713339 0.00164378347178 -0.000392605491901 0.998186468039
1659182172.216932774 -3.59291030772 -1.44930076259 0.0154681941576 0.0823965996919 0.00104772535342 0.000437676168794 0.99659897204
1659182172.317737818 -3.75223498123 -1.42957033757 0.015900146677 0.10635761925 0.000620243101857 0.000656409703989 0.994327532181
1659182172.418622494 -3.90586692255 -1.40095849237 0.0170856987557 0.133941213726 0.00210371651166 0.000494746569416 0.990986922652
1659182172.519482851 -4.05681260379 -1.36344852382 0.0168049533159 0.166306836986 0.000530051341109 0.001087567041 0.986073309757
1659182172.620286703 -4.19844754375 -1.31347955101 0.0236185204022 0.200447762041 0.00187384563885 0.000719901849656 0.979702334965
1659182172.721210480 -4.33726309448 -1.24980290809 0.0215785948213 0.23197066288 0.00244307163337 0.000857643165672 0.972719336403
1659182172.822020531 -4.46584816353 -1.18046610673 0.0228652379699 0.263979801335 0.00122853506796 0.00148299327473 0.964526285759
1659182172.922895432 -4.58601376014 -1.10016088951 0.0267863016977 0.293466522081 0.00175407279661 0.000823686262867 0.955967387094
1659182173.023607254 -4.69513009306 -1.01614489271 0.0230922543185 0.326102308192 0.000702582328607 0.000468052100853 0.945334105963
1659182173.124608040 -4.79123636024 -0.930795863723 0.0276118072246 0.359398218609 0.00163346750517 5.8626652091 0.933182859255
1659182173.225451469 -4.88797905302 -0.829056468604 0.0269088887582 0.391113124124 0.00159830863435 0.000557583148946 0.920341055614
1659182173.326211929 -4.98196198589 -0.717385635246 0.0219382932995 0.425694445101 -0.00128730032387 0.000237607918896 0.904866026443
1659182173.427181482 -5.07132684839 -0.598444494897 0.0194841184354 0.459988154368 -0.0020842984337 0.0016142779208 0.887921138192
1659182173.528028965 -5.15806527359 -0.46689073343 0.0188288898789 0.494286061022 -0.00296826812821 0.00241238525319 0.86929089473
1659182173.628901958 -5.23625519559 -0.324406879663 0.0184421637756 0.528277295533 -0.00283312655089 0.00303548881863 0.849061751715
1659182173.729740620 -5.30562395695 -0.174698045908 0.0211407720015 0.562522651604 -0.00308625268878 0.00238461398285 0.826772674375
1659182173.830594063 -5.35943848658 -0.0248840219427 0.02280098663 0.595086085041 -0.00276093328534 0.00186161042132 0.803655064717
1659182173.931448460 -5.40011391744 0.122307772357 0.0223931206043 0.625462485282 -1.66656052379 0.00142326874107 0.780252942022
1659182174.032308817 -5.41603210333 0.26895027976 0.0240579407174 0.656882177493 -0.00229476901092 0.0029095035718 0.753984133597
1659182174.133217335 -5.43150708531 0.424333684272 0.0220848054132 0.68590590408 -0.000255698766455 0.000710447567881 0.72768985195
1659182174.233930111 -5.43090428214 0.579930087624 0.0211617496187 0.714638541865 -0.000594665683592 0.00234640036811 0.69948973921
1659182174.334890842 -5.41098930721 0.740762914781 0.0207157190733 0.742878783283 -0.00129492675217 0.00186890336221 0.669422096822
1659182174.435650587 -5.3759884676 0.900269471171 0.0179554205273 0.769004138179 -0.00145320622835 0.00210379651799 0.639238686013
1659182174.536577702 -5.33200045997 1.05653058116 0.0177589233633 0.794577716417 0.000348592963222 0.00104634376152 0.607161458115
1659182174.637413263 -5.27526510015 1.20936849568 0.0169343062778 0.818453221426 -0.00105007252618 0.00272519978891 0.57456574469
1659182174.738286018 -5.2073706943 1.35917015952 0.015099951614 0.841318499981 -0.000387434882593 0.00217138904741 0.540535213056
1659182174.839168549 -5.13732695766 1.49431304935 0.0143310761755 0.8625033081 0.000333115113378 0.00115571661267 0.506049994437
1659182174.940026999 -5.05568294662 1.62473588014 0.0128342231069 0.882465856068 7.72594632846 0.000671038882813 0.470375973677
1659182175.040879011 -4.96369436145 1.74118441212 0.0101226544385 0.901174085456 -0.00118534842706 0.002491863692 0.433448558963
1659182175.141757011 -4.85701833611 1.85781599242 0.00991454425782 0.91900109362 -0.00152983205414 0.00222034473298 0.394245760419
1659182175.242583513 -4.74340613287 1.96241035393 0.0121579578689 0.935624472715 -0.00222781559764 0.00202349825077 0.352984119116
1659182175.343510389 -4.62620444623 2.05607763827 0.0108165585242 0.950610741038 -0.0021936749383 0.00194067485325 0.310371778025
1659182175.444298744 -4.49313142932 2.14109278343 0.00951476061129 0.964182997373 -0.00256312780557 0.00341633351938 0.265203519242
1659182175.545205355 -4.36050605027 2.21131792808 0.0115489913091 0.974762127652 -0.00146060346505 0.00298836240962 0.223221259793
1659182175.646007061 -4.22254244203 2.26584557511 0.00596253729164 0.983601967154 -0.00191214242894 0.00309676089635 0.180316177849
1659182175.746929169 -4.06243647107 2.30696807354 0.00618216362231 0.990784752432 -0.00225340915867 0.00329432905435 0.135387015224
1659182175.847759724 -3.91649135535 2.33483704827 0.0101002071374 0.995516678366 -0.000339776617821 0.00363022322616 0.0945158670631
1659182175.948655605 -3.75999442426 2.34911202031 0.00702008660189 0.998431470554 -0.000574643597378 0.00693535013465 0.0555533015226
1659182176.049448967 -3.60516914675 2.36607934062 0.00361821284503 0.999888382554 -3.00415845129 0.00436042335323 0.0142901448278
1659182176.150279045 -3.44678318214 2.36795827415 0.00856277908214 0.999654809293 0.000720019822772 0.00336402142489 -0.026046634872
1659182176.251109600 -3.29553756703 2.36181006105 0.00975625022334 0.997618423096 -0.000290294147635 0.00175131193912 -0.0689516536022
1659182176.352066040 -3.14858440061 2.34604407502 0.00957607757668 0.99382155317 -0.00250339086016 0.00349441071965 -0.110906458703
1659182176.452866077 -3.01348553569 2.320847438 0.00776365351623 0.988253393323 -0.00369425519936 0.00281425586897 -0.15275360234
1659182176.553789139 -2.87588562175 2.26037542717 0.0114288184362 0.981476775095 -0.00272692662079 0.00340968489499 -0.191531401785
1659182176.654598713 -2.74233960669 2.20532793589 0.00811730890628 0.973669865883 -0.00232262070061 0.00535847746834 -0.227887876868
1659182176.755366325 -2.61664984743 2.12492499844 0.0106177905157 0.964236776641 -0.0013873562633 0.00483948554355 -0.264994515408
1659182176.856097698 -2.50151053109 2.04328190411 0.0160483122747 0.953939956616 -0.00259398494295 0.000804169150522 -0.299985305851
1659182176.957138538 -2.40335827812 1.94809959922 0.0150260161589 0.942447034461 -0.00315496579 -0.00106438373315 -0.334338900689
1659182177.058055878 -2.30467100746 1.84389944264 0.00842864878552 0.929801491901 -0.00188069379837 -0.00125254597446 -0.36805445219
1659182177.158848286 -2.20430622789 1.73450270937 -0.000225651190546 0.91774634558 -0.000386744369443 0.000659911579149 -0.397166287743
1659182177.259741545 -2.10027896957 1.60861101481 0.00555591369639 0.903395791989 0.00053739609419 0.00462936355798 -0.428782372789
1659182177.360580444 -2.00696103423 1.48750980143 0.00701949937452 0.887655848424 -0.00143486470481 0.00447830201065 -0.460483420693
1659182177.461454868 -1.93814222688 1.35310646526 0.00868739042296 0.871202535607 -0.00302767701866 0.00366563532194 -0.49090074174
1659182177.562302589 -1.86554777069 1.22323942986 0.0129616933854 0.854808397195 -0.00424185787253 0.00230715511042 -0.518921273184
1659182177.663180351 -1.80043851527 1.09642230966 0.00697942782892 0.841408173727 -0.00328100739455 0.00135618798481 -0.540388453735
1659182177.764046669 -1.73676246793 0.967160650528 0.00289395717584 0.826961222691 -0.000938162413597 0.00358961478745 -0.562246716916
1659182177.864856243 -1.68271172934 0.83353506476 0.00376303748907 0.811427537429 -0.0011902361827 0.00236323898684 -0.584447046311
1659182177.965767384 -1.6424827437 0.702140373621 0.0016168948642 0.796613861524 -0.000591248494883 0.00296304981034 -0.604480956184
1659182178.066601753 -1.60569022037 0.56448659165 -0.000660580849068 0.782913151962 -0.000954893268459 0.00315324859308 -0.62212228837
1659182178.167316675 -1.56953641676 0.430500594479 0.00199272033571 0.767808616615 -0.00247172396921 0.002452739214 -0.640669808016
1659182178.268333197 -1.54476795582 0.292549588405 0.00293022434347 0.757914311231 -0.00219543986788 0.00156836163229 -0.652348539598
1659182178.369181395 -1.52812456989 0.151550341196 0.00263600892903 0.752944473329 0.000107157804029 0.00130707354037 -0.658082745678
1659182178.470046520 -1.51320190911 0.00970653465206 0.00539933075911 0.751334091151 -0.000154908459676 0.00165441717202 -0.659919936342
1659182178.570917130 -1.49610079026 -0.140197839343 0.00754790021282 0.751635153962 0.000113832016733 0.00154369494161 -0.659577288402
1659182178.671719790 -1.47728311369 -0.2907151772 0.0073095725926 0.753957760625 -0.00224741315693 0.00186460618979 -0.656916408359
1659182178.772601843 -1.45263522577 -0.442021472716 0.00867308212065 0.757930699857 -0.00247411966383 0.000888846466345 -0.652329780785
1659182178.873449802 -1.42012542189 -0.591955719503 0.00414630759486 0.764944523596 -0.00115206913761 0.00140876023576 -0.644093598751
1659182178.974318981 -1.38505797645 -0.733754252523 0.00738839665157 0.776547344453 -0.0031166635635 0.000524575828846 -0.63005097655
1659182179.075184822 -1.33976689216 -0.872778335305 0.00618643504338 0.798102850957 -0.000985763014251 0.00102999629956 -0.602519548789
1659182179.176051140 -1.29681944618 -1.01028538764 -0.00116260960179 0.821045966691 -0.00194799536106 0.000572254415366 -0.570858474947
1659182179.276908398 -1.23297734325 -1.14299756638 0.00179787005516 0.844181997931 -0.00104800383883 -0.000433803281188 -0.536055470891
1659182179.377754211 -1.16601448671 -1.27440604724 0.00397520061251 0.863272338789 -0.00146795575149 0.0003869141543 -0.504736133525
1659182179.478658676 -1.09908975555 -1.3927337236 0.00855958795713 0.878359012457 -0.000245862905579 -9.13073509086 -0.478001439799
1659182179.579595566 -1.00960486046 -1.50367891883 0.0102785448387 0.89406871447 -0.00260787808866 -0.000311235127271 -0.447922131525
1659182179.680408955 -0.913422746095 -1.60501643446 0.0111129174998 0.909201725841 -0.00150732610962 0.000434926045717 -0.416352927857
1659182179.781213045 -0.812330211236 -1.70117836595 0.00944750596953 0.923422623561 -0.000741383496764 0.000340210104566 -0.383783784055
1659182179.881964922 -0.704192464086 -1.78878502487 0.0138759710166 0.93600224351 -0.00130369924898 0.00096880103411 -0.351990286709
1659182179.984177589 -0.593160455289 -1.86796352027 0.0132855992867 0.947063480619 -0.00156628577365 0.000185042665106 -0.321042483458
1659182180.083762646 -0.476998648838 -1.93571358945 0.0132947634623 0.957960760325 -0.00151014983216 0.0016378492228 -0.286890603846
1659182180.184782743 -0.352830970325 -1.99633391556 0.012614786253 0.966968094175 -0.00083646244167 0.00285082434834 -0.254880124722
1659182180.285449982 -0.218748403276 -2.05538572513 0.014980468365 0.975466924449 -0.000834876956081 0.00191043500253 -0.220136168144
1659182180.387154102 -0.0907879084352 -2.10708882674 0.0177046792886 0.982209560442 4.59132408318 0.00114725009471 -0.187784613548
1659182180.487152100 0.0391767940238 -2.14817511625 0.0188615121371 0.98819804926 -0.00258230709205 0.00275298832999 -0.153135130468
1659182180.588012457 0.170669085987 -2.17178916009 0.0168315147026 0.992732784117 -0.00363811012611 0.00234332287071 -0.12026176588
1659182180.688921690 0.290196059964 -2.18508997044 0.0147626140795 0.996331653902 -0.00338435142179 0.00412095582066 -0.0854095973595
1659182180.789773941 0.392642723148 -2.19612391763 0.0150174618917 0.998704030403 -0.00296186028787 0.00174212348243 -0.0507784604459
1659182180.890613556 0.496526375974 -2.1881845704 0.0173963463159 0.999917971495 -0.00355512609154 0.000643217479225 -0.0122881093369
1659182180.991453886 0.595769277738 -2.17048779601 0.0158633349778 0.999658655979 -0.00248359897037 0.00036659451279 0.0260051700795
1659182181.092333794 0.696392666215 -2.13909833066 0.0151020338599 0.997510175179 -0.00259291914547 0.000416572166518 0.070473779892
1659182181.193181515 0.783878694495 -2.11861001746 0.0167517077532 0.994101083739 -0.0020504204595 0.000949127223163 0.108433990257
1659182181.294036388 0.873108463632 -2.09421615896 0.0166927726863 0.988795416498 -0.00373514050737 0.000419502423483 0.14922967887
1659182181.394873857 0.95244159381 -2.06152531393 0.020223930316 0.981040878023 -0.00339785292817 -8.44824281314 0.193771110091
1659182181.495754480 1.01268091678 -2.00469963519 0.0184464819711 0.969679919079 -0.00315555213952 -0.000530517145241 0.244357556823
1659182181.596618891 1.07920420053 -1.95168011932 0.0151463915214 0.955912570761 -0.00309767705549 0.00196256413265 0.293628523477
1659182181.697498798 1.12908239299 -1.88642336975 0.0126391823881 0.941969018616 -0.00325359677459 0.00200967676119 0.335678035141
1659182181.798300743 1.17388834991 -1.82646050083 0.0112404905127 0.922438069322 -0.00287753233935 0.00413558343557 0.386112192274
1659182181.899173260 1.2228225576 -1.74980216586 0.00966730049759 0.900116832798 -0.00299640388973 0.00340651821166 0.43562495855
1659182182.000159025 1.25366908594 -1.66952081064 0.0078681647182 0.873906312862 -0.0018872262288 0.0026535692847 0.486083483866
1659182182.100888252 1.28684538646 -1.5860475665 0.00960641347946 0.849084781383 -0.0019155059479 0.0015298382039 0.528250910511
1659182182.201825142 1.31698434904 -1.48833387726 0.0110550126304 0.820039633693 -0.00166881455363 0.00122573883034 0.572302989504
1659182182.302599430 1.3324475469 -1.4040076488 0.00883181603777 0.792312778824 -0.000854751730841 0.00125601161011 0.610113229119
1659182182.403476715 1.35013419932 -1.31299416179 0.00696758657412 0.759518277379 -0.00102143330264 0.00191207173976 0.650482349478
1659182182.504296780 1.3406758883 -1.22377018347 0.00576402042434 0.726698947921 -0.00199735310885 0.00317979778044 0.686945804672
1659182182.605189085 1.34029935312 -1.12197801325 0.00034410217619 0.68925240963 -0.00436012950448 0.0051095400218 0.724490163971
1659182182.706054449 1.31041817659 -1.03520174888 -0.00521193331024 0.65076178619 -0.00396342758687 0.00630045612724 0.759245476199
1659182182.806931973 1.27547350076 -0.955191161021 -0.0059665972838 0.608519570236 -0.0032330475143 0.00618344103112 0.793508188427
1659182182.907772779 1.2277921857 -0.869213831436 -0.00419588816007 0.563779529712 -0.0017743157518 0.00537145778791 0.825905951742
1659182183.008629322 1.17109142089 -0.790705564056 -0.00497359303591 0.52143748346 -0.00164169787979 0.00541924580147 0.853270699981
1659182183.109467745 1.10662576688 -0.719788573771 -0.00527236379108 0.477296724867 -0.000437579085076 0.00366553703483 0.878734435876
1659182183.210299730 1.03947862973 -0.651684544997 -0.00848446340839 0.429147571852 0.000392983289671 0.0036158818065 0.903227065879
1659182183.311175585 0.965736313835 -0.592503489335 -0.00902502337485 0.379669003305 0.00199751989768 0.00398071617934 0.925111675282
1659182183.412048101 0.876822032823 -0.537880188963 -0.0110543130856 0.32937048918 0.00323191210225 0.00337495145608 0.944189199951
1659182183.512932301 0.784048438824 -0.488369588605 -0.0128323778784 0.277659730381 0.00352321656785 0.00234066796063 0.960670173547
1659182183.613760233 0.685409818003 -0.449067070339 -0.00998218678264 0.226115135664 0.00233104587225 0.00181022930199 0.974096111643
1659182183.714606047 0.58235162801 -0.412505418116 -0.00108225825822 0.173955229834 0.0021064356388 0.00116371263642 0.984750621587
1659182183.815441132 0.472232752775 -0.388554575335 -0.0010756832618 0.127186127998 -0.000444577398974 0.00140269109482 0.99187777657
1659182183.916309595 0.353785156734 -0.370518150336 0.00208754231309 0.0724043738926 -0.0019764747012 0.00208915922379 0.99737121254
1659182184.017152548 0.22693262894 -0.370373652432 0.00393743174534 0.0172942502576 -0.00187587823405 0.00351951840632 0.999842489085
1659182184.118012428 0.101187183515 -0.38204440098 0.00515891642756 -0.0338835968619 -0.00310897692731 0.00516015814983 0.999407628995
1659182184.218966961 -0.0249269200651 -0.392197424285 0.00408604738169 -0.0924253315341 -0.00204405901817 0.00605433274828 0.995699113673
1659182184.319732666 -0.152427112677 -0.428887317622 -0.00195127309536 -0.143584950431 -0.000665858599766 0.0069218485374 0.989613564304
1659182184.420652390 -0.283464475443 -0.483198077162 0.00163654602442 -0.19309694687 -0.000474628890405 0.00542493668125 0.981164570242
1659182184.521442413 -0.421338541662 -0.550231479059 0.00318074156 -0.238857396325 0.000559296883864 0.00357136404596 0.971047927121
1659182184.622303486 -0.557138908689 -0.633044921062 0.00344808576649 -0.285756459985 0.0012763104785 0.00350724626358 0.958295004595
1659182184.723207474 -0.685844453267 -0.729432579713 0.00519589969307 -0.327197996828 0.00147869363014 0.00281446522316 0.94495045538
1659182184.823926210 -0.813183426254 -0.833828799178 0.00819969818793 -0.358937888903 0.00145632285182 0.00225364216671 0.933357590707
1659182184.924906731 -0.943065418337 -0.956839788984 0.00840678814931 -0.38118246774 0.000189278704961 0.00195907618798 0.924497729841
1659182185.025675535 -1.06515957421 -1.07697699626 0.00868365407543 -0.387447204193 -7.96726522764 0.00123098382287 0.921891068562
1659182185.128825903 -1.18813745814 -1.19103582726 0.0122942162263 -0.373590840703 -0.000738153164674 0.000490716315389 0.927593174873
1659182185.227484226 -1.30440668617 -1.28703089094 0.0139604941497 -0.350069218581 -0.00010061737621 0.000935495612076 0.936723362005
1659182185.328619242 -1.42826643736 -1.37870124643 0.0182819003579 -0.315125964515 -0.0024522829532 0.00210787874868 0.949044345457
1659182185.429228306 -1.55872686081 -1.47959262251 0.0163919327723 -0.28239167183 -0.00118369657546 0.00176040240223 0.959296848492
1659182185.530560017 -1.69269180929 -1.56760237942 0.0154573045649 -0.246432949731 0.000661432709135 0.00209558192601 0.969157351688
1659182185.630929470 -1.84233095058 -1.65075774883 0.0157616583566 -0.207659977577 0.00104614317711 0.00211696195176 0.978198220081
1659182185.731735706 -2.00297291411 -1.72911972662 0.0148894023422 -0.165115000364 0.00136758824444 0.0022049162423 0.986270908372
1659182185.832585812 -2.15504064487 -1.79208050207 0.0158539931848 -0.122428883467 -0.000197569392657 0.00288261158842 0.992473082763
1659182185.933432579 -2.30473118254 -1.82408608997 0.0194013755276 -0.0769608311705 -0.000231996224805 0.00213267796004 0.997031809085
1659182186.034312963 -2.45882030423 -1.84940480877 0.0190899555019 -0.0265345247096 -0.000298103085503 0.00170942749611 0.999646391476
1659182186.135207176 -2.61165238392 -1.84875850146 0.018196004801 0.0240929047806 -0.00141926899048 0.00193990959231 0.99970683421
1659182186.236016750 -2.76295144792 -1.83461819581 0.0189031787348 0.0733147321873 -0.000714868012614 0.000818678830025 0.997308261659
1659182186.336757660 -2.91650602198 -1.80902795253 0.0200430994184 0.125288558295 0.000935373305313 -0.00118625620802 0.992119193965
1659182186.437749863 -3.0582968392 -1.76805309753 0.0174791358527 0.173767256664 0.000932099870558 -0.00143938538325 0.984785255714
1659182186.538605213 -3.18797768891 -1.70151823599 0.0216597301967 0.222962275264 0.00078542713601 0.000283061278481 0.974826716288
1659182186.639441490 -3.30074273584 -1.62511710867 0.0178269493832 0.26829697792 0.00148838252001 -0.000234032261966 0.963335072332
1659182186.740281105 -3.40827705932 -1.53817569908 0.0160771951167 0.311185167699 0.00065234975399 0.000261808099022 0.950349039722
1659182186.841193199 -3.50871251215 -1.43856380317 0.0188021701909 0.356198989205 0.000340848018901 0.000630595930554 0.934409849189
1659182186.942065001 -3.60802355866 -1.32899356448 0.0194100523638 0.397549947005 -0.000528795670681 0.000730671688373 0.917580092488
1659182187.042876005 -3.70027345258 -1.21339307067 0.017937385441 0.437194388181 -0.000348303752474 -0.000497748326411 0.899366831651
1659182187.143772125 -3.77664331666 -1.09272013643 0.0172217618077 0.474667973984 -0.000347726201854 -0.000694305542184 0.880164593415
1659182187.244668007 -3.83868746786 -0.968065562151 0.0214800218184 0.507779337873 0.00147981535612 0.000506733785368 0.861485749967
1659182187.345581055 -3.89817595259 -0.83519329665 0.0190862862293 0.543642638441 0.000579959321419 0.00116544127824 0.839315785067
1659182187.446349144 -3.94660819963 -0.707191984524 0.0150479670994 0.575341291746 -0.000671645866356 0.00190684541779 0.817910943101
1659182187.547206402 -3.9869168143 -0.578528724007 0.01657352323 0.606292773513 -0.000125403815032 0.000748080172219 0.795241156779
1659182187.648034096 -4.01476903098 -0.449807812951 0.0179669679421 0.634828092539 0.000227302509574 0.00306967085964 0.772647279409
1659182187.748926640 -4.03568690797 -0.333043861754 0.023316119768 0.660606218249 0.00118878198471 0.0053177876532 0.750712816157
1659182187.849781513 -4.05743000106 -0.214402565435 0.0224054856687 0.67537477102 0.00126556920477 0.00406387803219 0.73746240711
1659182187.950632095 -4.08077501803 -0.101811350428 0.0223994205926 0.68185010922 0.00160241604999 0.0046010450135 0.731475694199
1659182188.051332474 -4.10410900916 0.0274272563035 0.0218907634082 0.677094438768 0.00156499524924 0.00482201603812 0.735878672025
1659182188.152334452 -4.13402646217 0.161238599186 0.0174209318856 0.662057857138 5.53334072036 0.00675136297338 0.749422317414
1659182188.253104687 -4.17101779556 0.299671783806 0.0190022256532 0.64697624083 -0.00138203954644 0.00633164867037 0.762482618814
1659182188.354035616 -4.20639866202 0.433878821487 0.0242446205258 0.624502226046 -0.00118384681354 0.00482869297004 0.781007203484
1659182188.454877853 -4.25388864744 0.575556515129 0.0208482094993 0.599485008423 3.61286381512 0.00353285092956 0.800378187069
1659182188.555718422 -4.30952254527 0.713109838074 0.0189430743462 0.570422886801 -2.48124281478 0.00201198902544 0.821348696656
1659182188.656588078 -4.38081199876 0.842459657944 0.0177725588052 0.545096154021 0.000186408468375 0.00379083162537 0.83836494304
1659182188.757443905 -4.45029812284 0.978420449763 0.0133454962127 0.519892236523 -0.000718175969498 0.00293661815716 0.854226505618
1659182188.858182669 -4.52571479405 1.10573898023 0.0139194436045 0.491979090599 0.000452161369925 0.00206697756857 0.870604443802
1659182188.959148169 -4.6018593605 1.23196910892 0.00960673721572 0.461909951316 0.00128692946773 0.00208302244142 0.886923447489
1659182189.060110092 -4.70457061771 1.34784240128 0.0148728360062 0.429714441557 0.00144142915655 0.00260044842286 0.902959943003
1659182189.160890102 -4.80604853041 1.44680144051 0.013909063177 0.396488219312 0.000552588794504 0.00284646719559 0.918035230379
1659182189.261734009 -4.90741230732 1.5400117319 0.00879822034849 0.363655668958 -1.5981020718 0.00251492905142 0.931530047455
1659182189.362723827 -5.01689478187 1.6135756629 0.0115563064579 0.325834498588 -0.00187790199857 0.00273058026572 0.94542101571
1659182189.463517666 -5.12744951073 1.67393891972 0.00738753318203 0.285664267266 -0.000591292370518 0.00240108386438 0.958326568335
1659182189.564334869 -5.23965096586 1.72524336966 0.0135659980168 0.241662137298 0.000262445678514 0.00395832816956 0.970352345366
1659182189.665182114 -5.34135857364 1.75732574716 0.0135530756829 0.198212356706 -0.00027410561827 0.00361740981809 0.980152386551
1659182189.766045570 -5.42952660752 1.77059524285 0.0122646428456 0.153402852454 -0.000607664709779 0.00344914692179 0.988157527416
1659182189.866914272 -5.51501175401 1.77255415398 0.00898398555796 0.104721324037 1.90122083632 0.00378073515197 0.994494419276
1659182189.967631817 -5.60309885696 1.76859779093 0.0109953906055 0.0494960833279 -0.000914926223055 0.0035834459034 0.998767470215
1659182190.069008350 -5.67935661494 1.75181237377 0.00903004980325 -0.00628898856667 7.13430645982 0.00447909933821 0.999970190157
1659182190.169466257 -5.75818546151 1.7298238748 0.00919905471342 -0.06210549315 -0.000902921075609 0.00441516064533 0.998059416473
1659182190.270470619 -5.83260162722 1.70462399413 0.0124164324877 -0.1181578572 0.000406368664113 0.00506446473917 0.992981826039
1659182190.371170998 -5.90391696496 1.66099784728 0.0100547726269 -0.172535934557 -0.00192090592761 0.00452765772055 0.984990944995
1659182190.472064018 -5.97360007139 1.61336162339 0.0108934264414 -0.225536982656 -0.00139865300875 0.00483135013798 0.974221623287
1659182190.572800159 -6.0346198774 1.56324014492 0.0103524460367 -0.2763935392 -0.000113455929075 0.00462162561349 0.961033422516
1659182190.673749685 -6.097815743 1.50499792819 0.00970505587327 -0.327279904427 0.000162548687188 0.00356593950794 0.944920696044
1659182190.774480820 -6.15333805789 1.43977899069 0.00871829305689 -0.37766320441 -0.00153611283716 0.00300859152741 0.925936872994
1659182190.875451088 -6.20019705036 1.36655824982 0.01004158468 -0.425101691768 -0.000419430687502 0.00344952932579 0.905138926619
1659182190.976292610 -6.24522105306 1.28856928535 0.00979103037345 -0.473471570504 -0.000159760536073 0.00233168541059 0.880806000004
1659182191.077188969 -6.27495365741 1.1992781991 0.0154170857456 -0.518275615054 -0.000880581488707 0.00223493347849 0.855210276183
1659182191.178039312 -6.30370883748 1.09798370831 0.0165742092059 -0.564373932958 -0.000327407814238 0.00169826584335 0.825517457414
1659182191.278885841 -6.32353165775 0.989410696751 0.0171815565212 -0.608350892537 -0.000300878451946 0.00140760370197 0.793666882057
1659182191.379682064 -6.33699749893 0.872058560273 0.0144162188503 -0.651571605141 6.33326639497 0.00124258573636 0.75858611597
1659182191.480631828 -6.33182577814 0.761485638035 0.0169504589002 -0.689326073363 0.00072532594882 -0.00083203101952 0.724450375256
1659182191.581463337 -6.30722269372 0.653548659213 0.0171168040791 -0.726419328987 0.000131475281423 -0.000640050935376 0.687251432536
1659182191.682314396 -6.27829620882 0.542375078731 0.0183300046261 -0.762473305823 0.000130651010823 -0.00157814823007 0.647017735681
1659182191.783158302 -6.23030284416 0.440036958072 0.018651461612 -0.798060625183 0.00089475555113 -0.000623323179981 0.60257617727
1659182191.884045601 -6.1722496315 0.326415721116 0.0137673477708 -0.832192755928 -0.000992932156393 -0.00131813976756 0.554483988564
1659182191.984798908 -6.10193834711 0.214879789931 0.0113084607758 -0.862095229199 -0.00311523914253 -0.00203039139027 0.506732659879
1659182192.085692644 -6.02216138421 0.112155703838 0.00990910603928 -0.890269036581 -0.00246393857286 -0.00164191855691 0.455425378757
1659182192.186562538 -5.9227049129 0.0219994876545 0.00865150534391 -0.913038297091 -0.00288311019803 -0.00143805041127 0.407861113286
1659182192.287491560 -5.81967830219 -0.0604037729455 0.0144014043901 -0.932380848034 -0.00201075432172 0.000175533712673 0.361471825008
1659182192.388306618 -5.70557202616 -0.128850344423 0.0156443348632 -0.948140687269 -0.000627672999676 -0.000444201380074 0.317850036741
1659182192.489214420 -5.59136910128 -0.190693216093 0.0166917963601 -0.960554117981 -0.001644302025 0.000719618690271 0.278087333134
1659182192.590047121 -5.47919447486 -0.240991906243 0.0198438163532 -0.969333706706 -0.00106828271131 0.00148653954074 0.245741355931
1659182192.690881968 -5.36686774107 -0.289002866195 0.0228542682644 -0.975522509583 -0.00176638045763 0.00218712049206 0.219881626564
1659182192.791744232 -5.24394785105 -0.338850485617 0.0261008341701 -0.980619867775 -0.00134062109619 0.00111345582118 0.195912321908
1659182192.892600060 -5.110241932 -0.375087675748 0.0247339315528 -0.984175433787 2.08675148219 0.0019739142702 0.177185832356
1659182192.995574713 -4.97243530763 -0.407363741592 0.0277770614671 -0.985848500344 0.00157367865837 0.00221652136813 0.16761666068
1659182193.094341755 -4.82488942191 -0.443246889344 0.0245122132524 -0.986177692589 0.00106362877974 0.00276711360238 0.165664632361
1659182193.195213079 -4.67166302456 -0.488725042166 0.0258984955748 -0.985551041241 0.0022881670692 0.00044692415095 0.169362657214
1659182193.296078205 -4.51397347619 -0.546812692841 0.0238400726266 -0.984069516741 -0.000113404850691 -0.00163393462481 0.177776555311
1659182193.396884441 -4.35906126069 -0.608396550341 0.0232896377747 -0.980963185667 -0.000841298022215 -0.00220578304535 0.19417944048
1659182193.497734547 -4.21080149097 -0.677796876346 0.0239879752365 -0.975892920272 0.000628928971785 -0.00350454368801 0.21822083032
1659182193.598635674 -4.06896398142 -0.755577650718 0.0210840396595 -0.969895959914 0.000600154842476 -0.00373119057444 0.243490338562
1659182193.699465990 -3.93629086202 -0.838912590637 0.0223425959879 -0.961991972829 0.000729567336234 -0.00315947670375 0.273058472954
1659182193.800378323 -3.81327987172 -0.923969402897 0.0217306793751 -0.952754200132 0.00119837511975 -0.00208469708705 0.303732863
1659182193.901213408 -3.68101747885 -1.01431416759 0.0196317752193 -0.941693217966 0.00157131092757 -0.00539312205688 0.336425814191
1659182194.002040386 -3.57066579208 -1.11677383736 0.0183843848189 -0.929749479389 -0.000818179894808 -0.00343626382477 0.368175811602
1659182194.102947474 -3.4637053646 -1.22183659475 0.0176455948335 -0.918480923363 0.00106838329883 -0.00323133730545 0.395450642224
1659182194.204070091 -3.36585727218 -1.33128943827 0.0158015692217 -0.905784598888 0.00133565598116 -0.0024669249165 0.423729147831
1659182194.304546595 -3.27160292868 -1.44875385029 0.0173613837821 -0.893372795313 0.00146797053495 -0.00188992485623 0.449309828339
1659182194.405364513 -3.19016434424 -1.56546387649 0.0222309581141 -0.877843180806 0.00164550807149 -0.00324058787861 0.478934380481
1659182194.506333351 -3.11630720633 -1.69321755328 0.0225929491114 -0.860120084628 0.000931961201292 -0.00376953914072 0.510076819746
1659182194.607196093 -3.04981866278 -1.82698717307 0.0229266873875 -0.842807420127 0.000796378708513 -0.0044045565101 0.538196635294
1659182194.708024025 -2.99789268564 -1.96069062125 0.0220333225636 -0.829470963078 0.000512839306826 -0.00418203545586 0.558533946136
1659182194.808896780 -2.94433035023 -2.10304282284 0.0209389928826 -0.824773217194 3.73527383346 -0.00334117137593 0.565453779507
1659182194.909741879 -2.88336306648 -2.2363420512 0.0172819815261 -0.833278099203 -0.00187416654358 -0.00350286553277 0.552839784043
1659182195.010613918 -2.81080303406 -2.3613142541 0.0101951600488 -0.85031676291 -0.00299283148056 -0.00163381163836 0.526260179315
1659182195.111502171 -2.73018488168 -2.4818541402 0.0103471217995 -0.870465168762 -0.00319701188603 -9.73427104214 0.492219625382
1659182195.212377787 -2.6457507937 -2.58485367162 0.0107571831533 -0.889318040554 0.000209915156264 0.00117079953851 0.457287664287
1659182195.313155890 -2.56794657884 -2.68280246311 0.0123288672018 -0.908056829639 0.00034955321883 0.000490804806829 0.418846548356
1659182195.414032459 -2.47711559618 -2.77944093293 0.0150183576308 -0.925817995987 0.00121450386879 -0.00048980877233 0.377967357552
1659182195.515130997 -2.38123339069 -2.86248213467 0.0168150775847 -0.941344301347 6.24132362528 -0.00187123392829 0.337442440883
1659182195.615777731 -2.29142796802 -2.93458547326 0.0182458537705 -0.955014669164 -0.00043552544364 -0.00269685303763 0.296545981228
1659182195.716565132 -2.19353970189 -3.00213998388 0.0177459988281 -0.966984964395 -0.00029343351294 -0.00282429685888 0.254817612968
1659182195.817483664 -2.08376488313 -3.04685153972 0.0124813555813 -0.978201177052 0.000197182695808 -0.00132066813588 0.207655180932
1659182195.918307066 -1.96570833641 -3.08009807905 0.015213189823 -0.986801373541 -0.000415934961171 -0.000664312022329 0.161933427265
1659182196.019148827 -1.85303371136 -3.11075475488 0.0131611183201 -0.992666399113 -0.00122504276062 0.00290987618899 0.120844743214
1659182196.120055676 -1.73268200823 -3.12284931371 0.0177262502415 -0.997035013099 0.000401971934698 0.00333408359672 0.0768759062365
1659182196.220919609 -1.61167275713 -3.12833741376 0.0185319293342 -0.999386085703 0.00313192003158 0.0011924329278 0.0348743585428
1659182196.321759462 -1.48309785602 -3.12689660293 0.0222419456942 -0.999971992744 0.00181404824002 0.0002352473139 -0.00725724566852
1659182196.422616482 -1.34627616337 -3.11067018692 0.0221314431912 -0.998762587243 0.00135435596298 0.000595226106706 -0.0497102177612
1659182196.523473263 -1.20241271507 -3.08096547514 0.0218768524537 -0.995990572895 0.000100353639223 -0.00214393788699 -0.0894325005978
1659182196.624332905 -1.07269898685 -3.03638402156 0.0218380719746 -0.991191864835 -0.000258511444288 -0.00303046086799 -0.132398778559
1659182196.725190878 -0.940513965958 -2.98008153745 0.0219874122347 -0.985048337121 -0.00102447296921 -0.00267644381438 -0.172254348677
1659182196.826093912 -0.811093364353 -2.91836114407 0.0199517979324 -0.977841152767 -0.00121971696575 -0.00334740461338 -0.209317909238
1659182196.926892281 -0.693366894908 -2.85086437922 0.0185491305667 -0.969910680846 -0.00114082236315 -0.00293382656737 -0.243440675252
1659182197.027706146 -0.578178935605 -2.77035278538 0.0186557038084 -0.960837962613 -0.000334834102304 -0.0012238207152 -0.277107920764
1659182197.128591061 -0.475427684947 -2.68492361615 0.0158597539555 -0.951443975976 0.00131487821691 -0.00213353748886 -0.307811760159
1659182197.229475498 -0.368671820209 -2.58772767099 0.0165695607698 -0.940314090463 0.00298574563551 -0.00113647972136 -0.340292822455
1659182197.330340147 -0.266558449114 -2.48488194868 0.0176159578244 -0.92932677302 0.00377128726201 -0.000887228528871 -0.369238052164
1659182197.431175470 -0.171753603323 -2.37240054355 0.0167452940424 -0.9164657752 0.00494183441951 -0.00193731842691 -0.400077877365
1659182197.532034874 -0.090325584348 -2.26564665547 0.018163122459 -0.900914233606 0.00522929777188 -0.00266604351657 -0.433957475269
1659182197.632891178 -0.0207811966888 -2.14045356614 0.0207965723094 -0.884369830011 0.0041054906334 -0.00253084202434 -0.466761977406
1659182197.733784199 0.051973046399 -2.0153118037 0.0207776896595 -0.866111538933 0.00387670738486 -0.0034256963794 -0.499824006897
1659182197.834606886 0.101654814634 -1.89646431095 0.0178330974336 -0.847497571258 0.00338854208694 -0.00352607500631 -0.530776743358
1659182197.935458422 0.159491624644 -1.76043146168 0.0169331156446 -0.826419434033 0.00172485424586 -0.00254915353675 -0.563046575114
1659182198.036537409 0.199513960284 -1.61625489207 0.017027083771 -0.805703094853 0.00192000262416 -0.00299721528923 -0.592308917065
1659182198.137220144 0.224659720585 -1.47461087058 0.017833483335 -0.783845209973 0.00134622110812 -0.00324673021191 -0.620946320735
1659182198.238007545 0.253241396051 -1.32648032604 0.0149157239677 -0.762160119687 -0.00053242700691 -0.00416148849315 -0.647374969004
1659182198.338897705 0.262010351799 -1.18416569107 0.0158580761515 -0.740889035816 -0.00171081756745 -0.00165784003071 -0.671623228661
1659182198.439724684 0.261520622977 -1.04503680081 0.015537865648 -0.717284281876 -0.00342777138961 -0.00192979084644 -0.696769535258
1659182198.540641785 0.256634850219 -0.890304709002 0.0100259765834 -0.691541314282 -0.00361229647692 -0.00265920625449 -0.722322982175
1659182198.641480684 0.237503516583 -0.737826504123 0.00929021351282 -0.664687739074 -0.00184190094962 -0.00177609644776 -0.747116900094
1659182198.742262363 0.207371512238 -0.58318516753 0.00680477580477 -0.641564276983 -0.000674490158395 -0.00449227034509 -0.76705582787
1659182198.843203545 0.158965902209 -0.424960934348 0.00140134384154 -0.61707532281 0.00426202190806 -0.00537135170112 -0.786874214681
1659182198.944033623 0.102930580755 -0.27201669778 0.000432574477196 -0.590761945883 0.00505900925864 -0.00483700665034 -0.806815550847
1659182199.044896126 0.0384772813245 -0.121284369222 -0.00109283499045 -0.562816168005 0.00541070114459 -0.00359941330179 -0.826556549529
1659182199.145812988 -0.033898174716 0.0269850945912 0.00348939101665 -0.534653206666 0.00430004604216 -0.000489503738663 -0.845060482209
1659182199.246630669 -0.115491161202 0.158922370739 0.000596162321918 -0.510713731893 0.00340120105916 0.000850265698449 -0.859743678625
1659182199.347463608 -0.211814443607 0.30350733602 0.00201899773524 -0.48080367218 0.00136910598211 -0.000437536217339 -0.876827099792
1659182199.448329449 -0.320114483443 0.436532742597 0.00237188072511 -0.453238071945 0.00227566722173 -0.000875958995197 -0.89138617006
1659182199.549187183 -0.430795318894 0.566333206783 0.00487563932548 -0.426984551485 0.00100206368475 -0.0011433031515 -0.904257641118
1659182199.650112867 -0.542681981123 0.694297887171 0.00541111467001 -0.399338639845 -6.27423241636 -0.00162770584727 -0.916802049171
1659182199.750870228 -0.664896886436 0.811453291259 0.000354419183173 -0.370127249023 -0.00185893850257 -0.00347485819474 -0.928972706401
1659182199.851767540 -0.807455462143 0.923947043807 0.00242589206643 -0.339402002485 -0.00166115784192 -0.00279317961706 -0.940635805937
1659182199.952623844 -0.957485494708 1.02895309896 0.00279847164112 -0.307968751013 -0.000911435314295 -0.00309639675923 -0.951390997441
1659182200.053475380 -1.11686205025 1.12199937716 0.00671147716697 -0.27927834052 -0.00132349066606 -0.00309825005914 -0.960204279169
1659182200.154258013 -1.28182585958 1.20936130453 -0.0008641045445 -0.248200947453 -0.0021583835293 -0.0015984016044 -0.968704844716
1659182200.255064964 -1.43674059393 1.29360507507 -0.000734173082884 -0.219094152079 -0.00105939316653 -0.00240767342463 -0.975700175935
1659182200.356027365 -1.60809443551 1.36052797297 -0.00154239842035 -0.190187304207 -0.000965434448817 -0.00273808324292 -0.981743530743
1659182200.456843615 -1.78675518035 1.4198950813 -0.00254051810085 -0.161318951294 3.54076751381 -0.00421113799521 -0.986893338217
1659182200.557743073 -1.95891746181 1.47265675991 0.0014210835775 -0.134167851299 -0.00106415804646 -0.00386045961016 -0.990950529591
1659182200.658660412 -2.14177363052 1.5087456664 0.00794903647378 -0.108417347414 -0.00105561619405 -0.0033317911648 -0.994099322815
1659182200.759401798 -2.32368926914 1.54615048827 0.0120386642549 -0.0852904026843 -0.00289124663702 -0.00164244553292 -0.996350586027
1659182200.860242844 -2.50981382847 1.56524718802 0.00974604191009 -0.0604495272395 -0.000404211656036 -0.00137171995256 -0.998170230799
1659182200.961136818 -2.70480806836 1.57492953196 0.00740236522796 -0.0341820821874 0.00234724949942 -0.00238385721639 -0.999410022414
1659182201.063003778 -2.8928396743 1.57374721461 0.0111666731916 -0.00790592162373 -0.000364146383906 -0.00287318297063 -0.999964553682
1659182201.162911177 -3.08197918935 1.56556771644 0.0144936751057 0.0196943757957 -0.00216336027588 -0.0025424518461 -0.999800473781
1659182201.265158176 -3.26405756621 1.54076446085 0.0143701905894 0.048257338918 -0.0020515742649 -0.00200012337817 -0.998830826412
1659182201.364597797 -3.45365151718 1.50266990447 0.014936421385 0.0810907213055 -0.00142798268981 -0.000712944504807 -0.996705446706
1659182201.465460300 -3.63821629242 1.46141349491 0.0148717327184 0.111588420213 -0.000532964940895 -0.00114448218892 -0.993753707205
1659182201.566356897 -3.82807122549 1.40571044567 0.0137904016236 0.145129816174 0.00238815310732 -0.000535550928104 -0.989409594843
1659182201.667178869 -3.99702641753 1.33496527218 0.0143544413879 0.174840032175 0.000333824978318 -0.00183426019594 -0.984595087942
1659182201.768084049 -4.16175378529 1.25511483049 0.0144859389618 0.196685607259 -0.000978962593083 -0.00221875522991 -0.980463610061
1659182201.868897200 -4.32339351716 1.18699812159 0.0208913061448 0.20208605565 -0.00136773840974 -0.00207813783896 -0.979364608686
1659182201.969642639 -4.47601139719 1.13220971024 0.0245293847783 0.192809707808 -0.00040002866616 0.000306940782123 -0.981236038035
1659182202.070624352 -4.639714192 1.07940159869 0.0226318230463 0.174480850033 -0.000244375593092 0.000672420829634 -0.984660307468
1659182202.171504498 -4.80817706273 1.02668790917 0.0159609776293 0.148589606594 0.00153182141674 0.0021332072183 -0.988895460482
1659182202.272309303 -4.97876213126 0.986674498803 0.0231286033746 0.12042651258 0.0010231165238 0.000604307511802 -0.992721533519
1659182202.373180628 -5.14154132602 0.957282555186 0.0174089785298 0.0840378733167 0.000829004628705 -0.00080632512755 -0.996461890109
1659182202.474044800 -5.31411223971 0.936826843999 0.0193871530728 0.0445915955317 -0.000250333689654 -0.00122617805529 -0.99900451622
1659182202.574868917 -5.47474433111 0.936227697732 0.0190092841588 0.00328042490654 0.000348484793833 -0.000985064900676 -0.999994073491
1659182202.675764561 -5.63110590049 0.939618384734 0.0182405877993 -0.0356126825326 0.00209855410469 -0.000214304384173 -0.99936344089
1659182202.776584148 -5.77884172242 0.935739358706 0.0171094474277 -0.0630910607658 0.00178447383224 0.000889326130064 -0.998005782951
1659182202.877450943 -5.91988172668 0.928782207033 0.0158506829515 -0.0770778397429 0.00153766978196 -0.000364140279195 -0.997023825991
1659182202.978297234 -6.03509287217 0.930893098077 0.0175510653525 -0.0802384295919 0.000883077394336 -0.000338269156104 -0.996775250578
1659182203.079107761 -6.12947944423 0.928321569496 0.0205951654066 -0.0756617709512 0.00179135694243 -0.00137122922833 -0.997130987979
1659182203.180027962 -6.20398513744 0.923558407027 0.0213123153161 -0.0638561188167 -0.000288761339485 -0.00361278642681 -0.997952534182
1659182203.280901909 -6.25831763714 0.921665152684 0.0258470663603 -0.0485613991103 0.000626558894738 -0.00245180363109 -0.998816993548
1659182203.381755829 -6.29702196155 0.922304743731 0.0303646725052 -0.033797347708 -0.000502218882795 -0.00336742770687 -0.999422907229
1659182203.482631922 -6.31394400045 0.912011211853 0.0293367508693 -0.0102844925731 -0.0010992486247 -0.00331904206234 -0.999941000672
1659182203.583475113 -6.3236706289 0.892408133584 0.0209444544889 0.0246852321654 -0.00160292193169 -0.00292569036737 -0.999689707004
1659182203.684221983 -6.32285979841 0.864847011072 0.0199639269527 0.0766416932156 -0.00154571408004 -0.00252394073333 -0.997054307123
1659182203.785170555 -6.30311293074 0.848589963593 0.0193535190979 0.133358736409 -0.00145061507487 -0.00236768058531 -0.991063942048
1659182203.886044741 -6.27158283742 0.843271007855 0.0137389636722 0.190280402867 -0.0011233594522 -0.00272307139721 -0.981725364463
1659182203.986894369 -6.24083488369 0.838416128738 0.0168353812809 0.2447129894 -0.00269064613026 -0.00237102824474 -0.969588929118
1659182204.087762833 -6.21232047247 0.843898844909 0.0174562599065 0.295203745537 -0.00166605131091 -0.0013273956694 -0.955431949913
1659182204.188613415 -6.18093276518 0.857830847429 0.0209133594835 0.342841334392 -0.00107173965097 -0.000924185678723 -0.939392259222
1659182204.289474249 -6.14819967795 0.871994527525 0.0222564149996 0.387774869255 -0.00171745877217 -0.00153694975593 -0.921751234822
1659182204.390329361 -6.10524590612 0.896346780238 0.0179091282418 0.431868181889 -0.00147968955404 -0.0017757159143 -0.90193377297
1659182204.491229057 -6.06952806264 0.924205952737 0.0149620456422 0.472201328021 0.000482949296388 -0.000957250375705 -0.881490077226
1659182204.592063427 -6.03046986489 0.959373816337 0.0174959910589 0.50719255081 0.00202261680781 -0.000373469980909 -0.861830311572
1659182204.692891598 -5.99106519018 1.00158377559 0.0155167916532 0.542978938157 0.00090390020283 -0.00061379855921 -0.8397456037
1659182204.793737888 -5.95717122743 1.03786362379 0.0120262118459 0.577078734852 -0.000300101703461 -0.0019757022824 -0.816686072075
1659182204.894591808 -5.93292447245 1.07348995257 0.0061720526142 0.608487874834 0.00124303555313 -0.001751930894 -0.793560263484
1659182204.995452881 -5.91269999148 1.11293238466 0.0053729081401 0.63757093527 0.00294179014035 -0.00141447223631 -0.770384740009
1659182205.096303940 -5.89482218302 1.15706170718 0.00768321708436 0.662983825127 0.00215681137654 -0.00118776003867 -0.748629671474
1659182205.197061777 -5.88027900156 1.20987255451 0.0136479430588 0.688594178954 0.000247830216774 -0.00170483360717 -0.725144874376
1659182205.298029900 -5.8738873807 1.25636696597 0.0147206603421 0.712149327971 0.0015918529847 -0.0014110683169 -0.702024792697
1659182205.398859262 -5.86805131303 1.30972523673 0.0135884601935 0.735184044689 0.000518465958363 -0.00211867291499 -0.67786404452
1659182205.499790907 -5.86483428998 1.35996157922 0.0174468503488 0.755393940626 -0.00202049310929 -0.00170146422082 -0.655265608049
1659182205.600614548 -5.86468492557 1.40999898717 0.0163273111793 0.774758377699 -0.000975203591529 -0.00205383718122 -0.632253340771
1659182205.701488495 -5.87045365426 1.45739818628 0.0207939088198 0.791809840356 -0.00186963321648 -0.00213552648248 -0.610761099542
1659182205.802307606 -5.87489551971 1.50731237493 0.0214274545931 0.80712283302 -0.00152981552156 -0.0020089694488 -0.590378146719
1659182205.903184175 -5.87989167971 1.55214385095 0.0230826700997 0.820114185392 -0.000650756640344 -0.00168622802752 -0.572197043045
1659182206.004028559 -5.88881804524 1.59917014598 0.0264227748133 0.834052355363 -0.0012582026784 -0.00100341291435 -0.551682951161
1659182206.104889393 -5.89997906649 1.64583748447 0.0220322502814 0.847090013975 -0.00176453755252 -0.00162597426068 -0.531444024182
1659182206.205781460 -5.91969478584 1.69307746927 0.0232274584181 0.861157775316 -0.000717311968256 -0.00130569630361 -0.508335584662
1659182206.306609631 -5.9409911788 1.72782742796 0.0170339663303 0.876198259923 -0.0021074935376 -0.00106699900771 -0.481945047999
1659182206.407484055 -5.95827963715 1.77141174714 0.0154528497557 0.889884752094 -0.00174112238474 -0.00131734831135 -0.456180184879
1659182206.508337498 -5.96899626538 1.81359054278 0.00989897120663 0.901853519212 -0.00228848899582 -0.00141882398294 -0.432033539949
1659182206.609132290 -5.97893446867 1.8524683249 0.00721488749972 0.913502553478 -0.00213357904805 -0.00221730497543 -0.406821356603
1659182206.710013866 -5.98610006438 1.87326040909 0.00821053070932 0.925680249221 -0.00138563613092 -0.00132667983093 -0.378301990656
1659182206.810898066 -5.98684888126 1.88918182749 0.0121393173631 0.935168068965 -0.00198956269608 -0.00069436432584 -0.354198026939
1659182206.911792278 -5.98597331415 1.89016307029 0.00924817984701 0.941396315324 -0.0028288523731 -0.000365846040231 -0.337290440488
1659182207.014839649 -5.97856514754 1.88532825835 0.00686712592302 0.946278581162 -0.00315908226576 -0.000794207889907 -0.32333610418
1659182207.113488197 -5.9638734876 1.87815028254 0.00712492929626 0.952166010597 -0.00262487236829 -0.000805684151219 -0.30556889433
1659182207.214330673 -5.93591034911 1.86221855064 0.00724065949739 0.958755799043 -0.00206753087857 -0.000810926473167 -0.284222422611
1659182207.315181971 -5.88627555829 1.8470591564 0.00724415557928 0.964716525571 -0.00252632303968 -0.00114282765514 -0.263276160956
1659182207.416040182 -5.83070909 1.80871747161 0.00760697199824 0.970561433393 -0.00271985117148 -0.0015254304462 -0.240833509882
1659182207.516784906 -5.75798825633 1.77432444344 0.0107769119584 0.975225223885 -0.00331365923503 -0.000572562227583 -0.221188730577
1659182207.617804527 -5.66708263259 1.73223869595 0.015134444589 0.980132062204 -0.00310041223946 -0.00163507790642 -0.198315038773
1659182207.718623161 -5.56188930926 1.69795479268 0.0150782137999 0.985025233077 -0.00377705085612 -0.00129071811186 -0.172364027962
1659182207.819482803 -5.43925726538 1.66734419091 0.0151540638977 0.990031035684 -0.00354942506508 0.000501104301841 -0.140803760099
1659182207.920322418 -5.30490979315 1.64550989282 0.0150759124656 0.993884332689 -0.00242702886913 0.00268048109412 -0.110366923428
1659182208.021211147 -5.16895607955 1.62542977749 0.0107548572988 0.996251816698 -0.00215227717024 0.00122672410671 -0.0864649095092
1659182208.122040272 -5.02812166358 1.60917305125 0.0110020950261 0.996677302724 -0.00119766763551 0.00332657937767 -0.0813747730967
1659182208.222908020 -4.89430623192 1.5850397612 0.00761224866748 0.995313491573 -0.00304383019608 0.0034652307553 -0.096590790272
1659182208.323801517 -4.76944538761 1.5535685149 0.00337132915228 0.992176909442 -0.00192458385049 0.00134400257684 -0.124817747149
1659182208.424672127 -4.6446962023 1.51249719131 0.0063067366434 0.987198735372 -0.00099105101312 0.00168560210362 -0.159483019294
1659182208.525461435 -4.52163838454 1.45863335085 0.0129536146701 0.980038128855 -0.00110683325956 0.00287965724781 -0.198785684809
1659182208.626348019 -4.39836631701 1.40508346451 0.0180007325366 0.971618037198 -0.00176665295321 0.00237104400543 -0.236536777014
1659182208.727190733 -4.29585400505 1.33856638313 0.0150929439066 0.961666598536 -0.000780699555788 0.00396005056762 -0.274191651527
1659182208.827969313 -4.1924649 1.27133828742 0.0106635401689 0.951225179534 -0.00182245648808 0.0033988296134 -0.308473312346
1659182208.928979397 -4.09709467033 1.18570727994 0.00801129717794 0.940356622718 -0.0010947373064 0.00247916381073 -0.340179478229
1659182209.029794931 -3.992444883 1.08903041946 0.0134800645629 0.928302922106 -0.00253212091133 0.000543311875114 -0.371815785014
1659182209.130609989 -3.89606414632 0.990670163375 0.0151937082837 0.915655097076 -0.00138242243792 0.00123857201885 -0.401960567775
1659182209.231492043 -3.80421875304 0.89379521859 0.0140973796092 0.90260749774 -0.00228834340426 0.00205452731392 -0.430453536895
1659182209.332439899 -3.72375913547 0.788668104211 0.0150374278116 0.888794240997 -0.000851120277335 0.00157355026311 -0.458302952974
1659182209.433192253 -3.64904398292 0.680266121056 0.0187733892891 0.88080369083 -0.00154761011589 0.00172046970418 -0.473475979441
1659182209.534077644 -3.57044866104 0.568797831317 0.0172684268071 0.875435683806 -0.000762032244035 0.00230984684182 -0.483328508814
1659182209.634908676 -3.49583926209 0.451234483648 0.013463171662 0.873006143569 -0.00077512974354 0.00112656147347 -0.487707292671
1659182209.735756636 -3.4161832577 0.337378856439 0.016243835685 0.873689544074 0.00106533337512 0.00110584320628 -0.486481472155
1659182209.836597443 -3.33818119049 0.214041589533 0.0160138651909 0.874627297182 0.000742553652209 0.00140487757447 -0.48479332293
1659182209.937473297 -3.2518845795 0.0932474234892 0.0124914174625 0.878163320283 0.00102684402202 0.0008873370619 -0.478359008626
1659182210.038351059 -3.16406666941 -0.0219886321016 0.0109629555635 0.887050181442 0.000788799684128 0.00109583794873 -0.461671043643
1659182210.139169693 -3.07659816613 -0.131669235781 0.0104647916339 0.900888743277 0.000114909979076 0.00254216649983 -0.434042620513
1659182210.240034103 -2.97415150103 -0.235506168631 0.0097477701241 0.916709928091 0.00167252691507 0.000964119173482 -0.39954872152
1659182210.340891123 -2.87581942973 -0.328095202395 0.00925141575643 0.932785692291 0.00148008766049 0.00168939409047 -0.360424482444
1659182210.441794872 -2.759138866 -0.409596715348 0.0094201900808 0.945784805277 0.00147934947719 0.00174411671556 -0.324785885914
1659182210.542469025 -2.63790754695 -0.49234772459 0.0135414863766 0.956226635907 0.000836113415021 0.00222814142301 -0.292617424434
1659182210.643488407 -2.51192844542 -0.556865071203 0.0172752283818 0.966485879428 0.000515286309229 0.00240678061901 -0.256707979529
1659182210.744413614 -2.37729960118 -0.616521653919 0.0190841851021 0.974489862383 -0.00068407026509 0.00265684324694 -0.224414752956
1659182210.845223665 -2.24463309204 -0.665941142483 0.0204576887181 0.981989435531 -0.000297631613203 0.00225176892787 -0.18892217831
1659182210.946146011 -2.10378954893 -0.716414814823 0.0179746152482 0.987760479845 -4.65286633016 0.00341541396174 -0.155940909447
1659182211.046891689 -1.96255786996 -0.743101648209 0.015250309515 0.992386704472 -7.62254056461 0.00394136656272 -0.123097882217
1659182211.147783756 -1.82273231174 -0.754900694896 0.0120378056507 0.996029030855 -0.000100776148908 0.00305035160674 -0.0889767098342
1659182211.248621941 -1.68070116194 -0.764231826634 0.0128706014589 0.998288609588 0.000429120306945 0.00164130480399 -0.0584548880784
1659182211.349465370 -1.53248543025 -0.766125816551 0.0141952244048 0.9995497407 6.14942476646 -0.000123893608078 -0.0300049451852
1659182211.450296879 -1.38756638616 -0.755810686519 0.0125386642177 0.999999508443 -0.000766440827082 0.000386543541195 -0.000496252639042
1659182211.551173687 -1.24411838391 -0.737483076423 0.0120122552365 0.999521775368 -0.000786534776608 0.000923967411741 0.0308990001797
1659182211.652024269 -1.10679818222 -0.707587542747 0.0110168051799 0.997886243379 -0.00128779624845 0.000739202479115 0.0649679954705
1659182211.752892017 -0.965858564683 -0.672523262581 0.0104651036337 0.996107035204 -0.00176572817447 0.000898088255543 0.0881297342508
1659182211.853703499 -0.821569155788 -0.646090490164 0.00728783535199 0.993749323157 -0.00202566180346 0.00179325102583 0.111601808546
1659182211.954609394 -0.685704183824 -0.621766313773 0.00393247066117 0.99203853807 -0.00289678444937 0.0036749016373 0.125847696526
1659182212.055355072 -0.551120855886 -0.600349415058 0.00210465807818 0.991633588674 -0.00364116206909 0.00165670712073 0.129022568083
1659182212.156325340 -0.426210818571 -0.574609559016 0.0071191036435 0.991865310653 -0.00298790634961 0.00104606341729 0.127252440801
1659182212.257086754 -0.305052493518 -0.546197209839 0.0100550088054 0.992115393625 -0.00298774058973 0.00021086605296 0.12529195774
1659182212.358065605 -0.184838161774 -0.521395910232 0.00850358596825 0.993221528003 -0.00329208773041 0.000692003852882 0.116188121599
1659182212.458920240 -0.0719597084946 -0.495240687068 0.0148701720237 0.995764472632 -0.00349048263998 0.00174597248727 0.0918579509641
1659182212.559758663 0.0475606920284 -0.477302341283 0.0121987886924 0.998796168162 -0.00470377323635 -0.000398028691613 0.0488255113213
1659182212.660668373 0.159761069203 -0.477990699271 0.0123550809571 0.99995169311 -0.00532628043233 -0.00163169612848 0.00809813258473
1659182212.761522293 0.26876811098 -0.479895879982 0.00699579379801 0.999374071323 -0.00557837770925 -0.00182773972733 -0.0348856222005
1659182212.862391949 0.378834287182 -0.504945553195 0.00520380561422 0.996889972466 -0.00507017528661 0.0012713784008 -0.0786324342523
1659182212.963191271 0.478616098984 -0.528354624325 0.0015227295171 0.992626926722 -0.00430048902369 0.00288478669038 -0.121099001426
1659182213.064031363 0.569934237087 -0.557621917853 -0.00242572143316 0.987844798587 -0.00261939463639 0.0041303068361 -0.155366448249
1659182213.164884090 0.650425198598 -0.577470405872 -0.0025419952852 0.98566975952 -0.00190866125021 0.00538644775049 -0.168589644881
1659182213.265754700 0.724597877947 -0.582411750654 -0.00109978166685 0.985069271182 -0.000552956661572 0.00700954340039 -0.172014800273
1659182213.366654873 0.784133094763 -0.597059601181 0.00196055907872 0.984538664651 9.08180194901 0.00607131486296 -0.1750621281
1659182213.467456579 0.833133640044 -0.598586062835 0.00581524511967 0.98445738827 0.00133210825743 0.00526183094327 -0.17553970862
1659182213.568323135 0.859280833671 -0.597387297091 0.0105009994093 0.985207769487 0.00211004016735 0.00565226783243 -0.171257848117
1659182213.669206619 0.870111307964 -0.591419752908 0.0159124900477 0.985810157432 0.00187797485198 0.00461523778096 -0.167790066139
1659182213.770078421 0.876494497775 -0.587561507163 0.0162957841737 0.986381332932 0.00175933874589 0.00210274202251 -0.164451662338
1659182213.870905876 0.884792729732 -0.588894800543 0.0111739586728 0.986169827354 0.00131809585166 0.00195853348065 -0.165721146469
1659182213.971746922 0.884994712284 -0.592752969113 0.0140730874921 0.986442393866 0.00149991467175 0.00240991155078 -0.164083351277
1659182214.072629929 0.884884952797 -0.600074658774 0.015967755928 0.986263886831 0.00168561485418 0.00222913492725 -0.165153671451
1659182214.173505306 0.886709112067 -0.604741954074 0.0157937842242 0.986278163291 0.00196669472594 0.00276193902179 -0.16505722771
1659182214.274322510 0.886432598628 -0.615041366859 0.0103811440026 0.986324729161 0.00131413791463 0.00232523422551 -0.164791974844
1659182214.375044346 0.884724917228 -0.620586749926 0.0110820621217 0.986323798211 0.00120936125328 0.00231390735773 -0.164798508366
1659182214.476022243 0.882958230401 -0.630182050735 0.0108658497431 0.986486177081 0.00126887736794 0.00221412596292 -0.163824631922
1659182214.576939583 0.877169054507 -0.63461696135 0.00847565584324 0.986873512881 0.00137935352338 0.00285386566951 -0.161463997251
1659182214.677749872 0.871527080889 -0.634470350115 0.00545788205029 0.986909896738 0.000596797415915 0.00200220480705 -0.161259079524
1659182214.778581619 0.865515990884 -0.637331446423 0.00775873368091 0.986875571969 0.00114372886274 0.00180415329823 -0.161468394324
