1659181830.815247059 -0.00130059524305 0.000487200192234 -0.00340238367725 0.999999296194 -0.000333729114377 -0.00104992761801 -0.000440328167004
1659181830.916071415 -0.00117238497898 -0.00320955539444 0.00676870553714 0.999999452822 -0.000808758436969 0.000374925468591 -0.000547446177337
1659181831.117766380 0.000432238963914 -0.00190522965385 0.00963787464126 0.999999697188 -0.000373321990615 0.000556679481795 -0.000395428037871
1659181831.218612194 -0.00274621974724 -0.00104356629108 0.0143185939821 0.999999660466 5.58211867963 0.000670871508734 -0.000475272048021
1659181831.319337130 -0.00443676566642 -0.00126871823044 0.0186000064391 0.999999476363 -0.000489722052119 0.000699750504277 -0.000563733059551
1659181831.420317650 -0.00212732165404 0.00194904942337 0.016137009087 0.999999218641 0.000766481606221 0.000827221079797 -0.000539377915608
1659181831.521080971 -0.00355746553364 0.00114967622296 0.0131305932443 0.999999359259 -0.000560256212796 0.000822619415901 -0.00053934477543
1659181831.622092247 -0.00443196716177 0.00162044439073 0.0158003902118 0.999999690148 0.000442859206916 0.000314044140292 -0.000570049088935
1659181831.722900391 -0.00579059604756 -0.00025240489965 0.0149941646702 0.999999784176 1.5392099905 0.000457762456595 -0.000471024186769
1659181831.924596310 -0.00558404945437 -0.00177499674211 0.0161231576067 0.999999747411 0.000159271849435 0.000433749865627 -0.000540066331734
1659181832.025468349 -0.00607908932138 -0.00224216257266 0.0173953323961 0.999999669212 -0.000148882535741 0.000711252112729 -0.000365418424327
1659181832.126194477 -0.00424475922474 -0.0015200746338 0.0152409522028 0.999999709862 -0.000161393357704 0.000560420739834 -0.000490058262174
1659181832.227197647 -0.00494949425323 -0.00132591696743 0.0156207146703 0.999999496721 6.28257597128 0.000848370886656 -0.000535522419266
1659181832.327997684 -0.000470311279136 0.000519672875618 0.0143725581508 0.999999926077 0.000104042350713 0.000352647838011 0.000112516213402
1659181832.428908825 0.00957712738748 0.00167561684158 0.0159993486903 0.999999312624 1.464631968 0.00116170438039 0.000158051765867
1659181832.529725552 0.0205069299847 0.00291699617567 0.0166250635695 0.999999768483 0.000270050074052 0.000624580929999 -2.35052350403
1659181832.630589485 0.0398104169881 0.00558482695544 0.0150150342866 0.99999892132 0.000474302524135 0.000765759608939 -0.00116017559558
1659181832.731461048 0.0693644960485 0.00991910633017 0.0156313121063 0.999979419438 0.000768409521155 0.00103901743232 -0.00628416176926
1659181832.832324028 0.0958153274715 0.0133717971492 0.0160285258781 0.999880873636 0.000427097021066 0.000976476963483 -0.0153981368115
1659181832.933226109 0.119131505677 0.0106534587893 0.0190892516602 0.999658446978 -0.000236861417137 0.00148419261408 -0.0260908116812
1659181833.033957720 0.143747998998 0.00987067492086 0.0203275974578 0.999367883077 -0.000381442693867 0.00118358175504 -0.035528691353
1659181833.134895325 0.173689167038 0.00941914858926 0.0217255635522 0.998921324442 -0.000646164110215 0.00152589617343 -0.0464051903176
1659181833.235640049 0.200686886055 0.00688219567113 0.0226229498676 0.998285168652 -0.000487910019564 0.00172037462178 -0.0585108904757
1659181833.336583853 0.23147228972 -0.000589134870627 0.0211850738085 0.997420683622 -0.000731237947983 0.00173146396747 -0.071752680839
1659181833.437503576 0.266589362814 -0.00754852057995 0.0190537132281 0.996295837992 -0.000196279683287 0.00113927428497 -0.0859841074198
1659181833.538345814 0.308679068417 -0.0177925591651 0.0207713443475 0.994926735509 0.000472958003017 0.000541856505941 -0.100599570932
1659181833.639205933 0.354363450217 -0.0297210585595 0.0202413003304 0.993255732608 0.000857919224296 0.000638320149431 -0.115939234791
1659181833.740012169 0.40276851068 -0.0465878099353 0.0195953470162 0.990974961248 0.00141501275062 0.000842487779435 -0.134036987931
1659181833.840889931 0.448010047543 -0.0670998824202 0.0191245049396 0.988379098808 0.00154300086742 0.00228757121105 -0.151984022863
1659181833.941763639 0.494313249637 -0.0879243913348 0.0198002987238 0.985190447412 0.000677619725672 0.00342464954148 -0.171428104274
1659181834.042614460 0.539270418672 -0.113198977136 0.0177982158947 0.981468288654 0.00243413355767 0.00273465471451 -0.191589652705
1659181834.143352032 0.577563688476 -0.143189464333 0.0155348394599 0.976932136248 0.00269716037288 0.00293194636586 -0.213512833765
1659181834.244234085 0.624141691847 -0.168840355975 0.0140926250296 0.972360288754 0.00276816266686 0.00509480482119 -0.233413472389
1659181834.345173359 0.671099839928 -0.199440713512 0.0137448501156 0.967412325203 0.00230962831122 0.00589674843065 -0.253127017563
1659181834.446053505 0.723271613082 -0.234727918606 0.0138699324606 0.961898089295 0.00257601199183 0.00416104050898 -0.273364437547
1659181834.546923161 0.772915148575 -0.273327399965 0.0133200285632 0.955730260591 0.00358023886823 0.00473617971874 -0.29418432909
1659181834.647764921 0.823215260394 -0.314567819064 0.0134780113568 0.949293365491 0.00264612320737 0.003961100307 -0.314355553396
1659181834.748619080 0.86713231378 -0.355614284001 0.014151816809 0.94248879874 0.00081582816065 0.00569028598213 -0.334188299196
1659181834.849472284 0.908987802316 -0.401225091088 0.0173165676094 0.935207912439 0.00105808147329 0.00755447826456 -0.354016907552
1659181834.950315475 0.950605348949 -0.447694719823 0.019119123677 0.927315123091 0.00209016140237 0.00659101346936 -0.374217653584
1659181835.051211119 0.988206542638 -0.50210497337 0.0202950186247 0.918693943816 0.00268831017207 0.00606455841053 -0.394914461263
1659181835.152026892 1.02889847153 -0.563905323735 0.0204019332934 0.910794075818 0.00202200153141 0.00576089307503 -0.412815788306
1659181835.252875566 1.06906014196 -0.624737419075 0.0219460251605 0.901654131058 0.00155650143176 0.00334066838767 -0.432442187101
1659181835.353755951 1.11067436585 -0.681331136184 0.0220062431599 0.893816656752 0.00137219502333 0.00199019631229 -0.448426070062
1659181835.454620838 1.15280304435 -0.74100577504 0.0234710776421 0.888620588543 0.000811305508723 0.00162872741608 -0.45863944297
1659181835.555325508 1.19779042168 -0.802115677226 0.0208526909674 0.887398359024 0.0012355998687 0.00139762931463 -0.460999644605
1659181835.656327724 1.24779337209 -0.867164181185 0.022623423459 0.889058360184 0.000914672664807 0.00088724510451 -0.457792101676
1659181835.757172346 1.2988409257 -0.9363828556 0.0216258864324 0.89055945408 -0.000645381788886 0.000769247154332 -0.454865749964
1659181835.858053207 1.35489465153 -1.00409827818 0.0192544880776 0.891701771591 -6.71486197288 0.00102307171739 -0.452622247969
1659181835.958810806 1.41765473768 -1.06050874372 0.0170580561085 0.895263164085 -0.000964347018185 0.000969317132738 -0.445535629878
1659181836.059745312 1.48677688648 -1.11513427038 0.0132689555743 0.903493148247 -0.000589256289055 0.00135764137489 -0.428599977435
1659181836.160581112 1.55436951856 -1.17047901514 0.0183904332794 0.914255228683 -0.00105576574509 0.00149412495936 -0.405134582299
1659181836.261482716 1.62406169326 -1.22430908268 0.0178928958133 0.924355735887 -0.000355817091584 -0.000676832281286 -0.381530980164
1659181836.362324715 1.69487927908 -1.27403600319 0.0163460588756 0.932787133529 -0.00146727590075 -0.00047210960633 -0.360424454966
1659181836.463186264 1.76785651959 -1.32441294975 0.0159280926568 0.940650049007 -0.000608914896218 -0.000643274685177 -0.339376930158
1659181836.564019203 1.83923925242 -1.38077229867 0.0201278686801 0.947652844443 -0.00265369246014 0.000175737342192 -0.319291424019
1659181836.664901018 1.91162710212 -1.42348434665 0.0150175139082 0.954431581791 -0.00228299842653 0.000993008327635 -0.29841943223
1659181836.765775442 1.98282341824 -1.4572426293 0.0148776318858 0.961468433785 -0.00175418479795 0.00101917948184 -0.274907866281
1659181836.866592884 2.06065234964 -1.48384657097 0.0114912427074 0.968717125621 -0.00113798232507 0.000962396561167 -0.24816307001
1659181836.967550516 2.13566816498 -1.51272160701 0.0104177723845 0.976189965542 -0.000816466529896 0.000944756629021 -0.216913789307
1659181837.068232775 2.21155287278 -1.53539229504 0.00795138459431 0.98209762008 -0.000402540491438 0.00336557623248 -0.188342176612
1659181837.169144630 2.29376368 -1.55586356988 0.00698378583265 0.986456291799 -0.000368851710603 0.00430832005557 -0.163967334235
1659181837.270025253 2.37600089037 -1.57309564858 0.00383863366852 0.990275602303 2.12718385269 0.00416873655322 -0.13905701229
1659181837.370831490 2.45697230102 -1.5873526503 0.00101191029954 0.993327960603 -0.000238861846137 0.00472213852102 -0.115226763542
1659181837.471775055 2.54090781243 -1.60380211801 0.00137473014465 0.995718870672 -6.06343685863 0.00528481724215 -0.0922821630554
1659181837.572659969 2.62516045927 -1.61673601731 0.00383824666912 0.997270841005 -0.000377235275071 0.0042652291264 -0.0737057338026
1659181837.673456192 2.71312014014 -1.61954512191 0.0025561571754 0.998305652362 -0.00112125533622 0.00434714235815 -0.05801439134
1659181837.774357796 2.80544545062 -1.6256608426 0.00142963011494 0.999055575754 -0.000767250571759 0.00377356570695 -0.0432796497609
1659181837.875190735 2.89604376833 -1.62765122044 0.00188275287728 0.999570149033 -0.000521267516012 0.00396330365423 -0.0290437199284
1659181837.976047993 2.98928771905 -1.62643178256 0.00230510189337 0.99988646237 -0.000101513027615 0.00500870812451 -0.0142114357888
1659181838.076918125 3.08833476836 -1.62112158044 0.00490639411622 0.999988822536 -0.000660724232654 0.00463511055619 -0.000658784934601
1659181838.177800655 3.18653924089 -1.61639988356 0.00173513933493 0.999938468766 -0.0019904442878 0.00465463987054 0.0098707214234
1659181838.278640985 3.27230047499 -1.61178726304 0.0014158738132 0.999847421422 -0.00171981293973 0.00648875495775 0.016126753485
1659181838.379470348 3.36601463517 -1.60780156904 0.000645864458094 0.999782075708 -0.00235632151306 0.00528265358133 0.02005847482
1659181838.480338097 3.46649091885 -1.60293656838 0.00343348277295 0.999771485788 -0.00213744109864 0.0050733942808 0.0206559488085
1659181838.581229687 3.57228967775 -1.59779808014 0.00271408980063 0.99979989608 -0.00136751859339 0.00415573566132 0.0195199270394
1659181838.682111740 3.66478044966 -1.60640878409 0.00302902409353 0.999952631202 -0.00158342191372 0.00417716306975 0.00864751036037
1659181838.782920361 3.7587974115 -1.62286605062 0.00358753378029 0.999926574971 -0.00169605391787 0.00489034567362 -0.0109568511678
1659181838.883739948 3.85256396984 -1.64461120954 0.00413227140106 0.9992276173 -0.00207743308855 0.00516135604759 -0.0389000449878
1659181838.984570026 3.94386314489 -1.66642030635 0.000610952372721 0.99742305967 -0.00137215583853 0.00278691651945 -0.0716769860135
1659181839.085484743 4.04455600826 -1.68721181701 -0.000546752049175 0.994602058853 -0.0018148130909 0.00499907748917 -0.10362654198
1659181839.186350822 4.1564501021 -1.70690780576 0.000564402307153 0.991297053704 -0.00189602857972 0.00552918071439 -0.131514199062
1659181839.287201166 4.25893145369 -1.7349120045 -0.00140852796625 0.987180002702 -0.00193000991166 0.00563003599649 -0.159499906023
1659181839.387914181 4.35554140676 -1.76987578128 -0.00406184338584 0.982736186306 -0.00239664240926 0.00553161546095 -0.184914157006
1659181839.488947392 4.45130842738 -1.80943993657 -0.00735895499281 0.977597876837 -0.00172850123976 0.0046631079126 -0.21042257225
1659181839.589722157 4.53989808829 -1.85229600861 -0.00870469519529 0.971161910247 -0.00225630718757 0.00596579979373 -0.238335608745
1659181839.690651894 4.63368027051 -1.8914436524 -0.00715378719697 0.964425146367 -0.000193623325428 0.00620959763925 -0.264283068813
1659181839.791476488 4.7149948894 -1.94255462377 -0.0051438138325 0.9563635826 -0.000579105387338 0.00540221829909 -0.292128702033
1659181839.892325878 4.78676772785 -1.99245528493 -0.00516279591133 0.948450627446 7.50757148885 0.00445383498683 -0.316893617819
1659181839.993083954 4.85227629365 -2.04924311812 -0.00418420939853 0.940240480172 -0.0017026746271 0.00334313129068 -0.34049047537
1659181840.093943357 4.91681803228 -2.10510311581 -0.00423731645194 0.932310630357 -0.0014179176327 0.002281648446 -0.361648547783
1659181840.194905996 4.98276091681 -2.1640494497 -0.00526102800811 0.92485822044 -0.000948171784388 0.00256947613153 -0.380302209889
1659181840.295653820 5.03882108813 -2.23165319904 -0.00778671120344 0.917212687987 -0.00198227121448 0.00201833464861 -0.398387853632
1659181840.396645069 5.09397858277 -2.30609672588 -0.00491912340178 0.908393859387 -0.00206057363608 0.00283307150004 -0.418100853827
1659181840.497509956 5.15602703442 -2.38191177004 -0.00694692390493 0.89976451609 -0.000698933748428 0.00191709839376 -0.436371002485
1659181840.598334551 5.22203910139 -2.45859376651 -0.00926935969533 0.89343405064 -0.00045970925804 0.0025977829042 -0.449186639771
1659181840.699191570 5.2851190516 -2.51778795297 -0.00831169275329 0.892240488757 0.000902719830387 0.00127758147976 -0.45155781812
1659181840.800037861 5.34561744861 -2.56588006829 -0.00822072110114 0.896669117749 -0.000604342416553 0.000385114362476 -0.442700779006
1659181840.900955915 5.40238527311 -2.61664802593 -0.0114983695315 0.903677035697 -0.00077469653838 0.000665831551977 -0.42821346507
1659181841.001774073 5.45283957728 -2.66929042747 -0.00977261432953 0.90959901025 -0.000339368701721 0.000602930829913 -0.415486656652
1659181841.102652550 5.50629953631 -2.72310319079 -0.0121044207103 0.913871639083 -0.000653725484841 0.00133497950586 -0.406000514473
1659181841.203463078 5.55579292376 -2.77226106736 -0.0106688081596 0.917939626395 -0.000845559081786 8.47088293359 -0.396719195588
1659181841.304343224 5.60021847924 -2.82261462715 -0.0106500228046 0.921814908858 -0.000732367942437 -0.000202394456959 -0.387629586694
1659181841.405165195 5.64932584572 -2.87255132252 -0.0123861431242 0.927108898876 -0.00143142013302 0.000255130665881 -0.374789241535
1659181841.506085396 5.70985925693 -2.92583393608 -0.0132694801129 0.932612638961 -0.00145057234644 0.000635404556007 -0.360875543298
1659181841.606879950 5.7734278044 -2.9761744523 -0.0130744126419 0.937071831921 -0.00133257934705 0.00140396266602 -0.349131257468
1659181841.707783699 5.83639157846 -3.02322355834 -0.0123002019829 0.94020546015 -0.00130137007789 0.00141947247543 -0.340602384368
1659181841.808537722 5.89961502628 -3.06897786038 -0.0109939634754 0.941206571952 4.16659887699 0.000648131405983 -0.337830974163
1659181841.909448147 5.96505732851 -3.12315359308 -0.00872482801373 0.941675848528 -0.000778632758745 -0.000358570868545 -0.336520224441
1659181842.010200500 6.03536982236 -3.17301282454 -0.00663854434402 0.942184517415 -0.00195633756889 0.000584583879106 -0.335088296047
1659181842.111193419 6.10282844551 -3.22863988856 -0.00648585029005 0.942014872066 -0.0021038981404 0.0021045873148 -0.335557931112
1659181842.212022781 6.16781941314 -3.28298189072 -0.00873095536295 0.942092519909 -0.00231689385201 0.00271908957499 -0.335334046118
1659181842.312913656 6.23664569134 -3.33047248927 -0.00841484335401 0.942370930679 -0.0024224769369 0.00275583226453 -0.334549796003
1659181842.413686275 6.30612517671 -3.3837700284 -0.00767638183144 0.9423292919 -0.00252145140338 0.00280442446223 -0.334665927627
1659181842.514599800 6.38359644343 -3.42904546317 -0.00836089706563 0.939278940344 -0.00312742573396 0.00345318181905 -0.343122961881
1659181842.615501404 6.45136649481 -3.46599780624 -0.00917838871953 0.93267756627 -0.00446735881656 0.0034962111896 -0.360666572597
1659181842.716340542 6.51169029208 -3.50950774097 -0.00938696769064 0.921655108086 -0.00389276094478 0.00132980388564 -0.387988324274
1659181842.817110062 6.56215324779 -3.55756489916 -0.00644601758649 0.909647420412 -0.00368018453539 0.000282123808119 -0.415364836241
1659181842.918044329 6.60054977992 -3.60557280433 -0.00833416075124 0.898078407779 -0.00415664678734 0.000646746169171 -0.439815276552
1659181843.018816471 6.6441951139 -3.6642935717 -0.00876319368999 0.884328595623 -0.002723353823 0.000108698524468 -0.466857051453
1659181843.119755983 6.68011175405 -3.72588833965 -0.00844627619338 0.868801214044 -0.00354700261938 0.000196053837926 -0.495148291738
1659181843.220476389 6.71341537112 -3.79943416827 -0.0102429788781 0.85142930065 -0.00374208419631 0.00185778714534 -0.524452754238
1659181843.321538448 6.74088346935 -3.87559429827 -0.00773017858155 0.83386156551 -0.00458743934958 0.000546421458584 -0.551954297373
1659181843.422367573 6.76123306683 -3.95180990801 -0.00600952076787 0.815680073217 -0.00391553919636 0.000168786616949 -0.57848998109
1659181843.523192883 6.77949757517 -4.02420965799 -0.00252722255132 0.797255829202 -0.00269909001267 -0.00090911083103 -0.603634849253
1659181843.624068737 6.78662983733 -4.10310570125 -0.00298735828302 0.778751625559 -0.00226379118472 0.000100082648056 -0.627328280028
1659181843.724883080 6.787932654 -4.183765418 0.0013958577965 0.760367789449 -0.0018594442211 -0.000513464685095 -0.649489879513
1659181843.825796127 6.78866326444 -4.2645879241 0.00329987384928 0.741547622533 -0.00185685116605 -0.000314571545051 -0.670897590295
1659181843.926625013 6.78572290587 -4.34852271882 0.00339459138603 0.725049848631 0.00131398232975 -0.000441073323888 -0.68869499483
1659181844.027503252 6.78030393793 -4.43391889851 0.001854673518 0.708279833914 -0.000853861861835 -0.000612149533979 -0.705930997381
1659181844.128182411 6.77428518809 -4.50810360554 0.0040907271682 0.691283933589 -0.00159534049196 -0.000381169869863 -0.72258136757
1659181844.229202986 6.76251855741 -4.57974991128 0.00140948998344 0.674541755726 -0.00243293429167 -0.0007209366001 -0.738232335287
1659181844.330029964 6.74896002909 -4.64955047248 0.00359972816238 0.659919597789 -0.000456943283892 4.49469077852 -0.751336085675
1659181844.430917025 6.73315450892 -4.72597636503 0.00556410533963 0.645818161026 0.00060371886557 2.67341813879 -0.763491020514
1659181844.531752825 6.7147198505 -4.79588117298 0.00405050785468 0.631672986455 -0.000437051182271 -0.0010185673994 -0.775234164424
1659181844.632616520 6.69919141236 -4.86404082601 0.00264240697414 0.616367174429 0.000664242179944 -0.000836444381953 -0.787458167416
1659181844.733449936 6.67347962757 -4.93440557225 0.0059166980219 0.60035851722 2.21522628798 -0.000511090515378 -0.799730823204
1659181844.834425926 6.65309239586 -4.9918980414 0.00369508636785 0.584732638736 -0.000407144058552 -0.00187131300059 -0.811223812285
1659181844.935224056 6.62798520427 -5.0586530188 0.00529802584893 0.569954172727 0.000863632963459 -0.00152248798147 -0.821674617571
1659181845.036091328 6.6036948197 -5.1218691843 0.0063031795512 0.561263778169 0.00144588504641 -0.000907737493931 -0.827635219613
1659181845.136898518 6.57284656898 -5.18754711768 0.003703512124 0.562491391212 0.000991058420913 -0.00112928384292 -0.826801776325
1659181845.237764359 6.54349425175 -5.25788842892 0.00153825602358 0.56667242214 0.00183288901261 -0.000737908149546 -0.823940812192
1659181845.338616371 6.51643075953 -5.3188590204 0.0033586485701 0.569436441247 0.00118358425645 -0.000278282880381 -0.822034464647
1659181845.439516068 6.49016169028 -5.38272072155 0.00186769592311 0.569165693156 0.00140570701471 0.00055203311074 -0.822221462248
1659181845.540412426 6.46399460857 -5.44509722482 0.00206563975167 0.566427407842 0.000592990466067 -0.000306711618279 -0.824111367435
1659181845.641234159 6.43194959382 -5.51406707717 0.00267445014093 0.556983044729 0.0019368182138 0.000758989600086 -0.83052125834
1659181845.742047787 6.38989403519 -5.59264502258 0.00126109127746 0.540291096027 0.00195253067321 0.000602335123131 -0.841475701593
1659181845.842927456 6.3544416235 -5.65002771948 0.0025069721654 0.519560158342 0.000325284295182 0.00128914669508 -0.854432837709
1659181845.943711281 6.32380474862 -5.706949525 0.0040436642986 0.49051616638 0.00230199630577 0.0010288607352 -0.871428443866
1659181846.044614792 6.28966902062 -5.75393207514 0.0051784534237 0.456254237753 0.00147739598888 0.000517402492467 -0.889848088231
1659181846.145484447 6.2549066743 -5.79322403537 0.0103895422848 0.420582534744 0.000338763785866 0.000169430240445 -0.907254202526
1659181846.246265888 6.20752194186 -5.83801775575 0.0160583313037 0.385955842187 0.000137954854784 -8.50566505526 -0.922517241907
1659181846.347195148 6.15983735323 -5.87196945019 0.0197188828433 0.355472721915 -0.0018789448029 -0.000291036741951 -0.934684721625
1659181846.448062658 6.11191967064 -5.90486309331 0.0190887437875 0.32329782388 -0.00214961501985 -1.58218456405 -0.946294825083
1659181846.548890114 6.05225291722 -5.93887646375 0.0161437011499 0.291527027562 -0.00124035386523 -0.000466649203271 -0.956561673893
1659181846.649788380 5.9916349626 -5.97047722935 0.0162438004395 0.258549985359 -0.00079236506821 4.84502555462 -0.965997554283
1659181846.750631332 5.9270045153 -5.99703829046 0.0163896741414 0.224207690551 0.000302116334519 0.000373177149619 -0.974541266937
1659181846.851503372 5.86325419903 -6.01137000175 0.0171924482499 0.191181733035 -6.04289807812 -0.00104643252317 -0.981554097481
1659181846.952341080 5.7914462642 -6.02824769949 0.0161094545115 0.154487749161 0.000831449177032 -0.000250576665898 -0.987994322485
1659181847.053188801 5.72206122442 -6.0396704236 0.0177343311362 0.116696760629 0.00211370008079 -0.000667823032981 -0.993165118368
1659181847.154057980 5.65169283822 -6.04266967483 0.0123313455943 0.0788526487338 0.00218143733539 -0.000504659552591 -0.996883767767
1659181847.254966259 5.5793623336 -6.04137998483 0.00912210397981 0.0414149163203 0.000856489537333 -0.000591004590528 -0.999141492405
1659181847.355802774 5.50721422235 -6.03668619652 0.00647078657533 0.000242093932818 0.00151477079943 -0.00104991301712 -0.99999827227
1659181847.456618547 5.44204787332 -6.01877682525 0.00209399990132 -0.037025528973 0.00285430499145 -0.000286898265181 -0.999310202508
1659181847.557440281 5.3634845333 -6.00050996047 0.00291441349161 -0.0748955105589 0.00190343153936 -0.000744229055334 -0.997189292747
1659181847.658321142 5.29788161271 -5.98068966259 0.00293909823109 -0.112060809701 0.00154113400137 -0.00066160645344 -0.993699935651
1659181847.759173870 5.22980725863 -5.97296229592 -0.000504852700721 -0.148224400545 0.002135044424 -0.000386354936484 -0.988951373627
1659181847.859985113 5.16553859427 -5.95194503704 -0.00939685097544 -0.181580292574 0.00189196263523 0.00215012818146 -0.983371951387
1659181847.960794449 5.09873288278 -5.92005977081 -0.0103907789415 -0.21223773132 0.00234545514229 0.00169947563492 -0.977213771918
1659181848.061773062 5.02951911873 -5.88499179664 -0.0111756994634 -0.244250973124 0.00253382027123 0.000791499641923 -0.969708417727
1659181848.162630558 4.96755425765 -5.8440927516 -0.0116146709239 -0.276847864553 0.00434044872727 -0.000650624423812 -0.96090373976
1659181848.263443470 4.91462738112 -5.79058879974 -0.00831903790858 -0.313175605859 0.00355401788268 -0.000844548728926 -0.949688209671
1659181848.364352703 4.8697177584 -5.73090865008 -0.00147641935232 -0.348086607283 0.00384528897591 -0.000870635906996 -0.937454089317
1659181848.465197563 4.82742303606 -5.66939275375 -0.00366691703688 -0.380980054252 0.00414488782356 -0.00117241181622 -0.924573222421
1659181848.566042900 4.7906799751 -5.597261198 -0.00504613522759 -0.413119233107 0.00358616425974 -0.00124769675245 -0.910669029843
1659181848.666937828 4.761543984 -5.52607557949 -0.00367706843558 -0.442642139982 0.00361314373524 -0.000387632359651 -0.896690989609
1659181848.767718792 4.737463189 -5.46091813756 -0.00271059408348 -0.471854427042 0.00390870841653 -0.00119778989435 -0.881666993246
1659181848.969518661 4.69264598994 -5.33882047248 0.000494058125865 -0.526374221669 0.00228519471747 0.000295820239148 -0.850249886291
1659181849.070351124 4.66598381704 -5.28203982574 -0.000988870585129 -0.554535576039 0.00338815266557 0.000959315025343 -0.832152567168
1659181849.171194077 4.64501204299 -5.22095480957 0.000351375902629 -0.578114850208 0.00219464638176 0.000688758653519 -0.815952161041
1659181849.272012949 4.63021028086 -5.16428171831 0.00309619297132 -0.5999828992 0.00146810481944 0.000675711586162 -0.80001119289
1659181849.372906208 4.61961989892 -5.10541521286 0.00487074095128 -0.623869348717 0.00120556219074 0.000824900477321 -0.781527288001
1659181849.473750114 4.60836629948 -5.04616866336 0.00340204240453 -0.646296631124 0.000871849125863 -0.000874159508833 -0.763085277228
1659181849.574665070 4.60755837341 -4.97927572537 0.00361974207855 -0.670531713405 0.00159323727305 -0.000651273268814 -0.741878870677
1659181849.675369740 4.60547094255 -4.91774594546 0.00164356626232 -0.695986257236 0.00202163745572 -0.00108384340113 -0.718051438272
1659181849.776383877 4.61107285181 -4.85445620553 0.000688466386984 -0.719969306746 0.00248077421737 -0.00165588722873 -0.693999496499
1659181849.877201080 4.62224135688 -4.79766488407 -0.00105043395152 -0.740867647629 0.00344779007442 -0.000576267711279 -0.671641950265
1659181849.978070736 4.63093821288 -4.73420642152 0.00167845377263 -0.750559270101 0.00327065775042 0.00107267184339 -0.660794169343
1659181850.078900814 4.6327264139 -4.66943353196 0.00187469123437 -0.747942203028 0.0033484935354 -0.00018341979804 -0.663755387834
1659181850.280629635 4.61541066096 -4.51953678694 0.00156563144271 -0.72071239665 0.00276771557095 0.0013047938845 -0.693227436401
1659181850.381518126 4.60703429984 -4.4327617087 0.000974017822342 -0.704053664997 0.00270395043622 0.00136239854241 -0.710140316647
1659181850.482359409 4.59362653437 -4.35026821635 0.00182816511479 -0.686668526094 0.0029486785299 0.0021645487226 -0.726961453789
1659181850.683948040 4.56992221887 -4.18486176506 0.00173169195218 -0.652274726165 0.00429566562009 0.00158881283326 -0.757968801823
1659181850.784872532 4.54820919167 -4.10566567733 0.00390129999349 -0.633877833264 0.00553427231255 -0.00113585191973 -0.773412551079
1659181850.885769844 4.52319796381 -4.02808233205 0.00634071083249 -0.61324257365 0.00600960076581 -0.00208367049955 -0.789869032738
1659181850.986640930 4.5023073394 -3.95578034927 0.00397439728496 -0.59029575262 0.0061895442094 -0.001414032207 -0.80716207449
1659181851.087498665 4.47081336634 -3.89146889179 0.00551785111634 -0.567569743475 0.00420686607718 -0.00152005173398 -0.823313171286
1659181851.188352108 4.43439243553 -3.83233364224 0.00381912106628 -0.542062610352 0.00301648247469 -0.00208146580802 -0.840330110606
1659181851.289197206 4.39690933118 -3.76639354683 0.00240094859906 -0.513082126258 0.001956672041 -0.00215878692761 -0.858334575086
1659181851.390029907 4.35522243093 -3.70940634415 0.000991910088702 -0.489204503368 0.00038715417832 -0.00102216128734 -0.872168423633
1659181851.491009474 4.31607380476 -3.64998689743 -0.000277254946469 -0.466441305457 0.000971908382978 -0.00120644207493 -0.884550794728
1659181851.591773510 4.27205127302 -3.59543752454 0.00162726745584 -0.443400824518 0.000298473399356 -0.00122355583893 -0.896322555022
1659181851.692529202 4.22429784637 -3.54144082094 -0.000550645880992 -0.421739146219 0.00120058989408 -0.000321054864188 -0.906716354796
1659181851.793525219 4.16626110239 -3.4901247441 0.000338409821826 -0.402647795333 0.000820646798597 -0.0023360326172 -0.915351638663
1659181851.894341946 4.11154890196 -3.44358742381 -0.000562700700355 -0.385951864746 0.00168148333454 -0.00136224042891 -0.922516381976
1659181851.995208263 4.05575286704 -3.39346840634 -0.00119425297797 -0.367286826503 0.00128834979361 -0.00194197931403 -0.93010480912
1659181852.096071243 3.99614717571 -3.3488153582 -0.00112218371078 -0.345752240287 0.000956564877198 -0.00156107733389 -0.93832405722
1659181852.196906090 3.93098883392 -3.31642621452 0.00327192290914 -0.326690684074 0.000987137228855 -0.00336216996299 -0.945124816261
1659181852.297766685 3.86975106198 -3.27828100072 0.00293219589777 -0.312967015473 0.00174959669107 -0.00112690578426 -0.949761715495
1659181852.398634672 3.81209758463 -3.2399173868 0.00285908221063 -0.309203477564 0.00107502468046 -0.00256953722902 -0.950991825024
1659181852.499487638 3.75683191743 -3.20041458762 0.00298718529385 -0.31325163655 -0.000108124273026 -0.00198907250401 -0.949668070485
1659181852.600334167 3.70143767797 -3.16161085416 0.00290132647786 -0.31952494073 -0.000301206775208 -0.00131447828975 -0.947576906469
1659181852.701191902 3.64863104553 -3.12065782828 0.00418192904479 -0.323164160433 -0.00155640671443 -0.00133111907687 -0.94634070563
1659181852.802063942 3.58130852522 -3.07971490772 0.00521986240128 -0.338117116275 -0.0023361182489 -0.00139510422617 -0.941100107278
1659181852.902926445 3.52715885043 -3.03379255903 0.00727475128936 -0.358305556647 -0.0018763320936 -0.00138150264084 -0.93360146685
1659181853.003767967 3.47808973897 -2.98303300937 0.00644021853671 -0.376597904528 -0.00227056355438 -0.00185892826346 -0.926372175333
1659181853.104685307 3.41946485184 -2.93634838442 0.00554155697714 -0.378065361928 -0.00226496322164 -0.000917438118569 -0.925775680367
1659181853.205519199 3.35862302844 -2.8899774038 0.00541776919532 -0.36048247196 -0.00289922197234 -0.000516133452427 -0.932761338997
1659181853.306374550 3.28977705164 -2.84853893813 0.0059303374445 -0.3328965262 -0.00181618792562 0.000539751212563 -0.942961458902
1659181853.407253027 3.22938610532 -2.80337886045 0.00613937869941 -0.298581103475 -0.00146218197747 0.00100524831005 -0.954382615174
1659181853.508059978 3.1618705714 -2.77080395189 0.00569603361474 -0.268913497694 -0.00198423427317 0.000367811056619 -0.963162218054
1659181853.608898163 3.10049757794 -2.74164166321 0.00755108896812 -0.259862128488 -0.00206877679083 0.000474529665198 -0.965643396478
1659181853.709817171 3.04184217546 -2.70443755738 0.00741315087791 -0.261494100845 -0.00174603836108 0.00111339507909 -0.965202852733
1659181853.810658455 2.98527071741 -2.66579954979 0.0079962389401 -0.268889060075 -0.00128451450187 0.00126198512387 -0.963169471478
1659181853.911510468 2.92291319833 -2.63740648435 0.00720108227016 -0.272223505745 -0.000978488234211 0.000765895726168 -0.962233245572
1659181854.012339354 2.86306279654 -2.60645247073 0.00731825119468 -0.263238072394 -0.0010024092759 -0.000673121953383 -0.964730148448
1659181854.113205910 2.79779198787 -2.58507739302 0.00747191897278 -0.241223071046 -0.000361239289047 -0.00134434129519 -0.970468697201
1659181854.213958263 2.73979105907 -2.56104574877 0.00694176137868 -0.214524187001 -0.000662117572852 0.000938749767273 -0.976718001032
1659181854.314943314 2.67962961304 -2.53957523831 0.00789454353272 -0.184293321093 -0.00155222941155 -0.000269269540462 -0.982870026951
1659181854.415801525 2.61292700964 -2.52642375296 0.00937085253625 -0.158376262888 -0.00187748720848 0.000156416403981 -0.987377035346
1659181854.516628027 2.54746684025 -2.51762104244 0.0101857583468 -0.1303512845 -0.00204454237117 0.000663427132016 -0.991465542689
1659181854.617458820 2.48093412591 -2.5096359956 0.00937409237637 -0.107401278187 -0.00239188186441 0.00105282937801 -0.994212319324
1659181854.718299627 2.41762374169 -2.5041581485 0.00820830917197 -0.0873946340062 -0.00207843061113 0.000306673266492 -0.996171553511
1659181854.819233418 2.34933442335 -2.50094910708 0.00913177609086 -0.0669383416001 -0.00190390674902 0.000887676353604 -0.997754902566
1659181854.920090914 2.27616746929 -2.49726580705 0.0111241920262 -0.0419761102378 -0.00111450943773 0.00090834278482 -0.999117580143
1659181855.020923853 2.20513266172 -2.49529385571 0.0115848674746 -0.018364661972 -0.00107845407674 0.00093450258677 -0.999830337023
1659181855.121830940 2.13597846417 -2.49584966594 0.0130206078505 0.00162886355475 -0.000625106086886 0.000495273310409 -0.999998355374
1659181855.222665310 2.06053485121 -2.50567203508 0.0127185612461 0.0199256053791 0.000890127138089 -0.000487282186528 -0.99980095043
1659181855.323521137 1.97918807671 -2.52020220933 0.0119765861774 0.0388142189789 0.00124118337925 0.000479717996137 -0.999245558279
1659181855.424348354 1.88638890561 -2.54381567669 0.0109258389579 0.0502774907105 0.00182168695285 0.000499671217467 -0.998733500847
1659181855.525220871 1.79101330821 -2.56179134841 0.00743692202681 0.04877802464 0.00184951254992 0.000803032817948 -0.998807608478
1659181855.626065731 1.69517462512 -2.58061711389 0.00803184939263 0.0353043103465 0.001277041239 0.000917635435257 -0.99937537131
1659181855.726959467 1.60252873481 -2.59203871754 0.00924375792693 0.0135298990929 0.00139396702553 0.000791655887962 -0.999907181676
1659181855.827779055 1.51190550961 -2.59170584383 0.00873790287332 -0.0225803372209 0.000685281370385 0.00140185594467 -0.999743813965
1659181855.928509235 1.42059814919 -2.5839566044 0.00945818167481 -0.0628867092096 -0.000112757623955 0.000783226955245 -0.998020358332
1659181856.029489040 1.33882542382 -2.56838410179 0.0124593345154 -0.101408202927 -1.47350412096 0.00154052395229 -0.994843707799
1659181856.130374908 1.26372214818 -2.54543880626 0.0113055014459 -0.139911776329 -6.75565247884 0.00194834622624 -0.990162054528
1659181856.231198311 1.18865109753 -2.5197157215 0.0147265897491 -0.181046345896 -0.00105255339891 0.000490003982941 -0.983473880012
1659181856.332070827 1.11744258315 -2.48246611511 0.0120233322133 -0.222896261622 0.000273594333825 0.00112320478716 -0.974841484608
1659181856.432943344 1.04871466726 -2.43613105317 0.012878341696 -0.269304436677 0.00192878236528 0.00103982172886 -0.963052604459
1659181856.533634186 0.982582985544 -2.38664574134 0.0138071153088 -0.315667407508 0.00275240256555 0.000167888249168 -0.948865893544
1659181856.634525299 0.926581713599 -2.32443556324 0.0137815019242 -0.365330444823 0.0036727624353 0.000708892418836 -0.930870385377
1659181856.735532999 0.877797478263 -2.26031603408 0.0146280025938 -0.411723370565 0.00335091817523 -0.000396265029201 -0.911302628358
1659181856.836384773 0.837541841998 -2.18534818752 0.0129650942401 -0.456035019431 0.00505554780491 -0.000726798420766 -0.889947174979
1659181856.937197208 0.805376061477 -2.1117310663 0.0110578345186 -0.497033366972 0.00371888712366 -0.00185473622023 -0.867721477174
1659181857.038064003 0.777091112363 -2.03251840513 0.00625883465018 -0.534267136777 0.00297872870104 -0.000856359536776 -0.845310014364
1659181857.138937950 0.750966708345 -1.94758073518 0.00493391670646 -0.565160215986 0.00177724270516 -0.00165490435924 -0.824977595433
1659181857.239744425 0.732121413005 -1.86951531968 0.00670378577425 -0.595503863022 0.000483842097812 -0.00181469051026 -0.803350248597
1659181857.340638638 0.71604720431 -1.78906281918 0.0114960426979 -0.623825492478 -0.00114254475342 -0.00335804490947 -0.781555610984
1659181857.441540241 0.707488238104 -1.706581308 0.0113879260458 -0.6518887439 -0.00155029590435 -0.00275376569642 -0.75830803697
1659181857.542377949 0.704029937881 -1.6206602538 0.0102862355896 -0.675853407796 -0.00126337139759 -0.00398967828371 -0.7370241906
1659181857.643131733 0.704190733109 -1.52795643526 0.0108522515332 -0.693790843178 -0.00125722366463 -0.00402280991848 -0.720164218989
1659181857.744031191 0.713302035121 -1.43422120964 0.00794146723185 -0.711397416201 -0.000192517438643 -0.00481606748961 -0.702773423411
1659181857.844876289 0.728908692409 -1.33642897293 0.0106684762676 -0.727290459084 -0.00139070789422 -0.00580729595375 -0.686303817104
1659181857.945803642 0.750463369402 -1.23400037969 0.0123545156385 -0.745521450363 -0.00109938002689 -0.00511473544715 -0.66646110006
1659181858.046642542 0.772617931725 -1.13226062965 0.0119428907423 -0.762091757676 -0.000326647274279 -0.00412174373645 -0.647455834333
1659181858.147474766 0.790579746905 -1.03751459085 0.0131794795193 -0.773197576741 -0.000384277260472 -0.00354228683664 -0.634155195403
1659181858.248414040 0.803634180409 -0.947170584814 0.0123578331456 -0.77866589125 -0.000953164514738 -0.00437969792206 -0.627422775748
1659181858.349205732 0.824958413887 -0.84759912807 0.00803035197261 -0.781826217732 0.000646950935561 -0.00264324845151 -0.623490465011
1659181858.450107336 0.844278457321 -0.744965607335 0.005930470344 -0.783364409411 -0.00043967340213 -0.0019424937793 -0.621559518851
1659181858.550902843 0.86698413363 -0.642713464475 0.00703866807171 -0.784331372775 0.000216471488134 -0.00142606572792 -0.62034040426
1659181858.651782274 0.88284173218 -0.54798681516 0.00940507962598 -0.784269761904 -0.000720271006678 -0.000729959469394 -0.620419123602
1659181858.752698183 0.901490101532 -0.451984283604 0.0093487013953 -0.784484353561 -0.00135463089984 -0.000354455923535 -0.620147029626
1659181858.853538990 0.922698735196 -0.353638914712 0.0111679570236 -0.782914643247 -0.000822913315112 -0.0018364828485 -0.622125880778
1659181858.954373837 0.937897195005 -0.260208049905 0.0108457672336 -0.780209942818 -0.0012913158154 -0.00246709280401 -0.625511543526
1659181859.055219173 0.949843381761 -0.181152600808 0.0104880082368 -0.773535443442 -0.000621362594816 -0.00306568527408 -0.633745322051
1659181859.156059742 0.943640178376 -0.11691718047 0.0111642773232 -0.758783026638 -0.00121335661052 -0.0030951095799 -0.651334987965
1659181859.256983280 0.932030095805 -0.0592444392734 0.0107349565557 -0.735223622911 -0.00170047236893 -0.00325648502732 -0.677814670845
1659181859.357875347 0.916724443612 0.000752315399822 0.0118697967351 -0.708810823922 -0.0014066907457 -0.00281857599039 -0.705391588227
1659181859.458707333 0.905499443785 0.0507342629684 0.0131607427846 -0.684298914202 -0.000574111490089 -0.00528570048208 -0.729182232222
1659181859.559501886 0.887507249404 0.103438985017 0.012768719623 -0.660597687734 -0.0021690962451 -0.00333735780219 -0.750729546525
1659181859.660377979 0.875043349185 0.16807989234 0.0121126768858 -0.638051789945 -0.00210407275628 -0.00374283322525 -0.769981478624
1659181859.761216640 0.853682987005 0.235600160487 0.0132427206721 -0.617253857807 -0.00157182603124 -0.0038133628169 -0.78675324127
1659181859.862056732 0.845944174004 0.319238524526 0.0118248577081 -0.606128018671 -0.000909263538331 -0.00428542338824 -0.795355036049
1659181859.962764740 0.835536335205 0.413282807802 0.0077775850029 -0.603588953535 -0.000310128019986 -0.00431341619619 -0.797283935265
1659181860.063829422 0.828429086979 0.522241041455 0.00506281171545 -0.606970011716 0.000724409152778 -0.00513254000079 -0.794707831308
1659181860.164646626 0.832471094204 0.633517689603 0.00743693268035 -0.623331055571 0.00108158003286 -0.00400298087589 -0.781947057984
1659181860.265529156 0.841858411008 0.747033518701 0.00722771135097 -0.651883831975 0.00217016516238 -0.00297110984478 -0.758309918503
1659181860.366331100 0.85032579398 0.847352398229 0.00733448605895 -0.684112299477 0.00172769163684 -0.00117306889938 -0.729373704417
1659181860.467206478 0.857480587028 0.942400445497 0.0101513115534 -0.715470454251 0.00141593101577 -0.000837495953746 -0.698641054357
1659181860.568114519 0.864609985809 1.01772583997 0.00917842852245 -0.744229107856 0.00212305624855 -0.00254961862399 -0.667916182689
1659181860.668806553 0.875056024393 1.09599545883 0.0123341673864 -0.770006074914 0.00197870065219 -0.00279890082102 -0.63802734698
1659181860.769790173 0.898350720939 1.16911346876 0.0155929246263 -0.794956252515 0.00177555741013 -0.00288674307728 -0.606657292627
1659181860.870611668 0.920483715047 1.228338197 0.0173765211553 -0.819301513886 0.00240386863572 -0.00472565104236 -0.573338398314
1659181860.971525192 0.956268568716 1.28666783621 0.0133437780005 -0.843249476799 0.00198850782156 -0.00548265101222 -0.537490749922
1659181861.072339058 1.01500950447 1.3460626916 0.01305233781 -0.865042851177 0.0021751213156 -0.00541260994692 -0.501664069002
1659181861.173202991 1.07042342869 1.4076674008 0.00967336690243 -0.885958435993 0.00199949026496 -0.00490681744648 -0.463734379655
1659181861.274037361 1.12078552292 1.47189976928 0.00623455348546 -0.904709609777 0.00217327305489 -0.00414817522306 -0.426003041661
1659181861.374925852 1.17349202274 1.53037745502 0.00405931871592 -0.922840241206 0.00192685565748 -0.00354375805376 -0.385161807838
1659181861.475781441 1.23517546972 1.57664321978 0.00035974121041 -0.937353138535 0.00223341585968 -0.00324202394581 -0.348358428651
1659181861.576688290 1.30695728947 1.61974590403 -0.00256734279078 -0.950937801728 0.00232503657679 -0.00218118293125 -0.309365696046
1659181861.677514076 1.38165628833 1.66561353268 0.000190234765527 -0.962565391864 0.00191291408372 -0.00190452815697 -0.271036122901
1659181861.778368473 1.45077608427 1.70008466802 0.00419115661209 -0.971653892561 0.00137831293747 -0.00172945821652 -0.236397593683
1659181861.879220724 1.52275277173 1.74033592968 0.00595540008412 -0.978248591086 0.00119781123569 -0.00153739964251 -0.207426844186
1659181861.980079412 1.60323811047 1.76969807772 0.00164053725012 -0.982976438968 0.00236303672092 -0.00101157570263 -0.183713671797
1659181862.080928564 1.66934196407 1.79026828505 0.00360148648371 -0.986962293185 0.00174149018788 -0.00175072329906 -0.160932700254
1659181862.181794643 1.7351775876 1.80532938844 0.00141079675782 -0.990414083759 0.00155290055923 -5.98834529259 -0.138121423412
1659181862.282631397 1.81607988616 1.81809858336 0.000966577367521 -0.993567493588 0.00184875601859 0.00039227949996 -0.113225721032
1659181862.383499146 1.90670429396 1.8236398422 0.00170920502977 -0.99630725345 0.00296228665018 -0.00156126582378 -0.0857941957832
1659181862.484420300 1.98915407581 1.83027897887 -0.000855135065322 -0.998238468217 0.00347614213701 -0.00175555843635 -0.0592013092933
1659181862.585235596 2.07180728908 1.83220288253 -0.000838850489255 -0.999456496022 0.00281862156274 -0.0016283115176 -0.0328042151846
1659181862.686056137 2.15344575398 1.82701128143 0.00257892881456 -0.999977999781 0.00185747301602 -0.00108273368426 -0.00627514430445
1659181862.786964655 2.2492317964 1.82061180991 0.00319747648875 -0.99978979666 0.00230269213253 -0.00128640998711 0.0203323695831
1659181862.887764931 2.36564614181 1.82465680097 0.00349478456825 -0.998986714136 0.00103267560186 -0.00318258976467 0.044881507137
1659181862.988594532 2.46492099258 1.81931255384 0.00553540371031 -0.997866951285 0.000153905100195 -0.0030735668058 0.0652079522306
1659181863.089481831 2.5612859231 1.82692223412 -0.000465664902884 -0.997263630273 0.000795951789217 -0.00370056012146 0.0738303734884
1659181863.190342903 2.6596589543 1.83514868372 -0.00273817345475 -0.99774247087 0.000141459301631 -0.00316120362428 0.0670816562272
1659181863.291244030 2.76147471283 1.84429726986 -0.000889564369648 -0.998062593926 -0.00111841265031 -0.00286910476904 0.0621415802496
1659181863.392084599 2.86555287708 1.84132848537 0.00125773563938 -0.99835379848 -0.00148693064101 -0.00273596696121 0.057271254424
1659181863.492887497 2.98358876618 1.8231870021 0.00305938526261 -0.998384278746 -0.00220354940878 -0.00272836329577 0.0567144810103
1659181863.593706131 3.10892821076 1.79784417706 0.00295704444396 -0.998141938492 -0.00158561644011 -0.00276666495867 0.060848188216
1659181863.694654465 3.23784070692 1.77205700926 0.00368226510871 -0.997549216897 -0.000716590781643 -0.00335427851953 0.0698841554406
1659181863.795378685 3.36467740701 1.74109383927 0.00512758908688 -0.996706796923 -0.000712904071125 -0.00419308701519 0.0809782116162
1659181863.896391869 3.48151897857 1.7152244207 0.00134785268323 -0.995866336533 -0.00100426374067 -0.00585103569062 0.0906366184079
1659181863.997227669 3.57953249452 1.69485644861 0.000462631408465 -0.995065286479 -0.00118361874677 -0.00549923112532 0.0990627737772
1659181864.098065853 3.66958919042 1.67574177297 -0.00708984785183 -0.994448426687 -0.000184381288776 -0.00582235015242 0.105063756365
1659181864.198946953 3.77181213102 1.6532060846 -0.0108119584781 -0.993505225825 0.000605411209104 -0.0064654087101 0.113601048521
1659181864.299794912 3.87257269729 1.62287328855 -0.00640931115608 -0.991832375316 0.00130792321664 -0.00582574780759 0.127408356376
1659181864.400652409 3.97136818462 1.59306137266 -0.00334272425743 -0.989427287249 0.00103385334541 -0.00443666082569 0.144958236866
1659181864.501392365 4.07249568594 1.56820481789 -0.00476078469223 -0.989725391207 0.0018430100669 -0.00518358158744 0.142875413544
1659181864.602344513 4.162740206 1.55387228116 -0.00789514704426 -0.993607570158 0.00233253920602 -0.00376219776814 0.112802489573
1659181864.703216553 4.26244633506 1.55124739548 -0.00891534411233 -0.998042863347 0.00163593888505 -0.00495367701992 0.0623155495027
1659181864.804086685 4.36083850978 1.55487742791 -0.00850394656188 -0.999856673691 0.00232087409268 -0.00644682199584 0.0154817345949
1659181864.904911041 4.46805589759 1.57100777279 -0.00677297758369 -0.999744478278 0.000986724239883 -0.00588688327541 -0.0218025029011
1659181865.005816698 4.56806876095 1.58599866978 -0.0134292274966 -0.999062405685 0.000926732749259 -0.00567397678738 -0.0429098671747
1659181865.106666088 4.6625358805 1.59683193744 -0.0140870831564 -0.99904863789 0.000794804055514 -0.00365634828478 -0.0434490337529
1659181865.207511663 4.74904552664 1.59146785935 -0.0167697015088 -0.999723266237 0.000719680052437 -0.00493039617855 -0.0229905241221
1659181865.308360338 4.82676440502 1.57746123952 -0.0203429512378 -0.999814479506 0.00140542296672 -0.00580447516074 0.0183122752238
1659181865.409201622 4.91560584249 1.57386155075 -0.0209556958991 -0.998164871402 0.00181837679227 -0.00642119664218 0.0601859721089
1659181865.509948492 4.99550335992 1.54752131787 -0.0200451914236 -0.994417032885 0.0012365214534 -0.00628054555609 0.105327064282
1659181865.610940456 5.08820674619 1.52346899763 -0.02406516498 -0.988942523459 0.00161259040668 -0.00558593528291 0.148185296753
1659181865.711825132 5.1707315492 1.50417015211 -0.0255130666828 -0.981341699639 0.00218335771261 -0.00552005275327 0.192180203237
1659181865.812633514 5.23890419021 1.47273397244 -0.0251350492706 -0.971608753593 0.00190547267056 -0.00373206007271 0.236556274157
1659181865.913524628 5.30859230627 1.43023991969 -0.0236141561358 -0.959454338219 0.00206835551427 -0.00346309971964 0.281835238604
1659181866.014374256 5.367284697 1.38329675429 -0.0209741172906 -0.944624401296 0.0023252000351 -0.00312863791712 0.328130378884
1659181866.115221024 5.42586484413 1.33285813496 -0.0193011460831 -0.927612330099 0.00256488960187 -0.00249232569278 0.373527207445
1659181866.215950489 5.48165216522 1.27446923957 -0.0206580230488 -0.909513245201 0.00356321349469 -0.00274816850974 0.415650583884
1659181866.316933155 5.52669415466 1.20489281539 -0.0214098427967 -0.888807260027 0.00316580392285 -0.00325889595036 0.458258673464
1659181866.417743444 5.56819108334 1.13133175349 -0.0186795946063 -0.867750708596 0.00355013295804 -0.00326829219578 0.496976279668
1659181866.518647671 5.59644070622 1.05839003013 -0.0172350628608 -0.846750818268 0.00270477693325 -0.00366624290302 0.531970200864
1659181866.619488239 5.62180865501 0.982380948415 -0.0143139524889 -0.827249896565 0.00161077517251 -0.00230254306596 0.561827119612
1659181866.720333099 5.64726666645 0.903323228438 -0.00948246008265 -0.817266175518 0.00107169165147 -0.00130776623388 0.576257875937
1659181866.821404219 5.67062868951 0.823645978055 -0.00677935203002 -0.821619948621 0.000967250157512 -0.00063881055538 0.570034487006
1659181866.922082424 5.70165674294 0.753132454908 -0.00583204987961 -0.833789130857 4.7649571152 -4.54967990508 0.55208303807
1659181867.022925854 5.73168598468 0.68775389465 -0.00566788368864 -0.843804355827 -7.4605382063 -0.00105199659033 0.536649882908
1659181867.123776436 5.76749788496 0.630669609047 -0.00698237580703 -0.849482663497 0.000210664051639 -0.00114560118511 0.527615245834
1659181867.224626064 5.80196234635 0.569813990693 -0.00389493576597 -0.850173500624 -0.000146724264122 -0.00108491081105 0.526501491239
1659181867.325527668 5.83190041441 0.508437316626 -0.00697048422259 -0.848781654291 0.000975333144964 -0.00177733389894 0.528739626988
1659181867.426347256 5.86225034831 0.441276627213 -0.0123763543641 -0.847142445185 0.000973043936292 -0.00282177816435 0.531357476958
1659181867.527212381 5.89503515741 0.367900961287 -0.0156026223542 -0.846857948423 0.00159474379168 -0.00378536934677 0.531803293487
1659181867.628067970 5.9322301043 0.293595323514 -0.0211068594171 -0.846898435143 0.00226855130753 -0.00401759303964 0.531734664258
1659181867.728935242 5.97611195715 0.218691250234 -0.0205556873893 -0.848445054707 0.00202099042487 -0.00334650676841 0.529269029543
1659181867.829792500 6.02428713017 0.133168857438 -0.0182289132353 -0.849486093653 0.00153822776033 -0.00546123248423 0.527580501427
1659181867.930635929 6.07349986764 0.0408441088988 -0.0206983973362 -0.850044506831 0.00188338903523 -0.0058645699688 0.526674848527
1659181868.031507730 6.11722572865 -0.0507395206019 -0.0250947747553 -0.850182742987 0.00230013686438 -0.00443689222568 0.526463984413
1659181868.132327557 6.16110757845 -0.136144777498 -0.0253995292637 -0.849028644365 0.00183462728035 -0.00443293217626 0.528325036604
1659181868.233244419 6.20403194379 -0.218689423679 -0.0223146064408 -0.848216510176 0.00234415960786 -0.00263288622897 0.529637918479
1659181868.333999634 6.24566113516 -0.297871861558 -0.0218709521309 -0.847732480696 0.00167063808042 -0.00362599622436 0.530408995298
1659181868.434822083 6.29065262629 -0.373987481798 -0.0187007291853 -0.847764011962 0.00181839580206 -0.00351670849344 0.530358846649
1659181868.535778046 6.33332359706 -0.447276458275 -0.0189468533722 -0.84823747719 0.00232420084807 -0.00345480948182 0.529599702296
1659181868.636627197 6.37203029287 -0.52099197057 -0.020370813302 -0.848043562877 0.00167161169791 -0.00439722942384 0.529905638346
1659181868.737514496 6.41412637567 -0.595122478343 -0.0188137632424 -0.84714262845 0.00266761717766 -0.00505591187777 0.531334817829
1659181868.838281631 6.44669908558 -0.65723933694 -0.0229149571243 -0.847338408441 0.00194539492741 -0.0047952763645 0.531028099392
1659181868.939216614 6.48358918485 -0.709254994632 -0.0234595065552 -0.847150771159 0.00110502092862 -0.00516423738111 0.531326340873
1659181869.040103912 6.50800528877 -0.755887056263 -0.0214627764271 -0.84577614038 0.000537639237654 -0.0050152854295 0.533514084369
1659181869.140946150 6.5259392629 -0.785518376494 -0.0209670476488 -0.843897811293 0.00047345833087 -0.00556199779674 0.53647490539
1659181869.241789818 6.52776474732 -0.790999962675 -0.0222656908577 -0.842770524347 0.000666331363726 -0.0054761933104 0.53824474972
1659181869.342492342 6.52955684067 -0.792329600892 -0.0205202089351 -0.84325581634 0.000411002735647 -0.00338873087412 0.537501605382
1659181869.443538189 6.52854345375 -0.793271868792 -0.0204412159258 -0.844534690934 0.00103324919821 -0.00312607808162 0.535490724328
1659181869.544221640 6.52645742503 -0.797861195337 -0.0205894555207 -0.844564427978 0.00138782586836 -0.00333973564518 0.535441730816
1659181869.645208120 6.52560429048 -0.800282134047 -0.0240564608585 -0.844180027288 0.00163537137454 -0.00402642620477 0.536042157839
1659181869.746063471 6.5265650226 -0.797418982752 -0.0210361233402 -0.844545136816 0.00122575245418 -0.00324255016634 0.535473150849
1659181869.846924305 6.52549169511 -0.801916674723 -0.022355785662 -0.843789956046 0.00171386054429 -0.00381791345459 0.536657242841
1659181869.947790623 6.51879884008 -0.802503120385 -0.0216878648193 -0.844131005927 0.00159757921064 -0.00438747651037 0.536116631549
1659181870.048656702 6.5117544265 -0.804365526222 -0.0229423034586 -0.844992653391 0.00138725183148 -0.00358493383804 0.534764097054
1659181870.149504900 6.51398516918 -0.804397661173 -0.0211228867598 -0.844672947019 0.0012513000276 -0.00283718395794 0.535273759127
1659181870.250390053 6.51591459562 -0.802866390448 -0.0221185306707 -0.844491524705 0.00147302183732 -0.00410986919096 0.535551121634
1659181870.351242065 6.51469919761 -0.801072605479 -0.0218179725625 -0.844371968834 0.00140215266519 -0.00339057841862 0.535744823768
1659181870.452135563 6.51090932689 -0.806387765771 -0.0209161988848 -0.844437062488 0.00133815387269 -0.00351540593271 0.535641576768
1659181870.554714680 6.51715962997 -0.80468258952 -0.0212100125478 -0.843929843421 0.00147685162536 -0.00341862249138 0.536440631676
1659181870.653780937 6.51539529771 -0.807410522321 -0.0188170242588 -0.844373187371 0.0011145892636 -0.00363002905813 0.535742009766
1659181870.754622936 6.51536996327 -0.804539884981 -0.0169806164134 -0.844031761736 0.000717342054737 -0.00301006953683 0.536284262385
