1658926645.381888628 0.0370697491342 -0.0230167113001 0.00418506698321 0.999995918303 0.00101010018811 -0.00160106378061 -0.00214001616042
1658926645.482779264 0.0876859212502 -0.0146277399803 0.00953918832432 0.999986472981 0.00362505678699 -0.00188711520356 -0.00321739241259
1658926645.583641291 0.127643885897 -0.00737147523702 0.0157474964038 0.999987148477 0.000855239176922 -0.00230761904526 -0.00443241936249
1658926645.684347868 0.176205673112 -0.00938224153517 0.0227413588773 0.999971568669 0.00144721624913 -0.00147749007584 -0.00725151305487
1658926645.786888361 0.225690340085 -0.00990854281922 0.0215020497206 0.999963948433 -0.000149143918513 -0.00136317875701 -0.0083798170269
1658926645.886084080 0.26086390054 -0.0128903369433 0.0238382119962 0.999958732267 -0.000591160554132 -0.00148126892945 -0.00894372036851
1658926645.987059116 0.306932008727 -0.0184005141983 0.0277946229004 0.99994706791 -0.00154641206793 -0.00184572208058 -0.0100031643641
1658926646.087816238 0.354188056828 -0.0248183913848 0.0263017977055 0.999943911639 -0.00413063146196 -0.00167653552519 -0.00960732471542
1658926646.188758373 0.402982896331 -0.0249915652825 0.022281814154 0.999948530657 -0.00519233261644 -0.00182897094322 -0.00852235790565
1658926646.289646387 0.458390409006 -0.0198699139532 0.0323947940558 0.999976323031 -0.00421603989223 -0.00121705667328 -0.00530067520307
1658926646.391441584 0.511189085299 -0.0182132233191 0.0325126821748 0.999970227071 -0.00565716448934 -0.00216817573698 -0.00477917099681
1658926646.491323471 0.567598711406 -0.01442474033 0.0345821091224 0.999980541907 -0.00451468019839 -0.00168913404638 -0.00395983545755
1658926646.592183352 0.624024998777 -0.0124927944996 0.0373053630147 0.999955705455 -0.00782824157131 -0.00234621996768 -0.00466915547502
1658926646.693058014 0.681859691931 -0.0108228337649 0.0346327842436 0.99995677287 -0.0073720080917 -0.00205126044664 -0.0052818764596
1658926646.793906689 0.736282412512 -0.00702503905852 0.028793068013 0.999979528858 -0.00344943831335 0.00197105359686 -0.00501579384415
1658926646.894763470 0.791552455824 -0.00817495146576 0.0245605316914 0.999965239499 -0.00540853609862 2.40855666827 -0.0063456245451
1658926646.997382879 0.85704606179 -0.00759188842438 0.0218270133365 0.999956478626 -0.00656779855206 -0.00130056724222 -0.00649718404558
1658926647.096491814 0.914849617405 -0.00219625935353 0.0212433918378 0.999983798528 -0.00408579733723 -0.000250297856395 -0.00395553959549
1658926647.197332859 0.981886795729 0.00103513278784 0.0255205973196 0.999982223335 -0.00565128746713 -0.00181451332054 -0.000568774812677
1658926647.298224926 1.04235926283 0.0092052835388 0.0317149885719 0.999966512771 -0.0068094031009 -0.0028391777166 0.00354181264998
1658926647.399041653 1.10637300518 0.00974736136803 0.0310334773261 0.999943084216 -0.00716914888392 -0.0033913353838 0.00713655920209
1658926647.499907970 1.15976474655 0.0223771746933 0.0360564115688 0.999858402733 -0.00772106917727 -0.00488571777703 0.0141311477385
1658926647.600755930 1.21045105878 0.0357755386654 0.0398834705704 0.9996976209 -0.00695543639479 -0.00488312541304 0.0230747428529
1658926647.701590538 1.26757916202 0.0486644921935 0.0339979117184 0.999369898398 -0.00607498021923 -0.00493388012892 0.0346201909138
1658926647.802374125 1.32889881893 0.0595162795224 0.033600344364 0.999023704259 -0.00739568905752 -0.00500241339383 0.0432656673674
1658926647.903352737 1.38862383144 0.0696836343953 0.0302538675407 0.998778045737 -0.00673601352714 -0.0044475105679 0.0487571648527
1658926648.004136086 1.44597622299 0.0763549920183 0.0280731288237 0.99868203815 -0.0103265989878 -0.00331520388228 0.0501653012892
1658926648.105069160 1.50573378324 0.0785549791633 0.0330448912907 0.998810779576 -0.00856994322352 -0.00275483995123 0.0479165267157
1658926648.206176043 1.57270806451 0.0761294562308 0.0348758947107 0.998840216203 -0.0101930247112 -0.00165147249133 0.0470276235955
1658926648.306800365 1.61257294782 0.0736285019778 0.031218764992 0.999085553176 -0.0133734174522 -0.0020065986172 0.0405608518544
1658926648.409119844 1.62542854964 0.0682212125693 0.0399828088894 0.999448348926 -0.0119112729924 -0.00236683575435 0.0309114459841
1658926648.508491039 1.62775603008 0.0636705707915 0.0430929528966 0.999669156292 -0.0101887072342 -0.0037084701028 0.02332413886
1658926648.609191418 1.6438803784 0.0682222515125 0.0505044008315 0.999776297128 -0.0106648048481 -0.00388899374515 0.0178463824258
1658926648.710273266 1.67955671853 0.0625896963569 0.0533598610259 0.999802361462 -0.0119778016638 -0.00264180869318 0.0156458023084
1658926648.811033010 1.71916341764 0.0642075889712 0.0485120640355 0.999861211531 -0.0127108388638 -0.00284786004178 0.0103866233758
1658926648.911939144 1.7645402524 0.0597782516393 0.0528067283859 0.999918327378 -0.0110303135396 -0.00324710153134 0.00557916549172
1658926649.012719631 1.81870825559 0.064485780929 0.0532685848453 0.999940243152 -0.0103422398925 -0.00279626608518 0.00217464814703
1658926649.113614321 1.87971813245 0.0621559089466 0.0480255533225 0.999936710368 -0.0106094089572 -0.0036547507714 -0.000811478411581
1658926649.214522362 1.93042171746 0.0599497215578 0.0504431576625 0.999926835812 -0.0105425359277 -0.0035068402412 -0.0047833075429
1658926649.315351009 1.97452076915 0.0559051644247 0.0504883751188 0.999903229517 -0.00938361288089 -0.00351562018186 -0.0096498614345
1658926649.416225433 2.01346910711 0.0499941424812 0.0559158357957 0.999777012615 -0.00874403595497 -0.00470701493432 -0.0186362789415
1658926649.517051697 2.05047714682 0.0385479183122 0.0622465919071 0.999500693445 -0.00781319571175 -0.00480807713298 -0.0302357432618
1658926649.617946148 2.0885474366 0.0222484257542 0.0642318234615 0.999013017785 -0.00743552075029 -0.00570419409217 -0.0434184925769
1658926649.720608711 2.12432626505 0.0119977794401 0.0656772231723 0.998264712519 -0.0075263387647 -0.00570642035834 -0.0581236159525
1658926649.920559406 2.19762257179 -0.0105144010209 0.0652162237147 0.996142704403 -0.00537672689694 -0.0058797428129 -0.0873855359672
1658926650.021365643 2.23302615622 -0.0196261017403 0.0678931133319 0.994720454929 -0.00627682595781 -0.00771471231599 -0.102138637229
1658926650.122103214 2.27382078261 -0.0290984638925 0.0768177438423 0.993168472081 -0.0063972814114 -0.00856025299626 -0.116198893815
1658926650.223141909 2.32371816934 -0.0334489727248 0.0791921016335 0.992165834329 -0.006637796716 -0.0109613533814 -0.124268843949
1658926650.323923111 2.37241830213 -0.0374913122092 0.0776682814007 0.992017625388 -0.00630512894148 -0.0104960337277 -0.125503424435
1658926650.424762964 2.42474876588 -0.0415321903112 0.0727006548292 0.992452621952 -0.00546249287308 -0.0102891397364 -0.122074108459
1658926650.525959015 2.47385955434 -0.0539310647478 0.0719332804638 0.992546545692 -0.00436992839755 -0.00878139489075 -0.121470759708
1658926650.626476765 2.51663316494 -0.0704701036216 0.0742443165355 0.992397974038 -0.00424631098729 -0.00775638660446 -0.122752060819
1658926650.727351189 2.54821556605 -0.0825560110515 0.0779937833768 0.992003405169 -0.00518157775858 -0.0077994142272 -0.125863277104
1658926650.828210354 2.57042678784 -0.0834693989992 0.0783287905579 0.992264001 -0.00570696354911 -0.00720403715042 -0.1238050271
1658926650.929058075 2.58933157455 -0.0779814306903 0.0791228113542 0.99332185677 -0.00570973372221 -0.00728030090802 -0.115004717391
1658926651.029932499 2.60434215504 -0.06704704618 0.0779531455712 0.995217876353 -0.00621357804504 -0.0077566640683 -0.097173063125
1658926651.130760670 2.61754163592 -0.0615942438475 0.0776412083522 0.996774107088 -0.00727251465218 -0.00818468946716 -0.0795078664484
1658926651.231593609 2.62929090995 -0.0482022972844 0.0773447921931 0.998114113547 -0.00699408710051 -0.0077086221014 -0.0604969108999
1658926651.332502842 2.62923091745 -0.0436586611167 0.0797996611791 0.999038074453 -0.00718380445603 -0.00563795722589 -0.0428897678268
1658926651.433371782 2.63202108323 -0.0402008590681 0.0729163352869 0.99956964612 -0.00677305159168 -0.00690866005122 -0.0276932978131
1658926651.534208775 2.63690078264 -0.0274994626169 0.0684198858793 0.999896943432 -0.00723431027808 -0.00704607207827 -0.0102039276008
1658926651.634954453 2.63948023517 -0.020944424364 0.0635986216503 0.999893652153 -0.00687795327528 -0.00602723832477 0.0113600414578
1658926651.735903502 2.63849284794 -0.0119467247802 0.0617350458077 0.999472500595 -0.00618324200795 -0.00584429724106 0.0313421802437
1658926651.836825132 2.63355949639 -0.00428506765059 0.0582518786876 0.998560650002 -0.00612524613585 -0.00444021806906 0.0530979669209
1658926651.937626362 2.63689496114 0.00524991129929 0.0538661277089 0.99684981618 -0.00683802208166 -0.00525324063396 0.0788421771535
1658926652.038506508 2.64883277521 0.0171461045857 0.0574717395515 0.99422149682 -0.00684226615842 -0.00453146597322 0.10703394074
1658926652.139361858 2.65431898132 0.0306827110081 0.0558132927494 0.990821884231 -0.00818378101804 -0.00344393270362 0.13488201802
1658926652.240235806 2.65671749316 0.0435523418826 0.0516193675551 0.986746900708 -0.00824516425039 -0.00360909306518 0.162017115322
1658926652.341049194 2.66115371177 0.0539693378814 0.0501256691328 0.982259652692 -0.00846311737225 -0.00250607640486 0.187318098217
1658926652.441929817 2.66544415178 0.0664131108842 0.0486376276026 0.976971664408 -0.00897179587818 -0.00259750416575 0.213164553325
1658926652.542772293 2.67551730582 0.0812383334414 0.0463035161638 0.97098248414 -0.00826784186936 -0.00161003975927 0.239002230232
1658926652.643618584 2.68482584616 0.0974200940494 0.0414352746093 0.963849104539 -0.00872838469829 -0.000354496484666 0.26630545115
1658926652.744503260 2.69337108497 0.113810613152 0.0362464037997 0.956180937047 -0.0100182925906 -0.000541982692839 0.292604435538
1658926652.845353127 2.70221913973 0.134007543577 0.0427466929519 0.94794995288 -0.00952280925469 -0.000272823819932 0.318276811134
1658926652.946144342 2.70309310118 0.152808949366 0.0400233508895 0.940178413901 -0.00816443286882 -0.000330508321059 0.340584472391
1658926653.047085524 2.70997952501 0.169190682046 0.0446708001291 0.9322901379 -0.00810432250602 -0.000403842416475 0.361620319731
1658926653.147914648 2.7213980522 0.184343955921 0.0500507714622 0.923020360736 -0.00804468458908 -0.000176385701544 0.384666954136
1658926653.248784065 2.728010049 0.20550316544 0.0503073199748 0.913907010391 -0.00821161264632 -0.000984821192975 0.405839347406
1658926653.349532127 2.74282382704 0.23727017707 0.0489201957882 0.904430715558 -0.00792667232354 -0.000488009615688 0.426546609959
1658926653.450484991 2.75871914932 0.269404802075 0.0482019662545 0.894804056383 -0.00847418297899 0.000686171961496 0.446378111103
1658926653.551353931 2.77505330197 0.302069103164 0.0549816209538 0.887168907398 -0.00699901395683 -0.000460321840578 0.461391516669
1658926653.652205467 2.7923032207 0.330845725148 0.0589132422905 0.883515356454 -0.00702654416746 -0.000797377406849 0.468348808876
1658926653.753057003 2.80957760917 0.357082063634 0.0541566117379 0.884186150951 -0.00673059326188 0.00180192519193 0.467082757813
1658926653.853949308 2.82214065355 0.374541399049 0.0606715575645 0.885656717682 -0.0070093312181 0.000484818788915 0.46428742461
1658926653.954772949 2.83475406086 0.4006597602 0.058397327822 0.884519640165 -0.00686066122384 -0.000387585311633 0.466452341904
1658926654.055625439 2.85324057582 0.424442970519 0.0573842622903 0.878851156735 -0.0060646982771 -0.00086531045878 0.477056720924
1658926654.156497955 2.86644181692 0.449260298563 0.0568517523858 0.872826370367 -0.00614905255536 -0.00131632076711 0.487990351999
1658926654.257348061 2.87459758795 0.470263202495 0.0559731068329 0.86808271868 -0.00632968984001 -0.000732603687154 0.496378677873
1658926654.358202457 2.88273130802 0.479858294119 0.0574057690957 0.864904295054 -0.00696910538108 -0.00106754509935 0.50188729045
1658926654.459058285 2.8823522337 0.479258210483 0.0571368608088 0.86482442137 -0.00707042477687 -0.000896104987167 0.502023830403
1658926654.559866905 2.87980084799 0.47624071224 0.0610192427588 0.864972591771 -0.00692338158628 -0.0013318489226 0.501769577048
1658926654.660687447 2.87625693203 0.474997196168 0.0630552748431 0.864631028699 -0.00658393867559 -0.000801932236293 0.502363606233
1658926654.761618614 2.87509411011 0.475163493929 0.0617292577383 0.864404016578 -0.00685527223548 -0.000991597374305 0.502750154751
1658926654.862475872 2.87642867192 0.47594751232 0.0622462024827 0.865353826109 -0.00687756364459 -0.000681680958292 0.50111374963
1658926654.963319778 2.87501354261 0.47426678586 0.059766483131 0.864993824086 -0.0067351778568 -0.000964090730759 0.501736377196
1658926655.064212799 2.87590264688 0.473896173616 0.0567940629795 0.864919406366 -0.00677047793765 -0.00142162126683 0.501863089012
1658926655.165074110 2.87789986856 0.471755535045 0.0591345286213 0.864536894642 -0.00699055254679 -0.00107569500364 0.502519584551
1658926655.265873432 2.87993140108 0.473607101095 0.0607322761186 0.864929130678 -0.0069623594751 -0.00122457042796 0.501844223722
1658926655.366831303 2.88072074171 0.475361816943 0.0566970416453 0.864808648085 -0.00630585343895 -0.00104416134845 0.502060900825
1658926655.467633247 2.88330384479 0.479675014588 0.0563976774448 0.865386359488 -0.00646898422665 -0.00119442408461 0.501062046464
1658926655.568563700 2.88758544126 0.481283658213 0.0589446179668 0.864269636321 -0.00727659037352 -0.00161241214372 0.502973604767
1658926655.669332504 2.89214383878 0.490739012363 0.0595542369616 0.863523668904 -0.00685705741269 -0.00166287782399 0.504258950188
1658926655.770234346 2.89597411304 0.501179065052 0.0624243503381 0.862811232776 -0.00729398685756 -0.00135027002318 0.505471810413
1658926655.871067524 2.89918314577 0.5170005744 0.0609651154418 0.862706994932 -0.00699726445316 -0.00144966713952 0.505653614296
1658926655.971949100 2.9066916785 0.532306167442 0.0621836952733 0.8635149387 -0.00750758740127 -0.00158193425488 0.504264894929
1658926656.072769165 2.91137081779 0.546226908122 0.0651288775517 0.863691100392 -0.00782654222546 -0.00135010248308 0.503958932417
1658926656.173648596 2.91578630695 0.552051989945 0.0653741986499 0.865126728898 -0.00819526531411 -0.000362842654493 0.501486240009
1658926656.274497986 2.91507753141 0.550897774236 0.0653310928699 0.8649296847 -0.00799082741253 -0.00134868243299 0.501827628034
1658926656.375335217 2.91925659718 0.551406437572 0.0639197597452 0.864704519109 -0.00762199471597 -0.00167662433921 0.502220259209
1658926656.476275921 2.92237469918 0.551449743982 0.0638707060932 0.864756524211 -0.00783713701782 -0.00170460680649 0.50212730202
1658926656.577071428 2.92358878628 0.553470982939 0.062505616795 0.864543189277 -0.00783097152605 -0.00151284484781 0.502495234863
1658926656.677936554 2.9202932403 0.556181123103 0.0624308176783 0.864244961914 -0.00727658242847 -0.00182685443958 0.503015267916
1658926656.778791904 2.9171199144 0.552556039912 0.0633298224753 0.864047492831 -0.00681359675642 -0.00200876976838 0.503360179072
1658926656.879629612 2.91825057428 0.554466324158 0.0655618907394 0.863101092109 -0.00674425393336 -0.00220725174086 0.504981334189
1658926656.980563402 2.91607146066 0.549167154379 0.0672808143437 0.861864292641 -0.00747434910619 -0.00101712160778 0.507082873542
1658926657.081357241 2.91883621 0.544825660251 0.0675612543714 0.859271647841 -0.00749485367095 -0.00155639031605 0.511462256706
1658926657.182197094 2.92020306685 0.538931771241 0.0666643910977 0.856278432236 -0.00746565606089 -0.00126347729759 0.516459014921
1658926657.283082485 2.9229074125 0.536026983588 0.0655992989553 0.851544725716 -0.00773900094613 -0.00151302085237 0.524222661412
1658926657.383930683 2.92080775703 0.533752091332 0.0676257144591 0.846016723379 -0.00785399182359 -0.00136261505864 0.53309676594
1658926657.484756947 2.92477552401 0.534012555061 0.0655111845597 0.840773323026 -0.00786535265755 -0.00120518364883 0.541328830793
1658926657.585590839 2.9265992141 0.535994324972 0.064735777746 0.833902848606 -0.00810419733506 -0.00102425569559 0.5518508059
1658926657.686490059 2.92492360905 0.538454200755 0.0640759487746 0.827002012201 -0.00814047280311 -0.00149968073056 0.56213802173
1658926657.787557125 2.92080604342 0.545441812524 0.0651970479563 0.81898856406 -0.00808517956326 -0.00150558996925 0.573750899789
1658926657.888215065 2.9179125374 0.555800904637 0.0665145486883 0.809502694725 -0.00885560896299 -0.00242780234644 0.587044351987
1658926657.989066601 2.91916648647 0.572766624008 0.0688689975608 0.800202512572 -0.009088870547 -0.00148950404267 0.599659163761
1658926658.089950085 2.9168586099 0.595801915188 0.0721889624148 0.792981739643 -0.00879466801888 -0.000489039547022 0.609181725963
1658926658.190799236 2.917128443 0.620363146972 0.0677547948668 0.789959377935 -0.00846935129312 -0.000846820551683 0.613100101286
1658926658.291656733 2.91495504044 0.643617980803 0.0666483373285 0.788745783903 -0.00828401050928 -0.00105764563006 0.61466278961
1658926658.392525673 2.91579774887 0.666959014881 0.06388599862 0.787275427801 -0.00787821522329 -0.000505180909876 0.616550954341
1658926658.493357658 2.91763685453 0.694650469376 0.0613172385582 0.784277164263 -0.00799412917531 -0.00104301679009 0.620358231694
1658926658.594217300 2.91669783143 0.727013457105 0.0580300633148 0.781351682351 -0.00754141751605 -0.00151052283467 0.624043583277
1658926658.695070744 2.924525682 0.763107351074 0.0578503997742 0.779214900476 -0.00970288745126 -0.000651740713867 0.626681392803
1658926658.795958519 2.93376537851 0.803055395878 0.0567040604662 0.778426798515 -0.0104914298867 0.000456245670895 0.627647545277
1658926658.896803379 2.94726452513 0.847536710855 0.0595070679539 0.778710082731 -0.0102122176167 0.000420204861687 0.627300678377
1658926658.997635841 2.95853544149 0.895550839376 0.0583750006141 0.779116741329 -0.0109445887869 0.000985423029118 0.626782536689
1658926659.098498344 2.96405613513 0.947750050566 0.0596946563063 0.779153981175 -0.00984363810443 0.00106389136233 0.626754373373
1658926659.199352741 2.97296788071 0.997014359274 0.0641938460711 0.779447492095 -0.0107019175021 0.000627295355575 0.626375831693
1658926659.300224304 2.98080048937 1.03887339729 0.0606894786875 0.780099195999 -0.010390457176 0.000693700704081 0.62556918209
1658926659.402425289 2.99283392055 1.08332828179 0.0543523785173 0.780402505924 -0.00949765641983 0.000899622110754 0.625204697639
1658926659.501952171 3.00356500098 1.12767261474 0.060513763626 0.780026437051 -0.00918145199046 0.000696460967744 0.62567881008
1658926659.602766275 3.01617917513 1.17724641064 0.0627834070589 0.78033019987 -0.00905293083836 0.00102762796793 0.625301341431
1658926659.703659296 3.02635557628 1.22385360664 0.0618307805341 0.780977506221 -0.00925560150788 0.00178365889609 0.624488020044
1658926659.804520369 3.04058138068 1.26773058235 0.0627343471022 0.782178781976 -0.00892754601013 0.00110043835491 0.62298911787
1658926659.905436039 3.04727056017 1.31313157509 0.0633148229773 0.783024316903 -0.00999824869345 0.00172280162725 0.621908342214
1658926660.006215096 3.04834770226 1.34984672425 0.0640301447859 0.783914113769 -0.00842195782928 0.00169324984007 0.620809846705
1658926660.107083559 3.03418420672 1.38303041381 0.0609413528439 0.779536777469 -0.00898540077986 0.00120859033574 0.626290838553
1658926660.207963467 3.0191936787 1.41109922477 0.0567679176527 0.77116042303 -0.0084249624705 0.000775160307846 0.636584653511
1658926660.308703184 3.01134172792 1.44452523185 0.0552929468332 0.760012112611 -0.00818115759707 0.000924462570187 0.649856755534
1658926660.409563780 3.0123758803 1.4793726755 0.059089955577 0.749626532372 -0.00926431517965 -0.000804511017792 0.661795729202
1658926660.510422468 3.01509881028 1.51992616531 0.0579528403322 0.739100428411 -0.00956880507153 0.000894146521326 0.673526684842
1658926660.611385107 3.02572274552 1.56367789741 0.0608152578993 0.731150240237 -0.010340367722 0.0017478221925 0.68213587218
1658926660.712227345 3.03211038422 1.61051195012 0.0605758913185 0.723378799172 -0.00899165474535 0.00117514385938 0.690391832289
1658926660.813103199 3.03373000517 1.66664682061 0.0581388035223 0.715969657943 -0.00783017721333 0.0027123431872 0.698082216092
1658926660.913934231 3.034257992 1.73048506706 0.0527406297977 0.709161824436 -0.00792836894326 0.00315757204575 0.70499409747
1658926661.014780998 3.04686435992 1.80318263541 0.0496995194469 0.705705638052 -0.00837211606736 0.00331175424097 0.708447946131
1658926661.115617037 3.05875530694 1.87117731482 0.0498876804343 0.707634606034 -0.00672810349547 0.0047293171323 0.706530700342
1658926661.216519833 3.06386876939 1.9322615143 0.0510369324241 0.710106321846 -0.00798250470274 0.00512724256503 0.704030541011
1658926661.317333460 3.06555829793 1.99025997615 0.0475388194238 0.712760423417 -0.0063130780719 0.00307453370258 0.701372419687
1658926661.418209076 3.06240768567 2.04473731562 0.0446296841811 0.712418113158 -0.00888662133339 -1.84948002214 0.701698980805
1658926661.519069433 3.06069031939 2.09954856907 0.0424490938408 0.713953477106 -0.00785894972132 0.000423616229831 0.700148905582
1658926661.619947910 3.05193847026 2.15812511783 0.041925300275 0.714514878851 -0.00819925723367 0.000505570368046 0.699572015221
1658926661.720810175 3.04937911712 2.22010899232 0.036668893371 0.716069498536 -0.0071771201312 0.0013314253182 0.697990823378
1658926661.821685076 3.04658942893 2.27544425197 0.0364522934641 0.717492705858 -0.00605873050223 0.00350563818734 0.696530845926
1658926661.922396421 3.04934943476 2.3327243231 0.0364134125137 0.718544489485 -0.00728941033324 0.00210853430685 0.695439598535
1658926662.023353577 3.04940068238 2.38316065828 0.0267503398683 0.719010797632 -0.00696678524022 0.00516792541867 0.694944767114
1658926662.124251604 3.04702651061 2.43871310543 0.0232701896437 0.719529602042 -0.00631447059809 0.00606702909298 0.69440655988
1658926662.225073814 3.04850931955 2.49477208032 0.0210391116035 0.720361586755 -0.00782008326285 0.00392720567195 0.693543515348
1658926662.325887203 3.05129884377 2.55240745104 0.0237831777209 0.721172943735 -0.00796677467812 0.00595395839519 0.692683669582
1658926662.426821709 3.05250235203 2.60809239613 0.025723440304 0.722035463597 -0.00968180279144 0.00472622251409 0.691772155283
1658926662.527653217 3.05482610312 2.66442266612 0.0246951721337 0.722002737145 -0.00890745922546 0.00592497185409 0.691807487263
1658926662.628513098 3.05690546617 2.71322493929 0.0300056670879 0.722222819392 -0.00905057162238 0.00505455893568 0.691582777213
1658926662.729347229 3.05484044538 2.75724212163 0.0327396265105 0.721750763939 -0.00997983150855 0.00204160371327 0.692078080545
1658926662.830221176 3.04894847361 2.80096056768 0.0343456455149 0.718154899432 -0.0103966311679 0.00238882707873 0.695801511917
1658926662.930971622 3.03932621464 2.8462633712 0.0302633007485 0.711870656425 -0.00872480277154 0.00488941808134 0.702239375091
1658926663.031897068 3.03249539921 2.89343222555 0.0310703295713 0.706851438976 -0.00746552781592 0.00455645890609 0.707307958243
1658926663.132772923 3.02933694946 2.94746921375 0.031864308914 0.702489096769 -0.00605977317941 0.00476183452418 0.711652775587
1658926663.233514786 3.02063389826 3.01021922855 0.0339278077304 0.69848224472 -0.00648696304183 0.00353877455096 0.715589232868
1658926663.334487438 3.01717385816 3.07765324611 0.0315980355001 0.693970731562 -0.00658070161159 0.00233005186619 0.719969366682
1658926663.435302973 3.01085017621 3.15237992407 0.0321862515454 0.691489272076 -0.00666610918147 0.00315065821177 0.722349100466
1658926663.536204338 3.01548541671 3.22562716351 0.0326397960208 0.690304569732 -0.00637284671267 0.00414305391046 0.723478972007
1658926663.636969566 3.01066630144 3.30382941345 0.0295617737157 0.691552266717 -0.00594447541347 0.00421726640049 0.722289651231
1658926663.737974405 3.00588488789 3.37947021363 0.0234298745771 0.692659570351 -0.00506757754102 0.00490533464548 0.721230183056
1658926663.838807583 3.00105208309 3.45298186872 0.0235993292267 0.692947050973 -0.00619009138781 0.00351999873922 0.720953311197
1658926663.939634562 2.99415127821 3.52621052941 0.021206278711 0.69298678368 -0.00572045173525 0.00564989479411 0.720905453417
1658926664.040545464 2.98909408873 3.60593964943 0.0188955461453 0.692611280894 -0.00626082865208 0.00682938798476 0.721251533837
1658926664.141391039 2.98754535721 3.67993462459 0.0182758363911 0.693206460338 -0.0072613044686 0.00646100965293 0.720673526749
1658926664.242225170 2.98816647398 3.74905102519 0.0158908475985 0.693518499829 -0.00881283523225 0.00597424392369 0.720360140999
1658926664.345037937 2.98242998679 3.82290718344 0.0149498561441 0.694590250587 -0.00732459716558 0.00742071978952 0.719330012569
1658926664.443970680 2.98332027487 3.89235327177 0.0125132803266 0.69186292001 -0.00835962566832 0.00810078521862 0.721935034371
1658926664.544784069 2.97695024107 3.96788790237 0.0091890969145 0.690597555777 -0.00724049137783 0.0087254681901 0.723150369871
1658926664.645673513 2.97372092793 4.03612126158 0.00875401847427 0.689834398847 -0.00507526113881 0.0112515553004 0.723861966396
1658926664.746500015 2.97214673364 4.10586203466 0.00798461497744 0.688819385204 -0.00551568090057 0.00975357973864 0.724846397186
1658926664.847364664 2.96961501798 4.17603530644 0.00782772215085 0.688161739838 -0.0055547829112 0.00867849919859 0.725484147216
1658926664.948210716 2.96796826132 4.24767963334 0.00909557842226 0.687944669955 -0.00627158603057 0.00647756502434 0.725707130626
1658926665.049070835 2.96142703071 4.31024837861 0.00828070950157 0.687885162185 -0.00564339396124 0.00927911193028 0.725738281912
1658926665.149961472 2.95536083008 4.36290652218 0.0035451291963 0.690023577113 -0.00634924985543 0.010510509302 0.723682720015
1658926665.250785828 2.95451296866 4.40972845193 0.00355808813504 0.690400527802 -0.00568975242942 0.0109241192024 0.723322474107
1658926665.351669312 2.94764504431 4.4687598555 0.000387067532935 0.691765238845 -0.00568555300097 0.0104230782988 0.722024852932
1658926665.452485085 2.9400628343 4.53908136678 0.000784283702163 0.693554908033 -0.0024394939447 0.0124370049466 0.72029227354
1658926665.553341627 2.93744456297 4.60007983257 0.00217791041997 0.693046179606 -0.00400348990141 0.0111503077419 0.720795834921
1658926665.654205799 2.93498734789 4.65922094429 0.00453925137192 0.692389213595 -0.00315599650423 0.0107614254597 0.721437043896
1658926665.755075932 2.93106263757 4.7180456791 0.00209430872396 0.692856505182 -0.000604144042987 0.0132723342992 0.720953079874
1658926665.855917931 2.93465725472 4.7757164735 0.00482779021708 0.692349090564 -0.0020656524955 0.0108266209505 0.721478519537
1658926665.956782341 2.93526762163 4.83359479123 0.00401532382601 0.692819655345 -0.00148904669679 0.0119767130062 0.721009893312
1658926666.057652235 2.93115403626 4.89360668514 0.00274825562052 0.693332010118 -0.00412813901343 0.00952592414446 0.720543502492
1658926666.158524036 2.93108259399 4.95839280883 0.00199703336951 0.693422799088 -0.00409127736002 0.00990929673314 0.720451170443
1658926666.259288788 2.92930557473 5.02238079552 0.00243464626549 0.692377356929 -0.00210620989704 0.0119854579059 0.721432954813
1658926666.360105276 2.92626472548 5.08270721633 -0.000133736525267 0.690301381208 -0.00277128177706 0.0111892095608 0.723430110438
1658926666.461108208 2.9261319677 5.14643846622 -0.00148566748271 0.691148896092 -0.00235993138582 0.00965349593617 0.722644064647
1658926666.561939240 2.92132608657 5.20844006825 -0.00156352139843 0.692650257001 -0.00198427659421 0.00768582534535 0.721229930196
1658926666.662694931 2.91808906912 5.27077921492 -0.000876755160727 0.69637274333 -0.00302141671763 0.00669814143677 0.717642674518
1658926666.763644457 2.91829398945 5.33034084889 0.00350170867247 0.70391374252 -0.00252790456091 0.00469674349566 0.710265438685
1658926666.864486694 2.91860873849 5.39073485289 0.00362537291421 0.713348206563 -0.0025556853419 0.00513602018688 0.70078629122
1658926666.965371132 2.91803422749 5.45442033041 0.00241869800879 0.72100803683 0.0015807383682 0.00921419185265 0.69286363071
1658926667.066209316 2.92180279986 5.51916880779 -0.000545401977897 0.723709499675 0.00201372389821 0.0102324577491 0.690025942849
1658926667.167117596 2.92704267711 5.58157913657 -0.000189803095366 0.722063478951 0.00381135047124 0.0118793228601 0.691714310724
1658926667.267932892 2.93814037405 5.64363092448 -0.00179112668105 0.719952895648 0.00195466441743 0.00732641492951 0.693981506223
1658926667.368765831 2.95003882855 5.71027664887 -0.000223057808132 0.717026173813 0.00264339920905 0.00833458474407 0.696991401099
1658926667.469646454 2.95328374478 5.77614185778 -0.00115393246156 0.712848656228 0.00647916357712 0.0133124813262 0.701161601626
1658926667.570516586 2.95689322256 5.84347316604 -0.000255419577538 0.711059497327 0.00227326158997 0.010050945391 0.703056329208
1658926667.671359539 2.95271221767 5.91043226118 0.00223312638154 0.711034773765 3.03618758411 0.00739100201327 0.703118000526
1658926667.772217751 2.95185705665 5.97693121394 0.0038789337931 0.709718540728 0.00296446897842 0.0110289808685 0.704392764337
1658926667.873095274 2.94680839559 6.04257501243 0.002409960387 0.709952242804 -0.00149629482772 0.00739428091008 0.704209413917
1658926667.977103233 2.94876471149 6.11085474667 0.0048807082465 0.710354826952 -0.0013684294332 0.00839705059296 0.703792325028
1658926668.074796915 2.94946915381 6.17904931753 0.00421521619767 0.71145850602 -0.0033645233636 0.00718323033017 0.702683339347
1658926668.175668716 2.94397378626 6.25129122624 0.00401281711495 0.712175571926 -0.00357019616088 0.00830652242102 0.701943167313
1658926668.276526451 2.93954004299 6.32260167968 -0.00215576961769 0.713179391353 -0.00446698570216 0.00838067580717 0.700917231962
1658926668.377384424 2.93481349488 6.39118689293 -0.00198525573553 0.713657617097 -0.00272642508882 0.00696654056874 0.700454737637
1658926668.478223085 2.93550444774 6.4587329065 -0.0029941834883 0.71347503898 -0.00348572943231 0.0068195439891 0.700638788723
1658926668.579033613 2.93298533977 6.53056272133 -0.00521828985371 0.712816108399 -0.00409888322079 0.0069069973379 0.701304989396
1658926668.749662399 2.92687852307 6.64810677462 -0.0133769006271 0.712131860854 -0.00471589502475 0.00691356592657 0.701995851623
1658926668.781437397 2.92617254627 6.67923009368 -0.0101752361051 0.709673222629 -0.00428499910485 0.0085743360026 0.70446578102
1658926668.882346630 2.9234155749 6.76111569939 -0.0094517342374 0.70862567822 -0.00300634849733 0.0102235549372 0.70550413816
1658926669.047094584 2.92138519603 6.88153414358 -0.015135461075 0.708953028021 -0.00696165138367 0.00574399036575 0.705197948128
1658926669.147978544 2.9232316918 6.95947234379 -0.0126889170501 0.708929849599 -0.00528983744806 0.00703752345902 0.705224048959
1658926669.186044216 2.92891339651 6.99116665748 -0.0101495467084 0.706437075925 -0.00602904781529 0.0080339741158 0.707704573675
1658926669.286867619 2.92838512378 7.07006950642 -0.0132172597662 0.706768690274 -0.00353026901234 0.0112971364748 0.707345693672
1658926669.387724400 2.93028742302 7.15780976872 -0.0100785206697 0.706153456786 -0.0013372753897 0.0122384765055 0.707951782861
1658926669.488672972 2.9332638309 7.24608771936 -0.0103648143358 0.704607554447 -0.00378406866554 0.0128277717081 0.709471157492
1658926669.589512825 2.93375525096 7.33619608347 -0.0145074284345 0.702938260749 -0.0031024815732 0.0158838281097 0.711066719927
1658926669.690367460 2.92958689081 7.42008800788 -0.0143001488955 0.701555172356 -0.00363880271248 0.0171388426189 0.712399718788
1658926669.791216373 2.92522047283 7.50823615586 -0.0134127364551 0.701758823595 -0.00216540093105 0.0197087194104 0.712138631816
1658926669.892085552 2.92224744197 7.60266713525 -0.016187431489 0.703247391111 -0.00156363334129 0.0183802539504 0.710705866172
1658926669.992961407 2.9157371711 7.70086409395 -0.0141924717029 0.704569576808 -0.00245576583432 0.0148838368439 0.709474560539
1658926670.093830585 2.91107752973 7.78923645898 -0.0117477409905 0.707592971484 -0.00536623808829 0.0136209592628 0.706468583636
1658926670.194707632 2.90634160481 7.86584729596 -0.0121701746061 0.708539863486 -0.00412986518396 0.014154218964 0.705516735557
1658926670.295540333 2.90439897776 7.94198525293 -0.0148082214001 0.709480041385 -0.0041723900589 0.0122576313803 0.704606565759
1658926670.396368027 2.90502558107 8.02678226681 -0.0176191079248 0.710353833754 -0.00562575316093 0.00982394796622 0.703753701105
1658926670.497219801 2.90122656667 8.11570735391 -0.0163523464556 0.711246577685 -0.00652189816023 0.00688642984583 0.702878615167
1658926670.598100662 2.89978102069 8.19721688977 -0.0177237069937 0.710169696804 -0.00617358667994 0.00701923827934 0.7039684786
1658926670.698952675 2.8950219597 8.26590182829 -0.0138564939131 0.711885117586 -0.00628176606703 0.00609523762913 0.70224138788
1658926670.799811363 2.89092849132 8.32874657791 -0.0196364471677 0.711792026906 -0.00371168300844 0.00295044631502 0.702374279646
1658926670.900672913 2.89141588655 8.3904724107 -0.0216679633977 0.711707817188 -0.00348254306382 0.00367279964583 0.702457376209
1658926671.001662731 2.88734062683 8.45408563561 -0.0233982257989 0.709237955795 -0.00538966827364 0.00351910635736 0.704939777163
1658926671.102403164 2.87953847393 8.51722136905 -0.0228170156805 0.704837065795 -0.00607634835974 0.00364052778589 0.709333867251
1658926671.203236103 2.86741966204 8.58330567321 -0.0221302586455 0.701507253017 -0.00573528517702 0.00390812360421 0.712628519664
1658926671.304509640 2.85975380106 8.6509701162 -0.0244290015548 0.698100413664 -0.0061877242044 0.00398374761181 0.715962048063
1658926671.404997826 2.85625695327 8.72184716966 -0.0251986359156 0.695671028037 -0.00477210877605 0.00729521318797 0.718307613486
1658926671.505726814 2.85747285403 8.78930430368 -0.0248686625249 0.696566339384 -0.0048688547482 0.0052256446139 0.717456843112
1658926671.606616974 2.85492126222 8.86111568133 -0.0286159425403 0.697299122937 -0.00379124830147 0.00560062481037 0.716748346764
1658926671.707597971 2.85415984656 8.93009568123 -0.0264273219595 0.696711219568 -0.00397297811935 0.00495652714602 0.717323584453
1658926671.808337688 2.85690836275 9.0056910886 -0.0233898006021 0.699237257008 -0.00332337255023 0.00531627475881 0.714862190096
1658926671.909258842 2.85581995253 9.08147261766 -0.022002995938 0.700473692066 -0.00332227466558 0.00389898480707 0.713659839932
1658926672.010133266 2.84859823512 9.16063015007 -0.0251501032108 0.700567458007 -0.00299772834769 0.00405404063476 0.713568367545
1658926672.110950947 2.8455549746 9.23583625681 -0.0248757895 0.701516888094 -0.00355763438582 0.00485450227938 0.712627415109
1658926672.211759090 2.8389314463 9.3183731947 -0.0298281628261 0.702149694683 -0.00518888406706 0.00426745249515 0.711997661926
1658926672.312674761 2.82126436289 9.39259740108 -0.0326036777973 0.699733438302 -0.00346804968094 0.0074306419101 0.714356965049
1658926672.413520336 2.82419784132 9.46719053284 -0.0268940911935 0.699885107979 -0.00423483745837 0.00540957787402 0.714222401111
1658926672.514390469 2.82103330816 9.54724445693 -0.0248248355969 0.698455575597 -0.00521486370172 0.00221616902141 0.715630982217
1658926672.615294933 2.81567281417 9.63112578377 -0.0293702153315 0.69762256237 -0.0036189203638 0.00430076021933 0.716443415316
1658926672.716148376 2.81373604613 9.71295604425 -0.0341591276027 0.697151415132 -0.00399309362163 0.00609415418218 0.71688689545
1658926672.816953182 2.80847615283 9.79169753586 -0.0412087323141 0.697015286593 -0.00455701777641 0.00714891664827 0.717006148395
1658926672.917844296 2.81075532683 9.86619618494 -0.0439949936654 0.69604509913 -0.00573808167564 0.00678219889776 0.717943100931
1658926673.018689632 2.80995480203 9.94973045359 -0.0391844888235 0.696398443336 -0.00671482144642 0.008320301293 0.717575704632
1658926673.119455814 2.8062852264 10.0285407922 -0.0340538525107 0.697885046034 -0.00752657518534 0.00882553820822 0.716115858687
1658926673.220365047 2.81424763159 10.1010082074 -0.0306149809041 0.700518885057 -0.00741818947744 0.00859535375582 0.713543538992
1658926673.321074009 2.81925360971 10.1697656383 -0.0312209754956 0.704633372619 -0.00838899684898 0.00727455926303 0.709484683211
1658926673.422104836 2.8261707378 10.2324288581 -0.0347313757749 0.710457781226 -0.00824439664717 0.00856806854968 0.703639367304
1658926673.522914648 2.82745059035 10.298072566 -0.0339426215064 0.715746553774 -0.00791720756756 0.00870053887875 0.698261046606
1658926673.623813629 2.83415074585 10.3599718139 -0.0346757387891 0.721108851224 -0.00788053202756 0.0077318676552 0.692733816212
1658926673.724651814 2.83682798868 10.424955075 -0.0358956816106 0.7266717268 -0.00772680678354 0.00689131218745 0.686906840657
1658926673.825452805 2.83266534613 10.4841930865 -0.0374479254154 0.732499823904 -0.00727551368264 0.00740860136073 0.680688025095
1658926673.926239967 2.83074919215 10.5405464803 -0.0374646509264 0.738544900024 -0.00579885812674 0.00830672997228 0.674128179303
1658926674.027247190 2.82793873326 10.5955461412 -0.0342834102539 0.74401528546 -0.00566757541155 0.00575117702253 0.668113805839
1658926674.128137589 2.82997138209 10.6515194664 -0.0334952930751 0.749286274002 -0.00518689874588 0.00453832122357 0.66221037391
1658926674.228961468 2.84247455693 10.7033706984 -0.0305147073416 0.75455011973 -0.00419413071548 0.00412732701178 0.656216040077
1658926674.329826355 2.85354013793 10.7616845476 -0.0329632760703 0.761535124553 -0.00353016708996 0.00410967347781 0.648100997204
1658926674.430638790 2.88066521113 10.821027891 -0.0332993361534 0.770436691278 -0.00323436463049 0.00474860690096 0.637490622951
1658926674.531556129 2.90286382012 10.8752689941 -0.0342784838204 0.781761120891 -0.00373403699673 0.00368495071482 0.62355595416
1658926674.632402897 2.92877872023 10.923874931 -0.0343520847395 0.7951936185 -0.00310401552708 0.0030527035123 0.606339966674
1658926674.733232975 2.95321323972 10.9705066422 -0.0341038432446 0.810090472539 -0.00328033872786 0.00234284041515 0.586291034195
1658926674.834094286 2.98059772007 11.0172483532 -0.0321130073178 0.824757427987 -0.00297102391515 0.00328012477679 0.565469361485
1658926674.934968710 3.00433061807 11.0441031311 -0.0324428489639 0.841430791258 -0.00239514772488 0.00381694812591 0.540346109172
1658926675.035710573 3.01918695612 11.0632717277 -0.0303807866762 0.858330983399 -0.00269195007654 0.00327820977879 0.51307887277
1658926675.136710167 3.03070921647 11.0843871937 -0.0297770922145 0.872458200541 -0.00196641589271 0.00286469994899 0.488676390888
1658926675.237485886 3.03892330955 11.1004356843 -0.0279455572282 0.88519010806 -0.0011910041622 0.00363178927858 0.465213783338
1658926675.338392258 3.05411582528 11.1232909333 -0.0253999643772 0.896058381732 -0.00134738853242 0.00353156734628 0.443920138205
1658926675.439211369 3.07665279515 11.1475956021 -0.0238400623374 0.906577895392 -0.00255609266954 0.00347505588657 0.422016480677
1658926675.540120125 3.11103702182 11.1801082183 -0.0220374081826 0.915874593864 -0.00351344968899 0.00358576272785 0.401433090678
1658926675.640952349 3.14590027575 11.2184051281 -0.0238395925218 0.923595155774 -0.00431123629051 0.00532763352801 0.383307993385
1658926675.741811752 3.17308745347 11.2473342562 -0.0247521875774 0.930643735319 -0.00414496518782 0.0057668796523 0.365857622955
1658926675.842701912 3.19633208286 11.2685714854 -0.0281989625162 0.935902210146 -0.00443976992843 0.00420543336642 0.352206836698
1658926675.943562984 3.22162403498 11.2923560159 -0.0285023350638 0.939748177932 -0.00406180127692 0.00399007741359 0.341820044943
1658926676.044427633 3.24755582515 11.3142296817 -0.0295533761346 0.944574690336 -0.00426929271431 0.00337711923504 0.328251462423
1658926676.145257950 3.27346739619 11.3269500483 -0.0311198371812 0.949563385198 -0.00429730434222 0.00373089464524 0.313523509633
1658926676.246107578 3.30159652139 11.3392965735 -0.0334671419957 0.954989948684 -0.00436174852953 0.00371118296756 0.296582872372
1658926676.347324371 3.32745230121 11.3550766114 -0.0345774640634 0.959926224212 -0.00454871802995 0.00363194281076 0.280192366466
1658926676.447793007 3.36598222822 11.3737728563 -0.0355995398697 0.964829671905 -0.00406919286875 0.00291161544327 0.26282821077
1658926676.548654079 3.40653541429 11.4010237107 -0.0361982670767 0.969171347499 -0.00408929443207 0.00246046670522 0.246341476333
1658926676.649527073 3.4431952948 11.4346846143 -0.0358204804654 0.973041471793 -0.00371169456102 0.00145451340193 0.230595754266
1658926676.750350952 3.494356899 11.4651728061 -0.0338404373367 0.97567827502 -0.00204666951817 0.00101606326997 0.219195534656
1658926676.851297855 3.54343420836 11.5040054108 -0.0321892318422 0.97737225528 -0.000570176794168 0.00186042959306 0.211517583925
1658926676.952064514 3.59960243408 11.5410373261 -0.0307848507904 0.978271387189 0.000229545716939 0.000605281940567 0.207327455851
1658926677.052991867 3.65611463218 11.5766908239 -0.0322299724727 0.977827096675 0.0024808944643 0.000231221463611 0.209399046578
1658926677.153738976 3.71000813036 11.5968650977 -0.0348497068366 0.97853094133 0.000176018808033 0.000856092878145 0.20609811494
1658926677.254692554 3.75947736794 11.6205057758 -0.0355224025319 0.981178430421 -0.00043294197257 0.00364260123781 0.193068463748
1658926677.355538130 3.81806361255 11.6396901516 -0.0362174884472 0.984004680116 0.00326809174628 0.00641247850385 0.177997160665
1658926677.456404209 3.87581293341 11.6631118836 -0.034778671259 0.987474247867 0.00196477855934 0.00611771280759 0.157649367381
1658926677.557240486 3.93661021793 11.6836618633 -0.035725762622 0.989908323615 -0.00107547937779 0.00543713643142 0.141600818249
1658926677.658087730 3.99228289458 11.7023816897 -0.0335620998107 0.992050541419 -0.00224979748858 0.00371288255189 0.125765162842
1658926677.758962870 4.04189008856 11.71238363 -0.0334348499599 0.994199443751 -0.00333314964863 0.00424667094799 0.107416581328
1658926677.859801769 4.09306051112 11.7200371621 -0.0347185849033 0.99580088944 -0.00356884470378 0.00222747132653 0.091448839851
1658926678.048570871 4.18038994859 11.7044439106 -0.0345742770811 0.997465770699 -0.00120605406218 0.00360359702404 0.0710464341532
1658926678.148883820 4.21856185622 11.6960247334 -0.0364713330838 0.998395170972 -0.00344669797815 0.0047559698622 0.0563256922111
1658926678.249743462 4.25296735144 11.6830418775 -0.0422591969845 0.998972819354 -0.00722603649733 0.00771194015137 0.0440637784029
1658926678.351765871 4.2993609885 11.6742331199 -0.0397527937474 0.99939779945 -0.00958744738732 0.00769011299883 0.0324496759585
1658926678.367359400 4.31048241479 11.6867755032 -0.0458238236007 0.999495486059 -0.00705618658255 0.00870311148807 0.0297193443461
1658926678.468139172 4.36192825051 11.6890957315 -0.0476850599348 0.99978877953 -0.0102907202928 0.00819335952533 0.0157913349813
1658926678.569020510 4.41997568943 11.6832142626 -0.0502902663947 0.999883155201 -0.0106176560931 0.00710525080461 0.00839385098186
1658926678.669764757 4.4661788107 11.6850398084 -0.046832295179 0.999923186034 -0.0104034003386 0.00668981738782 -0.000798521048317
1658926678.770728111 4.50186096951 11.684605053 -0.0402796195898 0.999852825362 -0.0104618940807 0.00568528834325 -0.012351270516
1658926678.871597767 4.54502668299 11.6775016857 -0.0445236118613 0.99982429976 -0.0106626747046 0.00481091351332 -0.0146469139741
1658926678.972473860 4.59448062358 11.6773620463 -0.0538726034248 0.999863978689 -0.00929601425575 0.00358385689812 -0.0131439799793
1658926679.073245764 4.64327009911 11.6732565783 -0.046778827796 0.999869727862 -0.00862927419487 0.00121291281339 -0.0135864555561
1658926679.174165487 4.69302474175 11.6731207351 -0.0449093095138 0.999868823242 -0.00926211319361 0.000437189283708 -0.0132800012202
1658926679.274992943 4.74301103201 11.6627366713 -0.0414977104699 0.999838350676 -0.0105758298301 -0.000476184082782 -0.0145326387566
1658926679.375870943 4.79798419795 11.6597074851 -0.0354927281386 0.999859401708 -0.0117903820377 0.000727091157061 -0.0119010522793
1658926679.476714849 4.85041563371 11.6616939589 -0.0382828234464 0.999885465517 -0.00998771272994 3.08305688782 -0.0113710374108
1658926679.577587128 4.89523972948 11.655687599 -0.0386589339922 0.999903881766 -0.00900585445859 -0.000449631900879 -0.0105318396387
1658926679.678448200 4.93733116837 11.6539140338 -0.0437473236011 0.999878347184 -0.0100646679096 -0.00105342503647 -0.0118694392777
1658926679.779302359 4.97531482199 11.6492244029 -0.0484213500068 0.999898282265 -0.00818062405535 -0.00178640217118 -0.0115460504561
1658926679.963290691 5.0309524786 11.6493911474 -0.0522978094521 0.999850470348 -0.00857763541974 -0.00174970562569 -0.0149130696177
1658926680.060094357 5.04950227233 11.6528436552 -0.048350456164 0.999873894241 -0.00787335656775 -0.00214015775469 -0.0136244484445
1658926680.083324194 5.05476029186 11.6528756139 -0.0473973331944 0.99986387498 -0.00704915855432 -0.00158129227455 -0.0148337584075
1658926680.184202909 5.07520804589 11.64970342 -0.044805758435 0.999860578452 -0.008083609787 -0.00273788112731 -0.0143521049858
1658926680.362946749 5.11823208792 11.6437366414 -0.0400886837383 0.999889477909 -0.00785088247295 -0.00180551776485 -0.0124954278416
1658926680.465614080 5.1447057438 11.6427089491 -0.040603654276 0.999882872628 -0.00785403227978 -0.00328665185316 -0.0127182201003
1658926680.563975096 5.16347598711 11.6388753039 -0.0431024319648 0.99992164556 -0.00842014514921 -0.00158999620555 -0.00912555802143
1658926680.589642286 5.16942782745 11.6431443407 -0.0450410589129 0.999921528361 -0.00772020504841 -0.00156316868364 -0.00974125547823
1658926680.690569162 5.19191977057 11.6412799419 -0.0474778511672 0.999927161378 -0.00810662853604 -0.00156217533237 -0.00880421033448
1658926680.791220903 5.21441060268 11.6398558239 -0.0477665091973 0.999925794646 -0.00873738223092 -0.00151819710538 -0.00835215131198
1658926680.892214060 5.23969524271 11.6363725292 -0.0489142037595 0.999927320784 -0.00793381269181 -0.00142777213342 -0.00896488884495
1658926680.993090630 5.26097101158 11.6354780084 -0.0514802829772 0.99991589347 -0.00796624418068 -0.000778551877927 -0.0102048418394
1658926681.095267534 5.28538020724 11.6354135895 -0.0482203856491 0.999929098864 -0.00752455537994 -0.000223271224303 -0.00922650857079
1658926681.194621325 5.3065058128 11.6394463731 -0.0474278382509 0.99991653035 -0.00687630715124 -0.000669081176944 -0.0109179239754
1658926681.295629978 5.33004422384 11.6396805536 -0.0429325554461 0.999926545907 -0.00661164925753 0.000414850962711 -0.0101497183625
1658926681.396510839 5.35351711149 11.6414509669 -0.0397644232446 0.999932502235 -0.00645896255535 0.00125392775679 -0.00957603481192
1658926681.497684240 5.38099738059 11.6413439433 -0.0386674139916 0.999921169359 -0.00659798426922 0.00173010155527 -0.0105417464852
1658926681.598222017 5.40312731246 11.6392997523 -0.0376182389985 0.999927690438 -0.00547452334527 0.00238976460036 -0.010437073997
1658926681.699148178 5.42328549422 11.6362657435 -0.0352382745941 0.999931720884 -0.00597308806618 0.0026265761246 -0.00969416769285
1658926681.800077200 5.44732166385 11.6363396255 -0.0351030074256 0.999927846836 -0.00540451938377 0.00360563125984 -0.0101040445139
1658926681.901003122 5.46776275021 11.6379257552 -0.0328004526627 0.999929719864 -0.00601612919064 0.00396302551384 -0.00941572886648
1658926682.001658440 5.48814114535 11.6367198909 -0.0342439955853 0.999933419567 -0.00554742157055 0.00469822785945 -0.0089615401745
1658926682.102520466 5.50850286945 11.6352285857 -0.0327982899171 0.999940636147 -0.00516382407864 0.00569548917145 -0.00772143154554
1658926682.203388453 5.52230557654 11.633568903 -0.0334793795517 0.999945717503 -0.00558194784655 0.0057105810085 -0.00669276999361
1658926682.304103136 5.54453308426 11.6324040108 -0.0332612368255 0.999958465537 -0.00533097699269 0.00570424731254 -0.00470206853834
1658926682.405056477 5.55889550786 11.6338714001 -0.034529284406 0.999962293933 -0.00519220333924 0.00549422677665 -0.00427378146205
1658926682.505891562 5.58026177349 11.6329029617 -0.0355712962881 0.999965046155 -0.00512869819018 0.00534732889014 -0.00387414467578
1658926682.606769562 5.6020248653 11.6302601117 -0.0367842483873 0.999964261513 -0.00509412482072 0.00599161497518 -0.00310260180629
1658926682.707634687 5.61936167338 11.6301148424 -0.0382514855953 0.999966254033 -0.00500736827548 0.00586298361944 -0.002835926727
1658926682.808495045 5.64387178465 11.629878553 -0.0433966683539 0.999960482673 -0.00503401301429 0.00689723221883 -0.0024738620316
1658926682.909372091 5.66395380458 11.6275303321 -0.0412213612451 0.999959024112 -0.00517038342986 0.0064304879675 -0.00372371542716
1658926683.010246515 5.68288371575 11.6400468313 -0.0409183696282 0.999968718574 -0.0044173142435 0.00647727362444 -0.00104600897166
1658926683.111088037 5.7024081635 11.6417451489 -0.0400241005837 0.999970574798 -0.00435354576638 0.00600891162053 -0.00194657589608
1658926683.211851597 5.71845861833 11.6482614412 -0.0399934962257 0.999972698323 -0.00351516164135 0.00559527601583 -0.00330743603083
1658926683.312803984 5.7348721114 11.6545676503 -0.0355652797432 0.999979751543 -0.00268694651504 0.00528695388262 -0.00230758339077
1658926683.413578749 5.75127999762 11.6609965354 -0.0352677945593 0.999977752935 -0.00207870613199 0.0055009949647 -0.00314828052933
1658926683.514520168 5.77166024878 11.6601912023 -0.0361264578957 0.999970778427 -0.00202163130872 0.00598549194637 -0.00430455399496
1658926683.615295649 5.78983730056 11.6581118419 -0.0382376654546 0.999942694014 -0.00187851943094 0.00669629307125 -0.00813876597879
1658926683.716227531 5.80996560831 11.6514834922 -0.0386257703633 0.999891052833 -0.00219170088413 0.00650507362932 -0.0130676290124
1658926683.817058802 5.83039127451 11.6457420519 -0.0368966472155 0.999833628169 -0.00246264471915 0.00661565197694 -0.0168191709634
1658926683.917944908 5.84885518059 11.644708879 -0.0379884747036 0.999729231034 -0.00290097042369 0.00643334540481 -0.0221734312536
1658926684.018795490 5.86280208636 11.6412524605 -0.0356297079542 0.999633643857 -0.00275962479868 0.00569126786218 -0.0263167629297
1658926684.119663715 5.87568528753 11.6392053276 -0.0354061417799 0.999545108148 -0.00244739798703 0.00648362940567 -0.0293521646542
1658926684.220520496 5.88702067389 11.6313639788 -0.0349920519585 0.999515747515 -0.00219699592111 0.00692538565835 -0.030256944838
1658926684.321411848 5.90287373445 11.6281380803 -0.0344879626967 0.999543080829 -0.00218923353657 0.00710389907967 -0.0292979767277
1658926684.422240496 5.91762697628 11.6318970745 -0.0367169481167 0.999472082254 -0.00194887668071 0.00698927447414 -0.0316687340519
1658926684.523102045 5.93210089998 11.63559215 -0.0381339783276 0.999448409965 -0.00311301070265 0.0069411697576 -0.0323265393444
1658926684.624047518 5.94109613247 11.6433926841 -0.0350044104647 0.999513145418 -0.00208624764736 0.00657502828468 -0.0304284194611
1658926684.724811554 5.9555700376 11.653170157 -0.0356960511647 0.999688066596 -0.00266137861585 0.00587737669267 -0.0241276399941
1658926684.825642824 5.97121663285 11.6546171971 -0.0351523882672 0.999797445091 -0.00216398206379 0.00590708711198 -0.0191178527158
1658926684.926537275 5.98884974604 11.6598714177 -0.0327262135297 0.999900663841 -0.00256748389303 0.00485546674472 -0.0129805592877
1658926685.027349710 6.01730596561 11.6601550957 -0.0328257899414 0.999956489683 -0.0021544027891 0.00387625725285 -0.00820682144453
1658926685.128206968 6.05904621787 11.6621090845 -0.0334783312066 0.999971625816 -0.00207145558277 0.00391571051494 -0.00609293409793
1658926685.229060888 6.09702720085 11.6553630653 -0.0353395226545 0.999957972087 -0.00325449912492 0.00280802193802 -0.00809798176827
1658926685.329999208 6.12482419216 11.6487368509 -0.0384323569841 0.999936670063 -0.00249010839194 0.00231911989343 -0.0107273904484
1658926685.430777073 6.14577860062 11.6453372005 -0.0382168891571 0.999896628302 -0.00247639250828 0.00176544973014 -0.0140528779194
1658926685.531626225 6.16485889468 11.6411041389 -0.0361751164829 0.999881000734 -0.00253021992124 0.00154425720244 -0.0151392743748
1658926685.634763002 6.18774942045 11.6361031732 -0.0353487401776 0.999862433729 -0.000906557907506 0.00115242875909 -0.0165216124448
1658926685.733384609 6.21463741656 11.6282449431 -0.0379888478371 0.999845369077 0.00038050838624 0.00111148605889 -0.0175458754798
1658926685.834594727 6.24148091871 11.6236137167 -0.0374754799152 0.999820061049 -0.000768084212844 0.000619118280049 -0.0189439241563
1658926685.935081720 6.26212078446 11.6232518953 -0.0359857831673 0.999792386588 -0.00391154868742 5.05108444151 -0.0199970874909
1658926686.035934925 6.29014942509 11.6191528214 -0.032505181109 0.999767511524 -0.00642503653506 -0.00164665822144 -0.0205165865154
1658926686.136736155 6.3190696716 11.6142745033 -0.0331054221869 0.999711350925 -0.00551288460891 -0.00234793862544 -0.023266072269
1658926686.237979174 6.34547318602 11.6268633599 -0.031353318513 0.999727508256 -0.00584396510013 -0.00239746243575 -0.0224724160144
1658926686.338505507 6.37141077431 11.6235787703 -0.0301849153808 0.999737789744 -0.0028975375635 -0.00360312129047 -0.0224270718284
1658926686.439356565 6.39966264451 11.6245537333 -0.0278966032907 0.999722558968 -0.00427227634845 -0.00408765203063 -0.0228000843257
1658926686.540197134 6.41939090928 11.615088832 -0.0266500217128 0.999734480846 -0.00221160936965 -0.00434894400811 -0.0225202859279
1658926686.641073942 6.43419123547 11.6124068762 -0.0276637265263 0.999686478986 -0.00817794067151 -0.00608718780189 -0.0228694373048
1658926686.741980314 6.44594614444 11.6211976542 -0.0265305786841 0.999768649107 -0.00772048749748 -0.00591914664282 -0.0191834834987
1658926686.842801094 6.45429725361 11.635830553 -0.0263405207023 0.999929224634 -0.00416731975548 -0.00533607609158 -0.00978291680516
1658926686.943665743 6.46504809116 11.6525283139 -0.0270850471469 0.999959818167 -0.00656731754531 -0.00568579019224 0.00221453846421
1658926687.044494152 6.48063708633 11.666566694 -0.0251733368866 0.999848914538 -0.0052920735511 -0.00618843910096 0.015357254832
1658926687.145340919 6.50421083726 11.675921246 -0.0263594319517 0.999569144617 -0.00517100616651 -0.00595428950795 0.0282724647355
1658926687.246225119 6.53214011829 11.6756182844 -0.0270093458789 0.999294494137 -0.00461843201302 -0.00578799214397 0.0368196037374
1658926687.347093821 6.5704310056 11.6715920533 -0.0283486804805 0.999235074392 -0.0035925915085 -0.00529658390936 0.0385785638534
1658926687.447941780 6.60995280894 11.6607690112 -0.0268319760791 0.999337290819 -0.00527985883103 -0.0051068483811 0.0356514006471
1658926687.548784018 6.63909131281 11.6555586743 -0.0277022097144 0.999455089803 -0.00363191823982 -0.00462686582828 0.0324796051165
1658926687.649566889 6.67332129006 11.6521769687 -0.0278049760069 0.999437019401 -0.0049177907853 -0.00467463647524 0.0328573790602
1658926687.750518084 6.70445957166 11.6574582168 -0.0297849132659 0.999280424067 -0.0055976391646 -0.00511834837395 0.0371631944566
1658926687.851420641 6.72827240313 11.6604567108 -0.0322139326821 0.99884928372 -0.00494784771971 -0.00536302197977 0.0474011097993
1658926687.952213287 6.74838631839 11.6614792939 -0.0360066359561 0.998050319509 -0.00310019647063 -0.00486124797855 0.0621475403978
1658926688.053100348 6.75829672801 11.6648376516 -0.0375397842016 0.997185168495 -0.00139745638095 -0.00443236149382 0.0748340899664
1658926688.153977156 6.77120387112 11.6634490508 -0.0381189378697 0.996329014943 -0.00180113431631 -0.00406713425421 0.0854909838327
1658926688.254803658 6.78750000231 11.669639234 -0.0400846780839 0.994994130955 -0.000529726788308 -0.00416133148945 0.0998452906993
1658926688.355651617 6.81256407282 11.6830557695 -0.0387439223842 0.993205085151 -0.00177539933739 -0.00413185654443 0.116290302904
1658926688.456484318 6.84824046506 11.7024811416 -0.0394457530208 0.991379064595 -0.00180760478219 -0.00357574640879 0.130963723547
1658926688.557384729 6.89514069652 11.7174479927 -0.0431370822454 0.989472674758 -0.00333936940693 -0.00181028441507 0.144669960219
1658926688.658250093 6.94298513774 11.7383629442 -0.0479907282236 0.988587476129 -0.00204854410471 -0.00126718979075 0.150628681657
1658926688.759140253 6.9892050237 11.7574292428 -0.0445372069099 0.988336753513 -0.00628625269157 0.00100456594417 0.152151028683
1658926688.859987974 7.03684685654 11.76621622 -0.0467746189404 0.988902117894 -0.00580274449663 0.00163722023389 0.148446114432
1658926688.960823774 7.08598510425 11.7824797217 -0.0424809651925 0.989157045875 -0.0103966396795 0.00239393689145 0.146473606993
1658926689.061525106 7.12818142847 11.7990228478 -0.0368536366904 0.98964278607 -0.00552552721722 0.00203514512982 0.143431107895
1658926689.162488222 7.16856691118 11.8194412666 -0.0448604067669 0.990962699979 -0.00715647734217 0.00182182944119 0.133934286199
1658926689.263235331 7.21611015074 11.8429105175 -0.0383254259138 0.992677048315 -0.00484753288975 0.00283643006749 0.120667865808
1658926689.364220381 7.25974112644 11.8703468558 -0.0392885754862 0.994448043813 -0.00623657299663 0.00163673016379 0.105031016506
1658926689.465105295 7.297474345 11.8833735862 -0.0325230659721 0.99617199156 -0.00733343231241 0.00341126428679 0.0870399177251
1658926689.565929651 7.33934203756 11.8888489412 -0.038556775507 0.997595730561 -0.00400151799346 0.00302742786257 0.0691200470255
1658926689.740186453 7.3896494688 11.8925986437 -0.0379815271874 0.998378399529 -0.000317407927874 0.00238082341666 0.0568753222994
1658926689.768301725 7.39806832263 11.8835614054 -0.0374219051459 0.998636557012 -0.001599342671 0.00143111876326 0.0521576552463
1658926689.952140331 7.45121920351 11.8727630991 -0.0340821528854 0.998660198483 -0.00790274618547 0.00226190194135 0.0510904919448
1658926689.970882654 7.46158991767 11.8686325544 -0.0337757113222 0.998526091243 -0.00538060941532 0.00287789019012 0.0539296940172
1658926690.147256136 7.50897661364 11.8599409514 -0.0329426380626 0.99856579603 -0.00300816495888 0.00173420643326 0.0534255975238
1658926690.248181581 7.53220192809 11.8607044819 -0.0361355085444 0.998459203463 -0.00295945785205 0.0016012069416 0.0553885977914
1658926690.349690199 7.54160122382 11.8603165568 -0.0343908168144 0.998547436337 -0.005008499701 0.00209707413299 0.0536053597721
1658926690.450904846 7.53900109916 11.8697800381 -0.0321459848231 0.998555412188 -0.00425935482562 0.00406578065962 0.053408015443
1658926690.477318525 7.54736980439 11.8745548295 -0.0348193271921 0.998577685156 -0.00529766360105 0.000257485595026 0.0530516273989
1658926690.578351021 7.55439563682 11.8783385217 -0.0334487122647 0.998534945501 -0.005056481863 0.000709305449561 0.0538692072568
1658926690.679306269 7.56199741222 11.8809887667 -0.0345851233933 0.998536295305 -0.00395869036738 0.000770757121876 0.0539351616489
1658926690.780068398 7.56662104615 11.886247617 -0.033425361182 0.998582338477 -0.00457191335316 0.000826085911653 0.0530257340609
1658926690.880922079 7.56726295939 11.8889138325 -0.0322988645536 0.998509791039 -0.00529707897568 0.00101032702082 0.0543057767858
1658926690.981774330 7.5667269846 11.8898375748 -0.0311624694298 0.998534044288 -0.00572071627029 0.00102736889923 0.0538143132956
1658926691.082642555 7.56713404516 11.8912415102 -0.0279828782228 0.998599078147 -0.0046167227161 0.00136664423027 0.0526943951319
1658926691.183495283 7.5688163222 11.8943911246 -0.0273765887409 0.998573479261 -0.00332305259671 0.00118349608677 0.0532781679073
1658926691.284352541 7.56618685406 11.8897788095 -0.0277214726033 0.998560706629 -0.00464061536989 0.00124219023601 0.0534175704179
1658926691.385222912 7.55976367079 11.8886342695 -0.0285724452573 0.998541318958 -0.00449178544209 0.00118762972611 0.053792636423
1658926691.486074924 7.55629769646 11.8879243212 -0.0294803293459 0.998494414878 -0.00389642244911 0.000985073211319 0.054706041525
1658926691.586921215 7.5543849161 11.8856959507 -0.0279488778138 0.998522695303 -0.00367145876702 0.00111895434793 0.0542005101068
1658926691.687779427 7.55189753118 11.8818734004 -0.0252025652615 0.998490828962 -0.00432888643563 0.00119802283045 0.0547347235472
