1658926768.024278164 -0.0038341416707 0.00415167087851 -0.00480804539889 0.999998974094 0.0010847123197 -0.000201976504975 -0.000913464036918
1658926768.125142574 -0.000606102754686 0.00537032168125 0.00829318780278 0.999999681762 0.000327766899303 -2.31656316215 -0.000726985702989
1658926768.226041794 0.00429541885285 0.00326072822004 -0.000283028078328 0.999995923875 -0.00260572697035 -0.00108078859494 -0.000440813215744
1658926768.326793432 0.00552729844374 0.00726591161875 0.0170173669719 0.999998961553 0.000670401413253 -0.00124150729921 0.000293453604819
1658926768.427696705 0.00351838705122 0.00841777945364 0.0215174094278 0.999998766535 0.000990014898015 -0.00116745770824 -0.000351910540118
1658926768.529193401 0.00431596166648 0.00620335035484 0.0184303644178 0.999999415084 -0.000193642991974 -0.00104421444039 -0.000204818376001
1658926768.629933596 0.0150755248886 0.00206150935573 0.0117197104572 0.999997998099 -0.000315874662309 -0.000643990458944 0.00186796632624
1658926768.730280161 0.0312864895343 -0.000284836191865 0.014335672932 0.999990360864 0.000129835814866 4.83363015993 0.00438850612997
1658926768.831118345 0.0465664359128 0.000373632056413 0.00892846044648 0.999989336845 -0.000358166560048 -0.000526351758119 0.00457393343947
1658926768.932160139 0.0572890391861 0.000562927342208 0.010654084826 0.999993376966 -0.00183562289529 -0.000909999240722 0.00300805834721
1658926769.032763958 0.0680258410967 0.00186689313514 0.0142966797157 0.999996971215 -0.00142391428368 -0.00160325871861 0.00120813508117
1658926769.133579016 0.0833566408208 0.00260393738453 0.0137596780683 0.999998336695 -0.000753364916336 -0.000392169702397 0.00161407935829
1658926769.234539509 0.0933324950543 0.00809162533253 0.0160604613283 0.999997379077 -0.000719486503466 -0.000745453735409 0.00204168497254
1658926769.335409164 0.111657520765 0.0108969638804 0.015322930706 0.999998529369 -0.000614239366445 -0.000861728935008 0.00134959007474
1658926769.436270714 0.135708409393 0.0167654874709 0.018399349605 0.999992248934 -0.00102509207999 -0.00137039313166 0.00354588230797
1658926769.537190914 0.156293128365 0.0203490836193 0.0204932070746 0.999929413106 0.000656759231529 -0.000919885109565 0.0118275645615
1658926769.638020039 0.176047611236 0.0275240154818 0.0205115233537 0.999764038007 -0.00135369964462 -0.00125926300325 0.021643707193
1658926769.738856077 0.196060017654 0.0354135268718 0.024289334218 0.999336187352 -0.00187797371581 -0.00128096996296 0.0363595514223
1658926769.839732170 0.206826201847 0.036705043439 0.0286407361405 0.998858435384 -0.00264808340667 -0.00149146089788 0.0476716819517
1658926769.940576792 0.21102143135 0.0412024916704 0.0299316481118 0.998257403085 -0.00343556740679 -0.00231566586396 0.058864180577
1658926770.041440725 0.214511658905 0.043144583436 0.0241913157872 0.997538990765 -0.00163130377561 -0.00129707678948 0.0700829390312
1658926770.142271519 0.217643350294 0.0426120192921 0.0249687412565 0.996920081813 -0.00261091493268 -0.00189976140975 0.078357670387
1658926770.243155956 0.219330721606 0.0423846457393 0.0252650281504 0.996213894609 -0.00330739181568 -0.00186155308566 0.0868531632525
1658926770.343984127 0.220056653284 0.0414266760928 0.0258176769692 0.995157582198 -0.000915785330177 -0.0016656168838 0.0982739724011
1658926770.444854736 0.220528211962 0.0406168388251 0.0236243313442 0.993893112563 -0.000494065849939 -0.0017566241081 0.110332003382
1658926770.545713425 0.212898392014 0.0462389056061 0.0247212113722 0.992453021911 -0.00169203988466 -0.0017505398213 0.122601272064
1658926770.646430254 0.20322451081 0.0476735280463 0.0259262684021 0.990569211014 -0.00151505091512 -0.0015673518858 0.136995935048
1658926770.747440815 0.182305451678 0.0482979340347 0.0239981404962 0.988002680928 -0.000358410507768 -0.00171762207892 0.154426758675
1658926770.848263264 0.159395233976 0.0478338151402 0.0238822399745 0.985198045086 -0.000907026072569 -0.00149532689105 0.171411065164
1658926770.949185133 0.141088942701 0.0482477797074 0.0281857630126 0.983035067198 -5.44178064216 -0.00172106228242 0.183409627996
1658926771.050003052 0.130846602707 0.0495506691216 0.0307869131651 0.981462733139 0.000233911392068 -0.00145482228134 0.191647416465
1658926771.150841236 0.123811013808 0.0524776625407 0.0303906480919 0.981300462717 0.00065446846438 -0.00139695108383 0.19247602986
1658926771.251659870 0.120695653293 0.0505638650097 0.0292799998488 0.981903890731 9.21297917804 -0.00127537165582 0.189375590576
1658926771.355534792 0.121854053779 0.0513730313844 0.0282074117742 0.981784773971 -6.89696751542 -0.00121622939129 0.189992562032
1658926771.453477859 0.12313488148 0.0480087934956 0.027595164298 0.981620794049 -0.000480299994761 -0.00139220916988 0.190836180416
1658926771.554430008 0.120144374271 0.0505841737883 0.0256148452352 0.981840376851 -5.00268923247 -0.00136881327585 0.189703975271
1658926771.655194521 0.120071351101 0.0566479219321 0.0246217413427 0.981856583316 0.00108281211181 -0.00131978419176 0.189617339626
1658926771.756136417 0.12177666579 0.0545373834275 0.023593785215 0.981661876484 -0.000153358200034 -0.00121003822326 0.190626526346
1658926771.953496456 0.112030718547 0.0607761654115 0.0214519003031 0.981248955852 0.00234265569504 -0.00126914137762 0.192726199268
1658926772.054183245 0.101824215501 0.0606558227807 0.0181899877288 0.980475708526 0.000929663574229 -0.000926763105597 0.196635860987
1658926772.155371666 0.0943713758096 0.0556728077044 0.0202729584592 0.979290748713 0.000704183999792 -0.00105021663282 0.202455008963
1658926772.175550938 0.0964663376478 0.0467591885859 0.0229244866412 0.978424047979 0.000669826591963 -0.00142960032971 0.206600798431
1658926772.276407719 0.0893484278386 0.0406713412254 0.0222979746371 0.976749053947 -0.000459347518145 -0.00134530366269 0.214381120369
1658926772.377252579 0.0819085210315 0.036433553601 0.0207545665834 0.975502065265 -0.000907299595733 -0.00116323163457 0.219985327611
1658926772.478121281 0.0725347231822 0.0336446789669 0.0250949742075 0.97414281418 -0.000337371093398 -0.00112535484155 0.225930071788
1658926772.578962326 0.0657108465486 0.0343545193994 0.0277188033441 0.972962262275 0.00184783688482 -0.00143346355074 0.230952304317
1658926772.679863930 0.054883309264 0.0309226513334 0.0283896060856 0.971700591696 0.00145200709426 -0.00148182227563 0.23620680764
1658926772.780684948 0.0461739773049 0.0263429940217 0.0229574105469 0.970368741932 0.000995288121087 -0.000669021921868 0.241625881254
1658926772.881549835 0.0370544775613 0.0265582629247 0.0207649082672 0.968992843336 0.000782238952504 -0.000946794802524 0.247085736628
1658926772.982425451 0.0300707848628 0.0264235044912 0.0226273446981 0.967736792743 0.00189065139256 -0.00122839829463 0.251953202889
1658926773.083272934 0.0206503299314 0.0214649602353 0.0220329378346 0.966541751929 0.00184522331587 -0.00124654620782 0.256499674565
1658926773.184166431 0.00937517372854 0.0194576426924 0.022894318639 0.965215466286 -0.00019416296065 -0.000542502538594 0.261455104431
1658926773.285023689 0.00398860471876 0.0199761203505 0.0257750129885 0.9637407666 0.00106448872785 -0.00130528433183 0.266834963769
1658926773.385844707 -0.00392854798403 0.014845098052 0.0249200251302 0.962470514896 0.000466013085774 -0.00101270075889 0.27138398115
1658926773.486703873 -0.0116553187737 0.0114527711371 0.0277171407158 0.9608519982 -0.000710941232115 -0.000939130161291 0.277059650891
1658926773.587445259 -0.0201191072718 0.00814054496326 0.0261948114043 0.959369579362 0.000203918762408 -0.00106990226687 0.282150356939
1658926773.688460827 -0.0265143654837 0.00594566128018 0.0224497768409 0.957854749487 0.00134004982388 -0.00110870845162 0.287247722214
1658926773.789309025 -0.0343180412859 0.00709328446086 0.025040845338 0.956039611851 -0.000584363683895 -0.00100065044042 0.293235260139
1658926773.890128851 -0.0428430498976 -0.000909744214893 0.0236476803921 0.95459186305 0.000323286575456 -0.000963926731885 0.297914990107
1658926773.990997314 -0.0520320677781 -0.000172707930833 0.0169519891801 0.952399399727 0.00163280843374 -0.000853757016258 0.304847483892
1658926774.091812611 -0.0601666413873 -0.00526324693102 0.0167606679253 0.950473658877 0.00114012459925 -0.000902784649947 0.310801719553
1658926774.192566395 -0.0653984844759 -0.0110945722302 0.0180152956646 0.948187113923 2.96800741793 -0.00047110637857 0.317712093204
1658926774.293552876 -0.0714029971149 -0.0212585641494 0.0160764282357 0.945689187231 -0.000127813593361 -0.000494944199977 0.325071837981
1658926774.394359589 -0.0792997460765 -0.0229897047097 0.0186975348852 0.943014472835 0.000820125618653 -0.000741815043045 0.332749877728
1658926774.495163202 -0.0895043925142 -0.0245887174583 0.0160932479553 0.941132650613 -0.00108492899931 0.000259115719102 0.338035633829
1658926774.596152067 -0.101566374646 -0.0291628052559 0.0211228838484 0.938975753055 0.00134858130045 -0.00107465335533 0.343979013348
1658926774.701761961 -0.110530713916 -0.0351275213651 0.0172058257498 0.936802189239 0.0014453323702 -0.000494089327103 0.349856149192
1658926774.797869682 -0.122796451239 -0.0334969845994 0.0135351983348 0.934113407601 0.000279398396469 0.000118614609003 0.356976259165
1658926774.898656845 -0.132992688912 -0.0345685850082 0.0137327803456 0.931322193709 0.00216523312238 -0.000660833561293 0.36418930046
1658926774.999593496 -0.136109950136 -0.0361867388304 0.0142633323463 0.929350184308 0.00117318218221 -0.000380028057513 0.369197391849
1658926775.101200342 -0.138432265192 -0.0382178370293 0.0166325466965 0.92788537585 0.00125222437347 -0.000568792344954 0.372863028058
1658926775.201269627 -0.143839423039 -0.0357753742308 0.0160656517381 0.927330152541 0.00181946957327 -0.000620081922756 0.374239352845
1658926775.302209616 -0.146134812161 -0.0324486940231 0.0152184650829 0.926498102809 0.00189763470019 -0.000650130383766 0.376294089514
1658926775.403012753 -0.144933780372 -0.0327145976763 0.0153869346576 0.924761802071 0.00284623205474 -0.000834669798328 0.380534902104
1658926775.504014969 -0.148637617894 -0.0317539335551 0.0159685160461 0.922973841653 0.00202626085687 -0.000766381806287 0.384856589589
1658926775.604669094 -0.148851748837 -0.0307218480729 0.0143366161762 0.920773590097 0.00154906629343 -0.000472469728144 0.390094056537
1658926775.705554485 -0.146110069991 -0.0294423425413 0.0133753989807 0.919034997282 0.00219951215805 -0.000652375322976 0.394169266082
1658926775.806324720 -0.144595564554 -0.0212861483515 0.0152524508981 0.916266564428 0.000253833363085 -0.000125569661574 0.400568973725
1658926775.907269955 -0.143209337671 -0.0111348798606 0.0186845858403 0.912081783377 0.00136061771213 -0.000587511939776 0.410005638963
1658926776.008141041 -0.138881379547 0.00182601975071 0.0182706205025 0.906987274451 0.00263895729628 -0.000894483618455 0.421148809553
1658926776.108985186 -0.136869905101 0.0147466091171 0.0213685041929 0.901796754589 0.00134758175949 -0.000782770776192 0.432157592444
1658926776.209849358 -0.130262585494 0.0295539853337 0.0227548413274 0.897762503832 -0.000884640313382 -0.000129676190781 0.440478929472
1658926776.310707569 -0.116354709801 0.0491701983256 0.0279060258107 0.895057659207 -0.00044955988577 -0.000498530988174 0.445949925505
1658926776.411531687 -0.0929537383702 0.0751460836473 0.0310906370532 0.895292432627 -0.00259263970778 0.000162943419205 0.445471336619
1658926776.512305737 -0.0708520300256 0.101968222922 0.0302141477457 0.896758993901 0.000238175238198 -0.000997233695659 0.442518085115
1658926776.613269329 -0.050181352328 0.125442380315 0.0291651144496 0.897937441556 0.000873359376898 -0.0013262950245 0.440120244065
1658926776.714149952 -0.0310358116502 0.150690326837 0.025154817106 0.898157125075 -0.000424993984289 -0.000637578820325 0.439673960511
1658926776.815001011 -0.0164755152749 0.175715406745 0.0283294230314 0.898739823594 0.000753576459129 -0.00155989634606 0.438478880144
1658926776.915865183 -0.00672347211537 0.190935908014 0.0231961102149 0.898831385544 0.000697539427075 -0.00139638641802 0.438291802232
1658926777.016737461 0.0132570004139 0.213542708254 0.0236879397649 0.897415881333 -0.00115514739471 -0.00141918963268 0.441181807725
1658926777.117566109 0.031464147138 0.245112149483 0.0141561442654 0.897678529617 -0.00115648268379 -0.00202414302963 0.440644780812
1658926777.218456268 0.0478285318034 0.262326544295 0.0149881987407 0.898111082724 -0.00224028355544 -0.00220348117366 0.439757443245
1658926777.319298744 0.0666892821533 0.282003941084 0.0224220587459 0.898688718959 -0.00179027091872 -0.00171896771361 0.43858001151
1658926777.420148611 0.0820694135551 0.303836407765 0.0243141971206 0.898270508366 -0.000898958638524 -0.00103692890997 0.439440792886
1658926777.520918846 0.101025751065 0.325194296818 0.0243773698315 0.899402324614 -0.00104022718705 -0.000199816843924 0.437120505673
1658926777.621850967 0.11705982896 0.343137159709 0.0287742730125 0.899562308653 -0.000935172389774 -0.00137752037838 0.436789286431
1658926777.722737312 0.136468921189 0.371332358252 0.0294824244838 0.899276308529 -0.00178300378162 -0.00112990235199 0.437375885409
1658926777.823518038 0.152744795215 0.403083910384 0.0306898396137 0.896718463077 -0.00151399821197 -0.00145780049649 0.442596408258
1658926777.924231052 0.166934245559 0.432686283642 0.0316051036372 0.894034192494 -0.00223173905778 -0.00169077586624 0.447989981215
1658926778.025250912 0.179651863047 0.461508379849 0.0240801769096 0.889637135904 -0.00115253037545 -0.00167742793039 0.456663578939
1658926778.126196861 0.191151729153 0.487717563891 0.0244913387053 0.885657175366 -0.00149542128924 -0.00136437347988 0.464335299028
1658926778.227021217 0.203811499598 0.516014734201 0.0239034139176 0.881282383661 -0.00159740546261 -0.00151122621252 0.472584939179
1658926778.327865839 0.21622624975 0.543706446853 0.024965233691 0.876842654877 -0.00131806038737 -0.00175177771972 0.480772454057
1658926778.428682327 0.230609035043 0.574367196586 0.0229107633364 0.872024497552 -0.00219956367029 -0.00126439102715 0.489455655707
1658926778.529569626 0.245936970762 0.601021248368 0.0214485413597 0.867769757538 -0.00236351322122 -0.00136993150563 0.496958936931
1658926778.630395412 0.26077492452 0.629136886214 0.0238107544658 0.863509708356 -0.00220609365127 -0.00167769084798 0.504324599915
1658926778.731291294 0.273348737366 0.657186149067 0.0207381843465 0.859564853659 -0.00217821803001 -0.00170443833136 0.511019190061
1658926778.832041264 0.294853029819 0.677522102681 0.022471393755 0.857839370976 -0.00251071493372 -0.0014068084183 0.513909846962
1658926778.932982206 0.314443715349 0.704603177832 0.0279832773895 0.857349807766 -0.00302890357089 -0.00145389511958 0.514723245109
1658926779.033894539 0.330325059678 0.727973626333 0.0262343693535 0.857704033773 -0.00233210678286 -0.00142368152483 0.514136484659
1658926779.134678364 0.345821496143 0.753022183421 0.0276350120387 0.858856754801 -0.00170313816954 -0.00207646107175 0.512208807384
1658926779.235546589 0.358454311398 0.773783990122 0.024632893248 0.858777816304 -0.00103754415612 -0.00231493738619 0.512341904192
1658926779.336415768 0.371441522223 0.802702282316 0.0217718711571 0.857618626507 -0.00352129250537 -0.00115246978257 0.514272849547
1658926779.437253952 0.385602970913 0.833060943547 0.0213514160349 0.856932836595 -0.00370472491151 -0.00103137958696 0.515413741411
1658926779.538149834 0.398445591585 0.858903012979 0.0205114641976 0.855993180306 -0.00178827081744 -0.00235678226293 0.516978648432
1658926779.638860464 0.407828430079 0.884321982636 0.0210739164893 0.85369919177 -0.00460105358571 -0.000840290374889 0.520745440872
1658926779.739868402 0.418688567914 0.911349439551 0.0180416850579 0.850562986348 -0.00159937750878 -0.00247810501998 0.525864913492
1658926779.840849876 0.421806334185 0.940203580365 0.0165401674454 0.845698337377 -7.90989783908 -0.00285410733503 0.533653604853
1658926779.941570759 0.434119999434 0.973832136846 0.0184187231528 0.841278504178 0.00236148611907 -0.00404215041923 0.540581689305
1658926780.042547941 0.448536763104 1.00762164038 0.0131604474641 0.837566006937 0.00455248847193 -0.00497842907871 0.546294493946
1658926780.143282413 0.46472701877 1.03997798235 0.0148391727764 0.834219148221 0.00412058976773 -0.00520367576962 0.551393104092
1658926780.244055271 0.480680955363 1.08039026368 0.0083600526473 0.830289706225 0.00432192700521 -0.00522022063641 0.557290834287
1658926780.344966412 0.493243537336 1.12184176803 0.00716572235144 0.825488293037 0.0030414673057 -0.00443301003953 0.564393635645
1658926780.445870876 0.505344450405 1.16767043798 0.00668149101591 0.82161229326 0.00579088806603 -0.00530837265038 0.569992566933
1658926780.546700954 0.523879954719 1.20799853017 0.0123637270465 0.82132998848 0.00492699601386 -0.00301473073782 0.570424128287
1658926780.647487164 0.54125267485 1.25075888059 0.0136868133601 0.821155074363 0.000754454121388 -0.00322555185253 0.570695514669
1658926780.748239040 0.556074634826 1.29713409861 0.0153614595023 0.819573081876 0.00402736041981 -0.0013009327633 0.572959031176
1658926780.849276066 0.571215914045 1.34457280016 0.019408094977 0.817159975793 -0.000793149520529 -0.00191348540393 0.576407220157
1658926780.950113773 0.584374244745 1.38865554348 0.0215383078314 0.81597575075 -0.000979935109228 -0.000259713433202 0.578085241521
1658926781.050964594 0.603841783094 1.43711728563 0.0190063536119 0.813716628439 -0.00281902475713 -0.00624827673102 0.581221352619
1658926781.151843548 0.617850264676 1.48422377747 0.016259073568 0.810793349127 0.000790934430946 -0.0026818696362 0.585325829782
1658926781.252680063 0.634376994537 1.52980545644 0.0205555827889 0.807257669325 0.000330880033366 -0.00349598878401 0.590188718883
1658926781.353416920 0.643239679006 1.57439537251 0.0266943758199 0.803846556493 -0.00295036091461 -0.00440229359974 0.594813104089
1658926781.454405069 0.654471644379 1.62256497653 0.0209124150515 0.80094723014 -0.00101204372166 -0.00514073865537 0.598712020177
1658926781.555449963 0.666124910642 1.67250282021 0.0239595754366 0.79858038297 -0.00111587585679 -0.00408426668309 0.601873280285
1658926781.656153440 0.676063272723 1.71865227842 0.0280238434891 0.799421522281 -0.00066489215981 -0.00355697290112 0.600759632113
1658926781.756988525 0.680521529671 1.764761118 0.0276001528517 0.801586189746 0.00208915539989 -0.00486932141518 0.597855756473
1658926781.857813835 0.693834088319 1.81047855012 0.024358451549 0.800918946318 0.00177020422782 -0.00521101436451 0.598747486955
1658926781.958679676 0.709307231244 1.84955016848 0.0247040662659 0.799798774846 -0.00121831185307 -0.00498247664122 0.600246291449
1658926782.059572697 0.715700554543 1.89233157094 0.0318744823855 0.80038374048 0.00150923104016 -0.00223246612292 0.599481948262
1658926782.160418034 0.725563564137 1.94157222952 0.0374793375611 0.801783818296 0.00225721726127 -0.00497826451096 0.597589182107
1658926782.261298180 0.738780138391 1.98533913999 0.0388442396017 0.803527862663 0.000942894069166 -0.00510460736443 0.595244510985
1658926782.362103939 0.752013184009 2.03595882949 0.0396749556669 0.804752901464 -0.00243381603449 -0.00531373468685 0.593581172501
1658926782.462959290 0.769687162692 2.08702534209 0.0388488027266 0.80676499804 -0.00239541752278 -0.00582561637729 0.590838863064
1658926782.563711166 0.782747658594 2.13648021652 0.0325887589731 0.807402439343 -0.00357682065115 -0.00600514154175 0.589959698261
1658926782.664574385 0.793285194143 2.18612931463 0.0304820074174 0.807708873329 -0.00185765223326 -0.00288893743786 0.589571521628
1658926782.765541077 0.80809836484 2.22972177357 0.0273496895507 0.808121809052 -0.00180519615977 -0.00399069710549 0.588999114888
1658926782.866413593 0.818974454847 2.27650147141 0.0201973779199 0.808751798137 -0.00237307330124 -0.00397364219278 0.588131879514
1658926782.967276573 0.832577446262 2.31647269493 0.0154752858858 0.808623812305 -0.00212999865351 -0.00498940485535 0.588301027637
1658926783.068136215 0.848534085431 2.36426296098 0.0192372104106 0.807910292892 -0.00571436451618 -0.00734940713459 0.589231949993
1658926783.168962479 0.862732777141 2.40750672428 0.0194352891463 0.808252859638 -0.0047626218103 -0.00644537458292 0.588781019961
1658926783.269810915 0.871475808938 2.45378852081 0.0209628803185 0.809931425342 -0.00259669570292 -0.00581687976496 0.586489989108
1658926783.370688438 0.883979917338 2.50082856117 0.0212447743862 0.811713220745 -0.00288551224372 -0.00657624480151 0.584012049612
1658926783.471543312 0.894943789411 2.54668271705 0.0204411712352 0.813845559575 -0.00182524134884 -0.00637269964852 0.581043425532
1658926783.572436810 0.907748072316 2.59001180211 0.0205966277228 0.818084739546 -0.00298106282457 -0.00651604688149 0.575053052613
1658926783.673320293 0.918222927227 2.63143435174 0.0211992566404 0.822147218702 -0.00513554519946 -0.00886546222732 0.569182730356
1658926783.774132729 0.935979439369 2.67269884613 0.0233763825275 0.82633480351 -0.00355126516745 -0.00953768650083 0.563087216655
1658926783.874959946 0.951566314808 2.70784299899 0.0275187432855 0.829468673221 -0.000469295350051 -0.00612847480732 0.558519419271
1658926783.975836277 0.965462372271 2.74445060764 0.028371941974 0.832582276859 -0.00423410770349 -0.00738643367549 0.553835955125
1658926784.076725960 0.98343032511 2.78558085662 0.0313859003417 0.837517045888 -0.00565823427371 -0.00990831360799 0.54629205335
1658926784.177554131 1.00952485108 2.82699525712 0.0337281466634 0.839841149417 -0.00411322084074 -0.0086338750625 0.542747990656
1658926784.278422117 1.02945702939 2.86614008591 0.0322147684351 0.840366161665 0.00167624834031 -0.000868628407553 0.542015820807
1658926784.379247189 1.05169044137 2.90812639987 0.0350284245777 0.840750675057 -0.00343442000603 -0.00333530066699 0.541401314109
1658926784.480121851 1.06671471598 2.95229646306 0.0364664574444 0.842516985096 -0.00528843458175 -0.00691924929726 0.538599374558
1658926784.580880165 1.08793259438 3.00240884104 0.0371981459598 0.844501754921 -0.00450939878778 -0.00555499975593 0.535504988992
1658926784.681816339 1.11344881664 3.04930468622 0.0349819567777 0.846532079506 -0.00471799323998 -0.00604300686989 0.532282501098
1658926784.782662868 1.13863358463 3.09625008747 0.0394829194332 0.849948806842 -0.00655448291368 -0.00835569501346 0.52675824328
1658926784.883563519 1.15583228491 3.13468540753 0.0353138924436 0.854268143016 -0.00524528629292 -0.00751287207806 0.519751848051
1658926784.984442711 1.1804129311 3.1815060586 0.0379189527054 0.857432415824 -0.00365142001671 -0.00451574435242 0.514563822552
1658926785.085282803 1.20712360739 3.22365412709 0.0360219659309 0.859689567799 -0.0050246823323 -0.00435293943448 0.510773581447
1658926785.186171532 1.23159088009 3.26724843318 0.0435429522421 0.861251224239 -0.00337044365942 -0.00606220506602 0.508132087677
1658926785.286975861 1.25520949586 3.30960359498 0.0313211010913 0.861951573509 -0.00704954978139 -0.00624617343935 0.50690312101
1658926785.387814999 1.27796559818 3.35021051858 0.0285038587981 0.861559049749 -0.00504592208347 -0.00421298271102 0.507614807942
1658926785.488698006 1.29818392507 3.38938052501 0.0315699988165 0.859587146541 -0.00465925987437 -0.00714277344042 0.510918006715
1658926785.589622736 1.31788466435 3.4268652242 0.0243538404629 0.858890163942 -0.00471742294641 -0.0066822971533 0.512094502127
1658926785.690382957 1.33400754866 3.46084965483 0.0205825796589 0.858124585158 -0.00736922885403 -0.00513482364834 0.513362955811
1658926785.791289330 1.35478828002 3.49914294749 0.0157307905508 0.856545871794 -0.00777823924118 -0.00298657927294 0.516003632595
1658926785.891978264 1.37060455763 3.53594594921 0.0105552520671 0.851996263147 -0.00155321252257 -0.000257325010686 0.523545498403
1658926785.992841721 1.39037616174 3.57231396904 0.0137197377192 0.847483132067 -0.00306047658432 0.00033353946254 0.530813397624
1658926786.093714714 1.41304008291 3.61829325661 0.0164893763635 0.843497701382 -0.00200425069263 0.00281899955166 0.537121647286
1658926786.194724798 1.436302418 3.66462269302 0.0218936845988 0.839278478851 -0.00381126238018 0.00190589206073 0.543685089728
1658926786.295541763 1.45809786104 3.71283219366 0.0273626847703 0.83522177395 -0.00315867162862 0.000320135774441 0.549904090389
1658926786.396359444 1.47934281175 3.76526779726 0.03013586983 0.834244344407 -0.00456094516261 -0.000688311691992 0.551375641311
1658926786.497227669 1.49671223985 3.81637166471 0.0297190936955 0.836170883357 -0.00639621190364 -0.00347900447446 0.548420676877
1658926786.598011494 1.51567441154 3.86624007741 0.0297938898923 0.838592227152 -0.0063538051621 -0.0045179483613 0.544703858865
1658926786.698979378 1.53635631461 3.90925751118 0.0328693660186 0.838105233676 -0.00529024944756 -0.00517333839657 0.545458400902
1658926786.799793005 1.54825522668 3.95039113794 0.035999685443 0.835588429057 -0.00517287877886 -0.00634755882034 0.549294936303
1658926786.900679588 1.5658411959 3.99927161765 0.0395198688775 0.832156258105 -0.00461248342863 -0.00540721361423 0.554495670979
1658926787.001560211 1.57634064119 4.04121012784 0.0439603227675 0.82869061238 -0.00334011152723 -0.00387937294827 0.559683538326
1658926787.102420807 1.58945296037 4.08397149666 0.0445761606573 0.825662505354 -0.000890222680518 -0.000774679953435 0.564163127674
1658926787.203313351 1.59729283393 4.11583423688 0.0426824440808 0.821929086905 -0.00594385268319 -0.00322569908408 0.569549683153
1658926787.304120541 1.60823835029 4.15450680708 0.0432282175514 0.81866018877 -0.00774975112842 -0.00384627612829 0.574213063976
1658926787.405012131 1.62371882951 4.19775990952 0.0429810890458 0.814564064501 -0.0114191919742 -0.00719059998348 0.579916616549
1658926787.505850315 1.63282067018 4.23823554024 0.0372333702306 0.809776860809 -0.00824991141352 -0.00473414438635 0.586660858194
1658926787.606694698 1.64016802752 4.27133398441 0.0351390800709 0.805478762512 -0.009669151711 -0.00681570126954 0.59250655428
1658926787.707631111 1.65295749749 4.31430128984 0.0312049855745 0.803583979365 -0.00874807218394 -0.0112814835354 0.595020157197
1658926787.808452368 1.65864653428 4.33798835821 0.0307176672027 0.799417137396 -0.0031419224695 -0.00793982783634 0.600715679748
1658926787.909275293 1.66460445261 4.36760994245 0.0312178588662 0.797134795522 -0.00738074814584 -0.00732365983737 0.603711857041
1658926788.010168552 1.66133108512 4.3938779479 0.032700909029 0.796747816276 -0.00970715795653 -0.00746393223744 0.604187866527
1658926788.111024618 1.66462638278 4.41920398832 0.0315840715134 0.790815097871 -0.00233909125741 -0.00418228454105 0.612036369939
1658926788.211842060 1.67353902226 4.45197834037 0.0325446655668 0.787198617169 -0.00390431131861 -0.00288523797224 0.616680443083
1658926788.312663555 1.67522108099 4.47681109844 0.0317629953991 0.782000367451 -0.0072653360895 -0.00336019830506 0.623226563351
1658926788.413556576 1.68233319776 4.50314920912 0.0301770215679 0.775449353329 -0.0057157062152 -0.00279130462166 0.631377731428
1658926788.514442444 1.68529637424 4.52219986662 0.0325741873885 0.770799931602 -0.00526862093057 0.000740651890673 0.637055067094
1658926788.615302324 1.68682549639 4.54446355152 0.0310995672509 0.76670425636 -0.00371575391906 0.00254733074163 0.641984647448
1658926788.716156483 1.69035700957 4.57389566661 0.0263992834799 0.764114236041 -0.00878964993076 -0.00552337902995 0.644997417528
1658926788.816973209 1.68751253555 4.59474274976 0.0256983282823 0.760747380324 -0.0126114221952 -0.00209714119018 0.648922165871
1658926788.917878628 1.68928976821 4.6207721094 0.0254283859205 0.753717393243 -0.00990161349656 -0.00445237229607 0.65710899062
1658926789.018696308 1.68303446087 4.64030376767 0.029656186951 0.749230106182 -0.01311032088 -0.00485114758681 0.66216224133
1658926789.119583607 1.67678309153 4.66022692283 0.0346942374878 0.742901908673 -0.0151648271695 -0.00573474199238 0.6692039262
1658926789.220478773 1.67230838695 4.67357162899 0.0365534496761 0.737049206814 -0.0195069229998 -0.00600251090143 0.675530840564
1658926789.321137905 1.67029968133 4.68701906262 0.0490332365262 0.73081171173 -0.0153616244074 -0.00499296235071 0.682387963566
1658926789.422125340 1.66256592485 4.69165675022 0.0452965460591 0.723146519972 -0.0109941334101 -0.00411410202777 0.690594898509
1658926789.522953749 1.65937184432 4.6991083639 0.0435984540234 0.712719365923 -0.012145281797 -0.00327768505409 0.70133647727
1658926789.623831749 1.64843483349 4.70812840448 0.0436302615738 0.702503003585 -0.0140293706025 -0.00352978245067 0.711533728891
1658926789.724553347 1.64240731605 4.71577950384 0.0468145422549 0.693294439363 -0.0163956383602 -0.00577478363261 0.720444762119
1658926789.825538397 1.63014269527 4.72632436367 0.0415615106529 0.682893856569 -0.0123877871868 -0.00335673731793 0.730404857393
1658926789.926426172 1.62608833328 4.74674479676 0.0413789052998 0.674445440509 -0.0110062072124 -0.00461045095152 0.738228253945
1658926790.027284145 1.62523862346 4.76983943392 0.0447639529857 0.669993652671 -0.00714317389907 0.00111659270958 0.742331619741
1658926790.128111124 1.63376510913 4.80146442849 0.0434322254317 0.672518722414 -0.00824454710209 -0.00105194041841 0.740033437669
1658926790.228979111 1.63652833907 4.83640940785 0.0463176582263 0.674589169292 -0.00733568078378 -0.0014575061933 0.73815548236
1658926790.329854250 1.63442389574 4.86932603688 0.0382385826216 0.674224162445 -0.0086023429034 -0.00148448952165 0.738475168684
1658926790.430675030 1.62890759997 4.89610646358 0.0401751645049 0.672717348138 -0.006209180443 -0.00123323269339 0.739872485452
1658926790.531557322 1.62147905058 4.9249036009 0.0389295925805 0.669029343351 -0.00853326866665 -0.00182020612857 0.743184773734
1658926790.632396221 1.61483964876 4.95666731802 0.0369595949087 0.665088187162 -0.00804979478637 -0.00169823705289 0.746719505633
1658926790.733255386 1.6099232279 4.98717050777 0.0308395092484 0.661793210301 -0.0108410564284 -0.00324626718341 0.749601013903
1658926790.834120512 1.60081646329 5.02009602501 0.0302531968916 0.656711739545 -0.00923760774011 -0.00238272271926 0.754081348648
1658926790.934975147 1.58826711375 5.04861988095 0.0329742838373 0.649488689273 -0.00780444734689 -0.00211146778709 0.760328267797
1658926791.035679340 1.57780430705 5.07227214347 0.0281478228489 0.640626638333 -0.00960515759289 -0.00202396579954 0.767789785533
1658926791.136717796 1.56832283347 5.10774403672 0.0359032144551 0.631818773676 -0.00753946588067 -0.00113567024407 0.775078643711
1658926791.237540960 1.55612116892 5.12969427497 0.042235225419 0.621309101354 -0.00524220079859 -0.000548605440275 0.783547840874
1658926791.338438034 1.5399369622 5.15177085938 0.0446091905472 0.609839928416 -0.00542808438757 -0.00160304912879 0.792504402413
1658926791.439259052 1.52662585183 5.17123419981 0.0441070387833 0.599896925243 -0.00484618738184 -0.00144686926511 0.800061310227
1658926791.540213108 1.51633912277 5.19365246284 0.0438041800954 0.589177407396 -0.00412655186348 -0.00172016880463 0.807991333619
1658926791.640958309 1.50602234005 5.21552676319 0.038726647576 0.578795617075 -0.00404274345292 -0.000576003074001 0.815462419796
1658926791.741856813 1.49756307082 5.24249443487 0.0391519182691 0.568368595926 -0.00164963385096 -9.74626696165 0.822772391597
1658926791.842664719 1.48615565387 5.26333859019 0.0380619783947 0.557094101022 -0.00328421526763 5.70531987652 0.830442877796
1658926791.943500519 1.46914303277 5.28007180057 0.0311160249791 0.546276713357 -0.000750960337325 0.000141289025049 0.837604422469
1658926792.044413805 1.46020890934 5.29473939028 0.0281108965031 0.535955704417 -0.000724517700138 8.49729785462 0.844245788119
1658926792.145282269 1.45552108061 5.30484149556 0.0219301570045 0.525339353586 -0.00476374960472 -0.000443902723057 0.850879352913
1658926792.246113062 1.44024415751 5.31765799151 0.0303986560215 0.511827086848 -0.00837786012107 -0.00246852521044 0.859044091425
1658926792.347006798 1.42262036915 5.33302394574 0.0376952843698 0.495276634195 -0.0128521762255 -0.00309321509175 0.86863473866
1658926792.447847366 1.40848129644 5.34803434022 0.0373565493101 0.480087974479 -0.0105670896328 -0.00261680638696 0.877152794957
1658926792.548614502 1.39619333656 5.35364729103 0.0396289424322 0.465919107914 -0.00464097318855 -0.00119367346772 0.884814342894
1658926792.649517059 1.38602847887 5.3542516839 0.0445351756779 0.450557014079 -0.00727083486581 -0.00242600330478 0.892714750933
1658926792.750399351 1.38417807266 5.35305182263 0.0451714184136 0.434506429571 -0.00896041262011 -0.00190726356895 0.900622138309
1658926792.851287842 1.37109647882 5.35197835787 0.0416686310695 0.415385936157 -0.00983536459522 -0.00317157654689 0.909586571332
1658926792.952180386 1.35783792949 5.35487393971 0.04149254397 0.389782936768 -0.00887866889181 -0.00282780236886 0.92085961741
1658926793.053060055 1.35165198543 5.3519490979 0.0415573950767 0.364070159771 -0.0033996141724 -0.00301422741349 0.931360443556
1658926793.153824329 1.34839044108 5.34371324929 0.0402362932324 0.341291478137 -0.00424308440287 -0.00157823618497 0.939946611439
1658926793.254747868 1.34650595383 5.33650950635 0.034116892578 0.318427129247 -0.0026381239635 -0.000311076471321 0.947943620103
1658926793.355564594 1.34736023387 5.32931688481 0.0344475933466 0.296300548785 -0.00576970267538 -5.58734553625 0.955077322628
1658926793.456416607 1.35651012061 5.31395681488 0.0342516115537 0.275322785113 -0.00845979320486 0.000292480118475 0.961314574087
1658926793.557265282 1.37312196664 5.30194671956 0.0339093321958 0.253905662282 -0.00284045647425 -0.000481615292737 0.967224697014
1658926793.658144951 1.38953393657 5.28844130556 0.0385094014298 0.227956197889 -0.00446411172137 -0.00136452039511 0.973660198239
1658926793.758977890 1.40483751012 5.27191637728 0.0334804940273 0.201366466429 -0.00612181301094 0.000284027973162 0.979496803941
1658926793.859887123 1.41679665825 5.26572893751 0.032092625209 0.176415768486 -0.00530022961179 0.00014515614122 0.984301459475
1658926793.960706472 1.43264581928 5.25714320728 0.0427903924358 0.156338439608 -0.0032073366848 -0.000846814853254 0.987697974179
1658926794.061593533 1.44481341991 5.2389739346 0.034669897689 0.140307044892 -0.00317859450988 -0.000448824523132 0.990102837208
1658926794.162426472 1.45623602557 5.22773115418 0.0342325734414 0.123641300366 -0.0025639194661 -0.000796110993571 0.992323345169
1658926794.263264656 1.47510307328 5.21622754303 0.0300115632568 0.104119573609 -0.00344191057236 -8.45498078695 0.994558827066
1658926794.364118576 1.49080132821 5.20345588843 0.0267199003774 0.084485041739 -0.00353649183041 -0.000130204579533 0.996418463295
1658926794.464917660 1.51015502989 5.19403243341 0.0222911643867 0.066293185136 -0.00462379885887 0.00148760464833 0.997788364896
1658926794.565850496 1.52598336902 5.18774475222 0.0201074293158 0.0484109866276 -0.0016122030991 0.000544759630295 0.998826051128
1658926794.666734695 1.54943027544 5.18595280078 0.0221272557799 0.0324000284957 -0.00581221543218 0.000895071422033 0.999457680521
1658926794.767502546 1.56567357961 5.18048000225 0.0144631005263 0.0148554728806 -0.00704362881249 0.00189945757821 0.99986303776
1658926794.868344307 1.58123929358 5.17716545802 0.0140798076484 -0.00450378727543 -0.00967187001136 0.00214888061272 0.999940774818
1658926794.969310760 1.58707063475 5.1688267767 0.0108282524077 -0.0234410410087 -0.00485432108644 0.00141142386877 0.999712439177
1658926795.070164204 1.58693900402 5.16375250222 0.0120719550184 -0.0378893583339 -0.00411701655826 0.00046482531722 0.999273351309
1658926795.170922995 1.57523100989 5.15774206803 0.00878916586427 -0.0506209232324 -0.00368804010841 0.000712066713435 0.998710875805
1658926795.271860600 1.55204588064 5.15310977235 0.0026350325807 -0.0652018738419 -0.00442744717684 0.00132651401625 0.997861390033
1658926795.372691631 1.52835610753 5.14445435309 0.00776924053951 -0.083176179613 -0.0047101858967 0.00130243665736 0.996522875278
1658926795.473598957 1.50451913583 5.13543570185 0.00866200766999 -0.0940758973196 -0.00371998922361 0.00182323893487 0.99555640876
1658926795.574398518 1.47710575107 5.12379956938 0.00436630953632 -0.0924949361547 -0.000526595516862 0.000517085972292 0.995712881359
1658926795.675296307 1.45176748405 5.11141545409 0.00973388081178 -0.0869578364774 -0.0023894857209 0.00102269291539 0.996208602218
1658926795.776139259 1.42540821007 5.10611128637 0.0175889817798 -0.0833720374013 0.00121008857476 0.000131659133557 0.996517747825
1658926795.877053261 1.39810030443 5.09957007075 0.0175954426865 -0.0867050201155 -0.00393256623141 0.00226231335805 0.996223697945
1658926795.977844715 1.37361508847 5.09687675642 0.0176436241279 -0.0994046287274 -0.00534844156983 0.00259831506005 0.995029327567
1658926796.078711033 1.3494530428 5.088329974 0.0193867796354 -0.117504406389 -0.00187588549377 0.00113766111215 0.993069937749
1658926796.179495096 1.31472824713 5.07482661521 0.0171636995814 -0.139199295407 -0.00356448639149 0.00236274745261 0.990255152988
1658926796.280445814 1.28272827553 5.06500709056 0.0163909203666 -0.161959432501 -0.00372102932822 0.00294214199781 0.986786015287
1658926796.381328583 1.25323278351 5.05221611825 0.0193575715383 -0.180560404769 -0.000779120177534 0.00120028924514 0.983562856409
1658926796.482155800 1.22998539012 5.0356005256 0.0262023019859 -0.196393112939 -0.00433073181032 0.0017223281141 0.980514162844
1658926796.582995415 1.21413153829 5.0219983202 0.0232765620161 -0.211128222169 -0.00576905360608 0.00242497988541 0.97743834143
1658926796.683865547 1.2039852781 5.01634554362 0.0329996363924 -0.225386841644 -0.00423352024042 -0.000321700405839 0.974260101528
1658926796.784712791 1.20287795102 5.01498328169 0.0335632156969 -0.240772073998 -0.00405587403413 0.000521643600654 0.970573071003
1658926796.885576487 1.2076390226 5.01043943081 0.040465758033 -0.256572050941 -0.000966309091397 -0.000884710303549 0.966524219153
1658926796.986451387 1.21801160406 5.01465095032 0.0447658737598 -0.271903072168 -0.00174450335772 -0.00160086579541 0.962321730651
1658926797.087275982 1.22652213282 5.00777735825 0.0437929793461 -0.28228189658 -8.18954947607 -0.0015431549421 0.959330257434
1658926797.188091755 1.24247838659 5.00642779525 0.0492249095743 -0.286074181864 -0.000528595023794 -0.00309647413331 0.958202324619
1658926797.288970947 1.25139321591 5.00834972167 0.0456729043249 -0.292416894601 -0.00402375967818 -0.000165509036029 0.95628245917
1658926797.389914751 1.25857830301 5.01526705757 0.0553717218657 -0.30300110696 -0.000602116729668 -0.00438463332689 0.95297992719
1658926797.490715027 1.26459863072 5.01491014701 0.0557469414 -0.315178754134 -0.00272515513336 -0.000831404035848 0.949028047657
1658926797.591570377 1.27777216537 5.01800912865 0.0558663070728 -0.325535344145 -0.00254960347026 0.00055483882416 0.945526272183
1658926797.692295790 1.28450470379 5.02102573907 0.0553827998948 -0.334999866701 -0.000636840664473 -0.000825634950207 0.942217598048
1658926797.793247223 1.29277068357 5.02479910067 0.0501238913931 -0.344998283608 0.000190370508447 -0.00116731985785 0.938602570544
1658926797.894134521 1.30543452141 5.03077114572 0.0449625300194 -0.356953277675 -0.00146032973658 0.000559182658768 0.934120930238
1658926797.995009422 1.32143483741 5.04482258531 0.0416902306565 -0.369626098664 -0.00132821954446 -0.000765646122132 0.929179313591
1658926798.095842361 1.3373935794 5.05612051748 0.0365468416373 -0.382507581016 -0.00145323068665 0.00131442933751 0.923950275102
1658926798.196695805 1.35263135064 5.06585360093 0.0396353163561 -0.394120838066 0.000318933568773 -0.000505423241346 0.919058435482
1658926798.297700405 1.3700641707 5.07227206866 0.0418807739662 -0.405878623872 -0.00168545290249 2.67622558518 0.91392543526
1658926798.398475409 1.38835446003 5.08221508837 0.0340814376217 -0.419932662899 -0.00407735887186 0.00287859145918 0.907541540364
1658926798.499248028 1.40858467261 5.09536060484 0.0285864271233 -0.432512829701 0.000685217140985 0.000399074839581 0.901627430462
1658926798.600131750 1.43192316586 5.10546305724 0.0274822068501 -0.448123476027 -0.000810568619781 0.00167000828142 0.893969744614
1658926798.702754736 1.44991266081 5.11767607269 0.0296445936248 -0.460898097367 0.000775793644913 0.000144397855956 0.887452714874
1658926798.801845312 1.45095807991 5.11909129284 0.021701627143 -0.4708721206 0.00307811004445 -0.00136140247304 0.882195056585
1658926798.902715683 1.44744159898 5.11539208294 0.0139770508801 -0.475864705133 0.000687432452479 0.000465039020462 0.879518103045
1658926799.003569603 1.43158035156 5.10398208524 0.0103433351224 -0.474491806141 -0.000558848734119 0.00173668844038 0.880258028936
1658926799.104402542 1.41330520398 5.09277022548 0.0100847686617 -0.467766177495 -0.000841107919803 0.00313965231995 0.883846275272
1658926799.205284357 1.39741165092 5.08021860997 0.0147458979353 -0.460114094572 -0.000176707285011 0.00166545352389 0.887858217856
1658926799.306750298 1.39127108181 5.05367118675 0.0219778066517 -0.464415672219 0.000455624689755 0.000280901431248 0.885617184171
1658926799.406917572 1.39468026313 5.02034715735 0.0249355373395 -0.479030580765 0.0012718200867 2.03915752883 0.877797291377
1658926799.507843018 1.39953113921 4.9859266271 0.0207937563742 -0.494823197452 -0.000265555458184 0.000124235817425 0.868993623284
1658926799.608709574 1.39118188122 4.9555498085 0.0207622178183 -0.510298546549 -0.000275909287485 0.000333799063413 0.859997212694
1658926799.709537029 1.38123661935 4.91975647262 0.024159467256 -0.526166018587 0.00069812237542 -0.000631050711214 0.850381346976
1658926799.810504913 1.37868617832 4.88243524645 0.024473849657 -0.544755361905 -0.00369045790966 0.000785602828634 0.838586524471
1658926799.911293507 1.37439432573 4.84844487184 0.0295124334017 -0.562653399074 -0.00474400448724 0.0017442264877 0.826677448952
1658926800.012177944 1.36911339454 4.8133285318 0.0255880693635 -0.57747270402 -0.0027447023661 0.00156415202806 0.816403880533
1658926800.112971067 1.35711694995 4.78531972814 0.0329357826038 -0.589594097245 0.000371423366031 -0.00246595363399 0.807695847216
1658926800.213946342 1.35481372069 4.76140023337 0.0266109077517 -0.601381298788 0.00138558881608 -0.00165767823656 0.798959239082
1658926800.314786911 1.35295999982 4.73220054175 0.0246430322068 -0.614027490404 -7.47588248244 -0.00321860320416 0.789278072692
1658926800.415573597 1.34831071191 4.69914498041 0.0301051262649 -0.626105697373 -0.00125526931357 -0.00187573265429 0.779734930373
1658926800.516390085 1.34117049498 4.66420692549 0.0281161317577 -0.637719994007 0.000409036010083 -0.00207024187192 0.770265380263
1658926800.617182016 1.33634760969 4.6290114138 0.0290593321478 -0.64841334979 -0.000943683792039 0.00124854232302 0.761286856853
1658926800.718134403 1.32682826913 4.59283849541 0.0313664599558 -0.657087377055 -0.000409206808517 -0.00131082758758 0.753813168627
1658926800.818977356 1.31836199372 4.55493628704 0.0273422140006 -0.664091760656 -0.000519601657804 -0.00144150811244 0.74764950712
1658926800.919938564 1.31358372603 4.52561026583 0.0326811696454 -0.669654032505 -0.00104018515311 -0.0008245697641 0.742672010277
1658926801.020760059 1.30855256567 4.48425800317 0.0398916856859 -0.673489851743 -0.00111548965626 -0.000341528293547 0.73919554831
1658926801.121618748 1.30271727501 4.44097710498 0.042835839431 -0.675636420575 -0.000137696720317 -0.000681812110756 0.737234659633
1658926801.222444534 1.29102893019 4.38283998049 0.0408279633869 -0.676325506528 -0.000895822905788 -0.000459117152505 0.73660219653
1658926801.323154449 1.2848502013 4.33685194801 0.0379734565485 -0.673809235608 -0.00526400569952 -0.000124350562278 0.738886587231
1658926801.424144268 1.27582302572 4.28084352486 0.0346505598497 -0.672157899073 -0.0047395236744 -0.00180645736988 0.74039045938
1658926801.525024414 1.27462031235 4.22546965656 0.0361718252334 -0.672202881101 -0.00914069377685 -0.00459556041432 0.740296302288
1658926801.625831842 1.27318510804 4.16399336521 0.03328355011 -0.673978515404 -0.0142801767441 0.00317426639476 0.738606093502
1658926801.726714611 1.26543268747 4.10749885758 0.0384795869299 -0.672509552494 -0.0085167935745 0.000650859662945 0.740039149244
1658926801.827559471 1.26720960803 4.05382920522 0.0401112858719 -0.673014776501 -0.0132100359086 0.00265240540016 0.739506301736
1658926801.928394794 1.25837352902 3.99211405851 0.0459322509402 -0.674521205204 -0.0102648463346 0.000769505740213 0.738183706485
1658926802.029272556 1.25364327733 3.94169977252 0.0493731239136 -0.674620997916 -0.0141502984444 0.00585137400051 0.738005446895
1658926802.130100965 1.24858238175 3.88900154486 0.0486613633686 -0.674154604906 -0.0143902551844 0.00711975195329 0.738415735458
1658926802.231003284 1.24222801869 3.83360249419 0.0531084227955 -0.674650056276 -0.0143804524765 0.00648191422491 0.737969165305
1658926802.331873894 1.23212908699 3.78078147658 0.0589703762698 -0.674504562917 -0.0110923357307 0.00577146127746 0.738164781689
1658926802.432686329 1.2230510492 3.72603159305 0.0610447905321 -0.673930605511 -0.00631420305659 0.00272152579422 0.738762656807
1658926802.533573627 1.21760537151 3.67202449993 0.0567951024162 -0.67239289863 -0.0094667794049 0.00118541047412 0.740132937223
1658926802.634382725 1.21179333789 3.61679988382 0.0538240520943 -0.670701729631 -0.00768559042191 0.000312350894036 0.741687281816
1658926802.735258579 1.20778269095 3.56112690011 0.0532743935819 -0.666864956909 -0.00820023594146 0.00309372733429 0.745127045697
1658926802.836151600 1.20354034376 3.50913228376 0.0509598741461 -0.664012245176 -0.0120524068147 0.00374902654426 0.747615156713
1658926802.936878443 1.1956198546 3.45117135525 0.0444258154414 -0.659328208607 -0.0130764824426 0.0111049651511 0.751659496508
1658926803.037836552 1.18634012573 3.40085797525 0.0410730027857 -0.653429153122 -0.0106915422688 0.00753673713757 0.756874646402
1658926803.138730526 1.17014091898 3.34128154684 0.0392713205516 -0.648417156669 -0.00916092588875 0.00799692934583 0.761188096002
1658926803.239575863 1.15883261474 3.28524534767 0.0351472609403 -0.643526656431 -0.0115064338949 0.00802498877816 0.765295135223
1658926803.340482235 1.15528894024 3.23402693238 0.0358354915872 -0.638910979333 -0.0109704168541 0.00838052212434 0.769156796297
1658926803.441182137 1.14949511529 3.18115980001 0.0414200099113 -0.63437617772 -0.0169546259936 0.0130496239811 0.772728356612
1658926803.542173862 1.14041127938 3.13347295735 0.0447747890664 -0.631043859251 -0.0134514863144 0.00853529835648 0.775583557007
1658926803.643059254 1.13143864304 3.08651644283 0.0481736265663 -0.626925315935 -0.017781241379 0.0131755780548 0.778764970859
1658926803.743890285 1.1245926639 3.04008409262 0.0500664418556 -0.624490286762 -0.0157414834316 0.0113484895562 0.780791456936
1658926803.844691753 1.11773787846 2.99597336121 0.0526484723232 -0.621597402242 -0.0180082086851 0.013185646501 0.783018845669
1658926803.945585251 1.1085261915 2.95345174407 0.0450071475227 -0.618468933686 -0.0159942819474 0.0106476811152 0.785574304504
1658926804.046449423 1.09715242503 2.90816557581 0.0408835303513 -0.61473081655 -0.0148075576707 0.0103109654775 0.788530559592
1658926804.147190809 1.08127625446 2.86680696814 0.0405452624964 -0.610950968103 -0.0167645542939 0.0125029156609 0.791392153988
1658926804.247984648 1.0652316832 2.82218355379 0.0341708893858 -0.606858255529 -0.0138830089814 0.0102992075084 0.79462207752
1658926804.348900795 1.04521043565 2.78003010413 0.0294868709694 -0.601529013741 -0.0137320369264 0.0100802003975 0.798669309758
1658926804.449836016 1.02974849301 2.73488853942 0.0237994665149 -0.595966490791 -0.0137071386507 0.0090356311571 0.802841462291
1658926804.550746679 1.01892216085 2.69426195444 0.0225092958133 -0.590994811268 -0.010308126541 0.00623195835918 0.806585419083
1658926804.651553154 1.0048564608 2.6520617689 0.0229389298035 -0.585617214998 -0.00887400350694 0.00426239088278 0.810527952376
1658926804.752325535 0.99005236883 2.60895455275 0.0229149436652 -0.579377160939 -0.00752300281486 0.00278135116912 0.815020106437
1658926804.853280544 0.972747430282 2.5602444822 0.019754848194 -0.570746246793 -0.00572899047616 0.00350347827385 0.821099035488
1658926804.954154968 0.962919978941 2.51075962896 0.0149570733331 -0.563750686939 -0.00440460972172 -0.000385345226346 0.825933177623
1658926805.054981709 0.956261738806 2.46499335108 0.0160317165114 -0.557234524229 -0.00618376632884 0.000535022400903 0.830331957588
1658926805.155864239 0.949282330259 2.41554546208 0.0176106110214 -0.548947361435 -0.00813431124385 0.00170635453829 0.835815599106
1658926805.256714344 0.931565896086 2.37355032782 0.021526453508 -0.541824221486 -0.00974624674517 0.00319477437757 0.840429245744
1658926805.357549191 0.910603328674 2.32901502223 0.0247090826796 -0.534654416525 -0.00836244601152 0.000834895686224 0.84502900976
1658926805.458400726 0.89266335128 2.28279276569 0.0216908276551 -0.526941452523 -0.00840872557812 0.00194715489543 0.849857757236
1658926805.559346199 0.875429624173 2.24008550195 0.0238005683752 -0.519044761505 -0.00648766156317 -0.00073337669698 0.854722123242
1658926805.660146713 0.853399556765 2.19438441317 0.0232076437814 -0.510855252961 -0.00738209276306 0.00123227544887 0.859634164471
1658926805.761000633 0.828402793032 2.15414694287 0.0243814610054 -0.505523133083 -0.00746459256778 0.00184916437197 0.862778779507
1658926805.861834288 0.805946973372 2.11366709589 0.0271525973437 -0.500724781807 -0.00536010801105 -1.13689082107 0.865589950263
1658926805.962706089 0.775045368894 2.06981935262 0.0247810697297 -0.497867259074 -0.0045671622905 -0.000515651820775 0.867241066529
1658926806.063563824 0.741071727068 2.02675226081 0.0287399959113 -0.497067483133 -0.00717159773549 0.00125551825345 0.867681340742
1658926806.164422274 0.709023649288 1.98186684939 0.0268750637698 -0.49758502296 -0.00891618935676 0.00103048078852 0.867368770825
1658926806.265131474 0.679113845329 1.93833802952 0.0316452097329 -0.496957436246 -0.00513331847659 -0.00405213389181 0.867750272724
1658926806.366155148 0.648220461475 1.88982577553 0.032790990547 -0.497895178231 -0.00721307342761 -0.00282948231318 0.86720260441
1658926806.466905594 0.622325905093 1.84973396617 0.0275129154509 -0.502266940701 -0.00633950029474 -0.000219389305229 0.864689356291
1658926806.567858458 0.603324851545 1.81394249648 0.0254184892867 -0.507988581727 -0.00500620838504 -0.00173808134745 0.861347501178
1658926806.669263840 0.585415345069 1.77819421067 0.0281114808303 -0.514947848823 -0.00388317322715 -0.00174521932244 0.857210935632
1658926806.769569397 0.572382671131 1.74498233924 0.0317568425299 -0.52078876741 -0.00395692208604 -0.00359691251573 0.853668826142
1658926806.870296240 0.560100855951 1.70849460458 0.0341914033627 -0.528520745286 -0.00438486364962 -0.000403710951815 0.84890896555
1658926806.971279383 0.544794755995 1.67765735098 0.0363035459166 -0.537784310354 -0.00332897895855 -0.00478155272371 0.843062328769
1658926807.072141409 0.529052536538 1.64257346424 0.0380064115347 -0.548155873699 -0.00624570289583 -0.00177750390373 0.836350984817
1658926807.173014641 0.517348802906 1.60125217034 0.0364865469859 -0.556973352724 -0.00436183911282 -0.00329552039309 0.830512370925
1658926807.273859501 0.503662835137 1.55000760895 0.0350623677621 -0.564581175451 -0.00480264581017 -0.00390103046773 0.825354355947
1658926807.374702454 0.481432109041 1.48188131409 0.0340310057186 -0.571256135529 -0.00541493960531 -0.00518054221027 0.820737636539
1658926807.475557089 0.469683082537 1.41175330024 0.0371591917759 -0.571321703111 -0.00195648137348 -0.00639869541295 0.820698934099
1658926807.576437950 0.456359127144 1.3447790842 0.0353712103101 -0.564183156476 -0.00160040910242 -0.00680414301843 0.82562007502
1658926807.677283287 0.441077962608 1.28503915308 0.0331879619549 -0.554409662922 -0.00556750001253 -0.00647784776402 0.832200075758
1658926807.778148651 0.423049955979 1.22922430547 0.0344700928838 -0.544667171829 -0.00416723681126 -0.00543889032638 0.838624304764
1658926807.879016399 0.403216091842 1.17595234533 0.0322544060625 -0.536426229272 -0.0034579205962 -0.00749294238619 0.843906866395
1658926807.979837894 0.376569104057 1.12701086086 0.0320512406165 -0.532055175922 -0.0054423088593 -0.00552942543217 0.846674138322
1658926808.080715656 0.362160279571 1.09751714001 0.0279195789471 -0.530016878869 -0.006180694132 -0.00460077141727 0.847952085932
1658926808.181598902 0.343737780345 1.08007662699 0.0257450817495 -0.529177789058 -0.00604906961349 -0.00568083507457 0.84847039102
1658926808.282442570 0.329912515943 1.05675242455 0.0304438141747 -0.53018746941 -0.00558748215701 -0.00634295756315 0.847838306644
1658926808.383316994 0.314669998249 1.03092034913 0.0332637615509 -0.532084453727 -0.006100851737 -0.00745988722434 0.846636441333
1658926808.484130859 0.302658270112 1.00156997719 0.0286612836247 -0.533422047777 -0.00713674775923 -0.00851133375736 0.845776296058
1658926808.584905148 0.291756079471 0.974571335757 0.0295326601744 -0.533753362835 -0.0077461102854 -0.00643470909453 0.845580238627
1658926808.685872078 0.274056392025 0.948539762715 0.0229560275576 -0.534734329975 -0.00727240851399 -0.0082387400651 0.844948774532
1658926808.786724091 0.251157770016 0.916807000641 0.0192831932829 -0.534096697151 -0.0078884908015 -0.00934108141883 0.845334983307
1658926808.887587070 0.231079351495 0.881216532724 0.0123457245086 -0.534664874857 -0.00668720963834 -0.00757420698576 0.84500377763
1658926808.988342285 0.214572057949 0.854625789721 0.0062054225664 -0.532390315285 -0.00695299519076 -0.0074895916632 0.846437306636
1658926809.089303970 0.197732966098 0.820762855359 0.00387393194321 -0.530909342886 -0.00645644488429 -0.00712290666372 0.847374089854
1658926809.190867901 0.177047502526 0.784117114309 0.00274216326137 -0.52578460407 -0.00712671705366 -0.00832078953592 0.850547191217
1658926809.290991068 0.16917544526 0.751350213071 0.00384233298264 -0.519055575218 -0.00545580611208 -0.00694880877321 0.854694833301
1658926809.391781330 0.156275570614 0.719284955536 0.00773246184589 -0.509458738528 -0.00625888073143 -0.00734918253108 0.860440939092
1658926809.492702246 0.136446812178 0.67929643889 0.0128063500387 -0.501005614837 -0.00513813712677 -0.00497466106739 0.865414482312
1658926809.593542099 0.107674789955 0.639300308974 0.0106753446119 -0.492041737227 -0.00539470914919 -0.00571740531341 0.87053612057
1658926809.694369316 0.0853609403096 0.600469996134 0.0133327146323 -0.480375315277 -0.00487623858781 -0.00492383048753 0.877035651877
1658926809.795273066 0.058006246101 0.560834061948 0.01488567547 -0.467993799607 -0.00401631668339 -0.00480534936037 0.883709557121
1658926809.896137476 0.0218622274 0.512641984995 0.0133942619472 -0.456630099011 -0.00341589623037 -0.00378028673431 0.889642059348
1658926809.997019768 -0.0172999496217 0.46763964925 0.0137106632873 -0.443504912439 -0.00335908716021 -0.0040441850326 0.896256522287
1658926810.097857714 -0.0614119541859 0.422566593464 0.0147036570775 -0.426205291735 -0.00155550946317 -0.00195704136386 0.904623015226
1658926810.198720932 -0.104146990134 0.37937759866 0.0203770021167 -0.409601476457 -0.0025075382939 -0.00177807028268 0.912259382633
1658926810.299561262 -0.141529491598 0.344179556113 0.0199960745356 -0.39254100788 -0.00225863453567 -0.00118043038218 0.919730972777
1658926810.400501490 -0.172391596704 0.31610095921 0.0196295394049 -0.37126457694 -0.0011102731502 4.72225957693 0.928526455721
1658926810.501328945 -0.197025996576 0.30011626882 0.020923369785 -0.352617485611 -0.00114759889501 -0.000774768745362 0.935766526219
1658926810.602185249 -0.22001950009 0.286246413928 0.0190374670845 -0.335742793636 -0.00103460826041 -0.00204234185988 0.941950919606
1658926810.702998877 -0.244413714539 0.270167508344 0.0187062947287 -0.316937771496 -0.000376916653354 0.000149988574488 0.948446247521
1658926810.803895235 -0.265714112925 0.255795267066 0.0197766125758 -0.298876457116 -0.000565525136592 0.000548665559143 0.954291487193
1658926810.904720306 -0.287466342082 0.246832862985 0.0161700852144 -0.279721938419 -0.00105553477089 0.00161327340392 0.960079121928
1658926811.005585670 -0.305522614844 0.248394838094 0.00891633589392 -0.259410814736 0.000230014923775 0.000130726041014 0.965767031536
1658926811.106415272 -0.322633381316 0.245889393 0.00559150922531 -0.241407040908 -0.000102568280745 -0.0011615350179 0.970423248339
1658926811.207278728 -0.335464708992 0.243478527109 0.00652971764262 -0.222228053663 0.000257494386536 -0.000440782956342 0.974994580278
1658926811.308140755 -0.358796247991 0.244817745809 0.0069810343011 -0.204628515195 -6.32513206271 -0.000771347342131 0.978839400408
1658926811.408886909 -0.3776484387 0.240717361659 0.00517959913391 -0.186988247077 0.000291779932872 -0.000833466469752 0.982361753965
1658926811.509838581 -0.394786982343 0.233516027753 0.00420913611189 -0.169375095676 3.95214729966 -0.00114866247878 0.985550991059
1658926811.610728741 -0.414311340469 0.238800136393 0.0042232380623 -0.151231349829 0.000254188561057 -0.000256885717934 0.988498329906
1658926811.711548090 -0.444823507263 0.247044639002 0.00221935493284 -0.129582313832 0.00028530006033 0.00174117963166 0.991567098506
1658926811.812429905 -0.474726715571 0.249696234048 -0.00129550980622 -0.10860484673 -0.000104044731226 -0.000705681724836 0.994084744101
1658926811.913156271 -0.499670320645 0.258481434454 -0.00553633945631 -0.0940243033649 0.000129270684384 -0.000427221221972 0.995569802248
1658926812.014043808 -0.520945192806 0.26304693803 -0.0101364766327 -0.0810562225095 0.000438775559259 -0.000891648319964 0.996709035392
1658926812.114991188 -0.542981895042 0.268956155346 -0.0109685323243 -0.0647238927617 5.03351819041 -0.00162907122334 0.997901879595
1658926812.215863228 -0.562564195703 0.276348058388 -0.0128134547923 -0.0521503363869 0.00056232778751 -0.0012302979741 0.998638329211
1658926812.316765785 -0.587946926369 0.275802696366 -0.0122619864196 -0.0415812508314 0.00103121799676 -0.00187696818372 0.999132830588
1658926812.417606354 -0.619667534659 0.279452955503 -0.0109563291542 -0.0347741669013 0.000991896434667 -0.00210114795339 0.999392494786
1658926812.518433094 -0.654807619819 0.27967014656 -0.0108646375327 -0.0257425427856 0.000511846299075 -0.00158123914571 0.999667224224
1658926812.695066452 -0.709515327424 0.276227203844 -0.00861112060048 -0.0170685663871 0.000700059950966 -0.00165087910668 0.999852713431
1658926812.795585871 -0.737347846657 0.270735243072 -0.00898226759747 -0.0074438747688 0.00040637278615 -0.0020533103333 0.999970103306
1658926812.896363020 -0.763991014158 0.272619157468 -0.00825431864851 -0.000847411145996 1.17000566719 -0.00107905422178 0.999999058699
1658926812.997655153 -0.791706559151 0.277557772208 -0.0143796013526 0.00633985684826 -0.000394386583331 -0.00398517037546 0.99997188415
1658926813.098488092 -0.821241906668 0.271740085252 -0.0145033844489 0.015452585802 2.24265525728 -0.00481169091777 0.999869023782
1658926813.139976025 -0.832769631317 0.281039055349 -0.00540417935293 0.0237854792561 -0.000915170803238 -0.00300180012918 0.999712159891
1658926813.240884781 -0.868154152424 0.285430599514 0.00147698232636 0.0293903570068 -0.00104292511201 -0.00321041503186 0.999562310443
1658926813.341689110 -0.909034378369 0.295527119279 0.00618108353702 0.0361277366669 -0.000731140626146 -0.00210187412638 0.999344702393
1658926813.442586899 -0.947926390257 0.296604859587 0.0121395393549 0.0409541987957 -0.00107518091244 -0.00445969888654 0.999150493506
1658926813.543455124 -0.992312479723 0.296218972049 0.0145308767184 0.0459187762106 -0.000981717663429 -0.00180038977545 0.998943071861
1658926813.644307613 -1.03096981774 0.307210396453 0.0157154921321 0.0521905964458 -0.000383143418594 0.000161189759561 0.998637055622
1658926813.745052338 -1.07559404594 0.324732915609 0.0118723703885 0.0553141381106 -0.000748127692667 0.00264832837595 0.998465208601
1658926813.846014023 -1.12834931455 0.348150174505 0.0134314701368 0.059149377823 -0.000559184620957 0.00378492779277 0.998241810754
1658926813.947573662 -1.17933211539 0.347314052743 0.00788734256526 0.0651054886561 -0.000459137600461 0.000394600982586 0.997878203404
1658926814.047772646 -1.22740661637 0.353293254383 0.00459111379816 0.0713164659733 0.000613974453083 0.00300883544194 0.997449012043
1658926814.148580790 -1.28045660193 0.356480862141 0.00185106565563 0.0740324024662 0.000276059385877 0.00445651112048 0.997245840646
1658926814.249466658 -1.33872002774 0.354890759383 -0.00113755599742 0.0774999826837 6.45167930607 0.00811816196961 0.996959299053
1658926814.350311279 -1.39767516618 0.355575537638 -0.00453093348199 0.079700442684 0.000848444041072 0.000113723665206 0.996818492327
1658926814.451182604 -1.45010740109 0.364090752268 -0.00201196365216 0.0793366075455 0.00209680081861 0.00112786652534 0.996845040137
1658926814.552034855 -1.51213620417 0.368090836903 0.00284444623861 0.0816585992451 0.00143125110955 0.00624359937812 0.996639775524
1658926814.652845860 -1.57001900359 0.363979840816 0.00358955721994 0.0879519734506 0.00111319994031 0.00315827211962 0.996119087494
1658926814.753744125 -1.6282277218 0.366804512975 0.00376649722085 0.0892151302349 0.00162696652494 0.00591402292953 0.995993492875
1658926814.854475975 -1.68736330753 0.368414515285 0.0091353022145 0.0912064954186 0.00210288345419 0.000518570936261 0.995829646154
1658926814.955432177 -1.74841657735 0.372707531985 0.00759374869731 0.0905786452286 0.00317919810347 0.00341674572347 0.995878369871
1658926815.056286335 -1.80175037522 0.384425141067 0.00915966923895 0.0903097355593 0.00254633652943 0.00134591124315 0.995909562338
1658926815.157166004 -1.85599853863 0.390542598951 0.00798883935681 0.0885777850814 0.00379597494652 0.00564415874525 0.996046038111
1658926815.258041620 -1.90957123786 0.399294817219 0.00598943564619 0.0877298656591 0.00430457205178 0.00123269699975 0.99613423884
1658926815.358880043 -1.97202907486 0.407945578132 0.00591487598964 0.085461385066 0.00448914905221 0.00163767499128 0.996330024251
1658926815.459548950 -2.03947350846 0.414778385121 0.00569423195688 0.0834946190792 0.00379660050985 -0.000387747920727 0.996500920251
1658926815.560579062 -2.10266221102 0.425969957538 0.00341171840527 0.0835421679116 0.00279624824173 0.000760112736246 0.996500029807
1658926815.661719084 -2.15274413237 0.442726403195 0.00415695628048 0.0803791136162 0.00186488875861 0.00146390453191 0.996761544838
1658926815.762248993 -2.20574377817 0.458730450416 0.00288239086343 0.0785307970515 0.00199194389972 0.00328054303358 0.996904300378
1658926815.863198280 -2.26318210697 0.468602981033 0.00620625615967 0.0786651089347 0.00020920799238 0.00384929834783 0.996893645165
1658926815.963977337 -2.32308957114 0.475185888018 0.0103016117052 0.0789565783137 -0.000729391259464 -0.000533403304438 0.99687764656
1658926816.065145493 -2.38509372093 0.482964486586 0.0165018924045 0.0811564031975 -0.000199945533479 0.00421557947434 0.996692443601
1658926816.165728807 -2.44502378494 0.490459910045 0.0203814312835 0.082224699967 -0.00145756798851 -0.00183348711845 0.996611063824
1658926816.266566277 -2.50341482767 0.498758869724 0.0232301293963 0.084179094059 -0.000578909367999 -0.0016667267252 0.996449078985
1658926816.367334127 -2.56527014672 0.503740842691 0.0251226193154 0.0827665337191 -0.000212337726936 0.00160353124596 0.996567651741
1658926816.468307257 -2.616534652 0.512594916301 0.0234924744044 0.084378166325 0.000646058277212 -0.00167860751505 0.996432180298
1658926816.569174290 -2.66971734365 0.51586620228 0.0232848498792 0.0840472002108 0.00102571766972 -0.000266925630036 0.996461210881
1658926816.670042992 -2.72189593037 0.521371525976 0.0234362432174 0.0843933541909 0.00134002954721 0.000783670729758 0.996431308194
1658926816.770875931 -2.77477125088 0.525662228103 0.0241094528225 0.0844719227865 0.000812814396888 0.00434352689449 0.996416061376
1658926816.871722698 -2.82952623942 0.538024865344 0.0250945348241 0.0845531075897 0.00102243698201 0.00138597233286 0.996417485645
1658926816.972583532 -2.88545782682 0.558682868482 0.0289521440019 0.0839152614312 0.000505574173435 -0.00585623127901 0.996455557388
1658926817.073530674 -2.9450103249 0.566273114919 0.0272893905467 0.0835092142432 -0.000310698749838 -0.00584141533629 0.996489835608
1658926817.174377918 -3.00006097421 0.57160462623 0.0266741700813 0.0843428419638 -0.000543277359519 -0.0069088049423 0.996412694757
1658926817.275139093 -3.05371762993 0.573506214327 0.0250760280588 0.0831122362957 -0.000356643326831 -0.00324419999987 0.996534848437
1658926817.376019955 -3.10718352765 0.586966536396 0.0260167056255 0.0806251727969 -0.00105921041494 -0.00427631441278 0.996734755449
1658926817.478900194 -3.16427870175 0.593875960961 0.027613696836 0.078174662269 -0.00239934093488 -0.00440817879103 0.996927045125
1658926817.577792645 -3.22046656561 0.599297916352 0.024885564225 0.080068232411 -0.000627992451549 -0.003045937473 0.996784533412
1658926817.678566933 -3.27723886956 0.613873180569 0.0268343345989 0.0793829041615 -2.62727200863 0.000468230221908 0.996844087406
1658926817.779484272 -3.32815901141 0.627897394998 0.0265653424516 0.0834712095443 0.00105827011126 -0.00410133761797 0.99650118729
1658926817.881871223 -3.37313673826 0.638722419189 0.0233360902096 0.0843720294433 0.00192819136764 -0.00602048263352 0.996414269526
1658926817.981236935 -3.42200447039 0.652780740121 0.0242746049481 0.0876743884512 0.00200437497307 -0.00780840957228 0.996116565885
1658926818.082226276 -3.47965263625 0.660074640413 0.0264651779843 0.0919749322741 0.0027602585887 -0.00545200584761 0.99574257137
1658926818.182909012 -3.52361075842 0.666189848726 0.0268999987834 0.0976957243998 0.00459910690188 -0.0042871703444 0.99519646996
1658926818.283664703 -3.57182176796 0.669013856339 0.0280599498093 0.10071085679 0.00544174939884 -0.00299586183049 0.994896344098
1658926818.384466648 -3.61636336954 0.679767621936 0.0274463711141 0.103600119776 0.00339064563462 0.00148033946749 0.994612149181
1658926818.485378981 -3.65723205814 0.69215749036 0.0196606859845 0.10448464945 0.00268407744155 0.00225771816771 0.994520314758
1658926818.586308956 -3.68797832773 0.700962645516 0.0217342731202 0.105913364511 0.00136438266876 -0.00207462276361 0.994372261086
1658926818.687124729 -3.69823972474 0.699721958703 0.0206920060341 0.112172134055 0.0014137647411 -0.00288278368257 0.99368360315
1658926818.788025856 -3.69755860412 0.697552816655 0.0195942999457 0.111180019495 0.000819874395324 -0.00459151286449 0.993789338381
1658926818.888779163 -3.6998014307 0.69903995353 0.0239931515543 0.108304309514 0.00210612396702 -0.00140212292622 0.994114568264
1658926818.989728928 -3.69582684418 0.69693893434 0.0259926050261 0.108529067996 0.00202598836344 -0.00382976013962 0.994083834346
1658926819.090531826 -3.69409876797 0.695227758401 0.027222985929 0.107054733138 0.00241356785779 -0.00267242460758 0.994246607713
1658926819.191436052 -3.69018634776 0.691460296075 0.0313475923909 0.109295174563 0.00266301133584 -0.00478874250657 0.993994235966
1658926819.292381287 -3.69461786191 0.687394593322 0.0323083981108 0.10895057578 0.00185186175363 -0.00325254622317 0.99404012172
1658926819.393152714 -3.69615154378 0.681776055218 0.0306504249411 0.110099824666 0.00267178334086 -0.00388238273768 0.9939093607
1658926819.493999004 -3.69305186105 0.684959365425 0.0331446959843 0.109310643617 0.00244484333649 -0.00587838476385 0.993987248674
1658926819.594862938 -3.69516201893 0.682827759147 0.0331452414561 0.109206325926 0.00225422954173 -0.00493108557277 0.994004316501
1658926819.695767879 -3.69456924905 0.681805740415 0.0336380580141 0.109072422874 0.00251094525141 -0.004710787136 0.994019471744
1658926819.796584129 -3.69590333876 0.680854074781 0.0346083196641 0.109390233489 0.0023277435039 -0.0036120849372 0.993989593139
1658926819.897427082 -3.69735792091 0.677116234655 0.0340443079288 0.108849155072 0.00218576479081 -0.00540071868295 0.994041204433
1658926819.998307705 -3.69879315707 0.676814856615 0.03366074514 0.106484124255 0.00195896085984 -0.00242691122909 0.994309511096
1658926820.099196672 -3.69906301719 0.676537924116 0.0318008665487 0.107989422556 0.0023565365835 3.26600167158 0.994149249502
1658926820.200016499 -3.70152511028 0.677768091105 0.0302327463965 0.108093503984 0.00251192272941 -0.00174881127818 0.994136020019
