1658926696.113107204 0.000872252165339 0.00351013907128 0.00732766529758 0.999999655057 0.000366230268666 0.000165590869767 0.000726870228986
1658926696.213924408 -0.00153457833375 0.00104593967581 0.0118223539271 0.999998052175 -6.87036509608 0.000446070041471 0.00192144409673
1658926696.314856052 0.00331766654064 0.00208476841243 0.0178134501061 0.99999847448 -0.000806497129648 0.00151977950376 0.000301446225663
1658926696.415641546 0.016625283188 0.0120123037741 0.0164608091215 0.999995253269 -0.00152379655945 0.00226325546103 0.00143148806661
1658926696.516544342 0.0228932894501 0.0143411930421 0.0176117559479 0.999991461913 -0.00161345468693 0.00127676653622 0.00358367580089
1658926696.617362022 0.028227660556 0.0154210894698 0.0167173264146 0.999975049772 -0.00151066531579 0.00134924551095 0.00676736733777
1658926696.718249321 0.0355347587675 0.0211846375837 0.016040329068 0.999943271351 -0.000808110124277 0.00111055410224 0.0105625615977
1658926696.819071054 0.0545210184997 0.0307800425854 0.00841017086993 0.999842035801 -0.000981638078834 0.000801771560597 0.0177284233293
1658926696.919932842 0.0878811053125 0.0497022656264 0.0032806033031 0.999546168417 -0.00294023025685 0.00121278740922 0.0299556571408
1658926697.020790100 0.134615332635 0.0827542219755 0.00321124720774 0.998826432812 -0.00140921390527 0.00332373986982 0.048298281388
1658926697.121651173 0.188779948217 0.107833167161 -0.0010145154466 0.997739713366 -0.00163560700274 0.00593816058749 0.0669143288868
1658926697.222534657 0.250315068553 0.110264834399 0.00148584739953 0.996800423353 -0.000460278065688 0.00437763071057 0.0798094010537
1658926697.323242188 0.310345331157 0.115191333449 -0.00475974614506 0.996524213379 0.00247464795679 0.00414221786858 0.08316375591
1658926697.424123764 0.358179603508 0.109278280407 -0.0135170154137 0.99672241783 0.00551808162421 0.00348521847092 0.0806338999591
1658926697.525099277 0.408628557624 0.0965285606495 -0.0156932682232 0.997468162598 0.00690271932988 0.00372535467685 0.070680540474
1658926697.625925064 0.45708177957 0.0971472921773 -0.0174328270537 0.998119780787 0.00685813187648 0.00458664853539 0.060735754585
1658926697.726826668 0.509602239773 0.0927096518536 -0.0162543195204 0.998628469263 0.0099231251308 0.00461275876006 0.0511999455291
1658926697.827705860 0.561790421438 0.0840526212919 -0.0138772264163 0.999009848649 0.0124746453117 0.00399223003847 0.0425178506861
1658926697.928557634 0.612828696936 0.0833395316244 -0.0138503653313 0.999363913889 0.0116268238 0.00463376145597 0.0333933053078
1658926698.029389143 0.662391142788 0.0791734601749 -0.0169269486025 0.999690607066 0.0100736110675 0.00574437956589 0.0220048768822
1658926698.130259514 0.717007026368 0.0722541138423 -0.0179186603439 0.999909366825 0.00926891996236 0.00511033000855 0.00832044385122
1658926698.231089115 0.771769454189 0.0632301831059 -0.0164889615376 0.999909163407 0.0103367114802 0.00561334787945 -0.00658085521375
1658926698.331959009 0.822619242123 0.0492953277946 -0.0127049425117 0.999658416539 0.0116620863129 0.00609826052759 -0.0225800178157
1658926698.432843208 0.874837870001 0.0464603115891 -0.0142457196009 0.999182783684 0.0106595721274 0.00627886901914 -0.0384800482823
1658926698.533677101 0.923335685837 0.0373418313793 -0.0121217573546 0.99845278365 0.00961884130113 0.00725730980591 -0.0542848797423
1658926698.634553671 0.960275469748 0.0432417720962 -0.0190531556417 0.997790080861 0.0096448418589 0.0076981121793 -0.0652891310182
1658926698.735265255 1.01086171814 0.0558963606917 -0.0180805678063 0.997465062185 0.00952359568861 0.00802318253587 -0.0700598271964
1658926698.836217880 1.05143536929 0.0651069694152 -0.0143891467786 0.997295401556 0.00925456445367 0.00882593503823 -0.0723763631529
1658926698.937098026 1.09140433181 0.0686392475537 -0.0102372470524 0.997360452493 0.00937155234723 0.00898511540924 -0.0714392714882
1658926699.037824869 1.12969700611 0.0704018837971 -0.00687667400537 0.997536731151 0.00953967072718 0.00857364245563 -0.0689634493124
1658926699.138797283 1.16124771348 0.0658430199995 -0.00704017887362 0.997653176027 0.010101232189 0.00756986444457 -0.0672963789853
1658926699.239715099 1.1929170121 0.0643274761336 -0.00716423411846 0.997712373708 0.0107428004366 0.00654507844901 -0.0664211828889
1658926699.340513229 1.22862074224 0.0563784897735 -0.00204131908944 0.997945835236 0.0110767605141 0.00530711145122 -0.0628748747813
1658926699.441424370 1.24785016571 0.0549391228897 -0.00524346507955 0.998310340417 0.0117162613162 0.00474452082861 -0.0567158087187
1658926699.542293549 1.28303215762 0.0519585644783 -0.00766465895667 0.998735583098 0.0110107852148 0.00422508283022 -0.0488686641664
1658926699.643095016 1.30834747552 0.049714625763 -0.0101145502234 0.999131218903 0.0109411356615 0.00392364301491 -0.0400212942059
1658926699.743999958 1.32639108176 0.0526297329876 -0.0131352926829 0.999514383853 0.0107112600537 0.00364019788041 -0.0290347092107
1658926699.844862938 1.35037564198 0.0546024511733 -0.012999274237 0.999798677623 0.0105679337865 0.00322259937038 -0.016749264213
1658926699.945703030 1.38237415896 0.061682399458 -0.0119505013824 0.999927250753 0.0106644493065 0.00202176739248 -0.0052607203701
1658926700.046536922 1.42836233966 0.0653621157361 -0.0130470096359 0.999938785991 0.0105231629607 0.00101779447853 0.00326364928199
1658926700.147355080 1.47937301635 0.0654487459953 -0.0202768855169 0.99991362674 0.0104788927464 -0.000341754319645 0.00792559587606
1658926700.248414993 1.52853966122 0.0653784073616 -0.0176070787251 0.999899391465 0.0108922260598 0.000369664870962 0.00907908072287
1658926700.349099159 1.57801399357 0.0649074591905 -0.0171320110545 0.99992105653 0.0101582029347 0.00068615153002 0.00736347859234
1658926700.449992180 1.63308677206 0.0630009509484 -0.0179407865694 0.99992822113 0.0107143475074 0.000759327134114 0.0053083677134
1658926700.550787926 1.68539030708 0.0617408805068 -0.0188725303045 0.999931187377 0.0106841642695 0.000880482302586 0.00476381098868
1658926700.651635647 1.74369737435 0.0687783665973 -0.0164986645915 0.999927003216 0.0111150000856 0.00148957808252 0.00449735143578
1658926700.752502680 1.80316997048 0.0732640045436 -0.0118372367819 0.999911215207 0.0118446200742 0.00248056019053 0.00557794755348
1658926700.853317738 1.85606971001 0.0749452326565 -0.0137943140078 0.999893485279 0.0120251964472 0.00243606122929 0.00790432498307
1658926701.026427031 1.94233183036 0.0762890196655 -0.0139648367686 0.999877115625 0.0118112259009 0.00198656777327 0.0101144520342
1658926701.128474474 1.998010524 0.0789715560743 -0.0148670747299 0.999857996307 0.0123845555419 0.00297892890759 0.0110334032369
1658926701.230551481 2.05000991235 0.0799722049226 -0.0117347819391 0.999835999115 0.0126456483886 0.00275686775262 0.0126673647848
1658926701.333570957 2.10766870347 0.0813264518808 -0.0043001307822 0.99984321481 0.0119186183663 0.00251607155239 0.0128515258892
1658926701.436363220 2.15987758916 0.0850931880433 0.00272457940947 0.999841742418 0.0126778286073 0.0031752076725 0.0120698316851
1658926701.478250742 2.1918717877 0.0875311229127 0.00440307682109 0.999843482396 0.0121697234187 0.00274419967661 0.0125450352941
1658926701.579126596 2.24806284287 0.0918896805634 0.00345979648114 0.999826306227 0.0133380334848 0.00351475780899 0.0125339824701
1658926701.750436306 2.33445946625 0.0985166890242 0.0106513149179 0.999870652119 0.0127984588306 0.00271758271627 0.00935378147131
1658926701.853687286 2.39020624999 0.104069214716 0.0108495252243 0.999899038962 0.0119954106738 0.00229802567161 0.00726230566589
1658926701.888506174 2.42012561051 0.109549860632 0.00748037022993 0.999905738672 0.0124477451475 0.00190017594137 0.00547327533717
1658926701.989362955 2.48583533484 0.114222943398 0.00860607766095 0.999913777642 0.0122703682852 0.00151489340717 0.00442497935642
1658926702.143447638 2.57976856216 0.115546207298 0.00931679739036 0.999925541178 0.0121348719192 -0.000280214711341 0.00125636909219
1658926702.246007204 2.63370269354 0.11552023037 0.00902453971581 0.999927729036 0.0120083270991 -0.000579980450311 -2.02033179594
1658926702.347078323 2.68773541444 0.110760782322 0.00941855768959 0.999916725912 0.0127781499778 -0.000272382714952 -0.00178491822117
1658926702.399645567 2.72879538131 0.113516677138 0.0112163064992 0.999917265118 0.0126172714146 -2.53957678355 -0.00250334490198
1658926702.500444651 2.80105038381 0.11480626033 0.01227534804 0.999929022894 0.0113865302817 -0.000327696071946 -0.00349123429543
1658926702.601339102 2.87081413972 0.116633389502 0.0139563376019 0.999915711191 0.0121068388649 0.000215493727128 -0.00468492571735
1658926702.702188253 2.93106152582 0.111485064196 0.0106176347326 0.999900004818 0.0118563836499 -0.000595244574365 -0.00768454393377
1658926702.803042173 2.99469090868 0.10971078675 0.0122206402534 0.999850980537 0.0118636440309 -0.000586872864843 -0.0125270208075
1658926702.903818369 3.05391542316 0.1118205544 0.0104165181757 0.999707359485 0.0126682700308 -0.000500266110134 -0.0206024284838
1658926703.004748583 3.11485896197 0.113205048399 0.011966686376 0.999446962014 0.0114788767703 -0.0011421257992 -0.0311881557263
1658926703.105607271 3.17197495259 0.112183228061 0.0105319473459 0.998987416004 0.0113633122109 -0.00103341284181 -0.0435195342186
1658926703.206446171 3.23003742638 0.109309653721 0.00540130562495 0.998610576716 0.0114210276411 -0.00111387215849 -0.0514318528435
1658926703.352600574 3.30420950741 0.104996078684 0.00591161881571 0.998349080091 0.0113462977588 -0.00216702836393 -0.0562643741388
1658926703.437630653 3.35521116744 0.107955549496 0.0069653841855 0.998363323083 0.0114934856927 -0.00198435709143 -0.055987831145
1658926703.553790331 3.42339573639 0.0916063385637 0.0133064565938 0.99859291375 0.0116173466587 -0.00195630893532 -0.0517049583763
1658926703.653951645 3.4864053087 0.0877375706622 0.0119487514593 0.998674752049 0.0105171560623 -0.00335232592311 -0.0502681903351
1658926703.754720449 3.54857989284 0.084212485765 0.00420131147493 0.998664374 0.0150538139441 -0.00158138730004 -0.0493998988078
1658926703.855304718 3.61078760179 0.0757397402782 -0.00588472245252 0.998690074654 0.010978546453 -0.00170435000695 -0.0499469868626
1658926703.955620766 3.67487999936 0.0687755241723 -0.0121214312467 0.998597496138 0.0151193031347 0.000706458431444 -0.0507340940184
1658926704.071261644 3.74430240061 0.0600651114147 -0.00490718383683 0.998600183551 0.0182594683287 0.00171799836836 -0.049611628784
1658926704.172332525 3.80482718781 0.048747472867 -0.00498772782186 0.99856913485 0.0191339203381 -8.16969655609 -0.0499356520216
1658926704.273495197 3.86557738244 0.0384376797416 -0.00531582219974 0.998608992071 0.0170863553735 0.00193579172555 -0.0498436568182
1658926704.329706192 3.90358881956 0.040373997151 -0.00636180206469 0.998599000655 0.0163893673571 0.00214263691445 -0.0502676201486
1658926704.430564404 3.96622788345 0.0296397701362 -0.00702969170634 0.998474020485 0.0168486651713 0.00254848282424 -0.0525286410726
1658926704.547533989 4.03951553037 0.0207489277341 -0.0107794035032 0.998361449194 0.0174779850846 0.00199861154983 -0.0544512842185
1658926704.632730007 4.08709761751 0.0229229127915 -0.0104819382547 0.998509538563 0.0125389592267 0.00231667506959 -0.0530670228764
1658926704.733566999 4.15399452516 0.0173866510723 -0.00989619167681 0.998443604291 0.0124397834943 0.00264261321879 -0.0543013575498
1658926704.834424734 4.21692297629 0.0134581907819 -0.00727260293416 0.998294834326 0.0117859477649 0.00137953309322 -0.0571542831372
1658926704.935282230 4.28210365207 0.00784206795367 -0.00662698827293 0.998168768316 0.00941365366493 0.000731443105296 -0.0597491261337
1658926705.036143064 4.34992534507 0.00161819343219 0.00285365917012 0.998134835478 0.00702629511574 -0.000484604792815 -0.0606403045889
1658926705.137000084 4.41291796865 0.000691265475641 -0.00907214552348 0.998068203857 0.00846921640401 0.00149482392897 -0.0615296540212
1658926705.237863779 4.47255181858 -0.010375073269 -0.0142163332643 0.998078018444 0.00971286367734 0.00102131871532 -0.0611954760264
1658926705.338706255 4.52829612684 -0.014762625836 -0.0131031086299 0.99818137473 0.00889400136398 0.000369003039018 -0.0596213361013
1658926705.439611673 4.58383980212 -0.0259047914001 -0.0114414838944 0.998191750969 0.0100393230316 -0.000272116018352 -0.0592652195041
1658926705.540451288 4.63690080813 -0.0240086708286 -0.00556427858946 0.99799792008 0.0138098466407 7.37193126394 -0.0617206141935
1658926705.641315699 4.68471439323 -0.0284388102374 -0.00588123306404 0.997983533077 0.0129542770547 0.00126109219966 -0.0621245849859
1658926705.742140293 4.72566090962 -0.0206871301474 -0.00148278812608 0.997648765144 0.012066145277 0.00134076554146 -0.0674503661341
1658926705.843031168 4.76164476234 -0.0235167437726 0.00459342172625 0.99737318486 0.0105777643965 0.000974718248952 -0.0716511754803
1658926705.943733931 4.79794545702 -0.037165130262 0.00622427736991 0.997117268566 0.0116459229321 0.00135362782984 -0.0749646109668
1658926706.044780731 4.83286726167 -0.0490824234903 0.0112036794971 0.997062107428 0.0106118539555 0.00240011875644 -0.0758207222186
1658926706.145482779 4.87662790635 -0.0629339306695 0.0156082784727 0.996802535273 0.0105726109188 0.00176407510494 -0.0791821546254
1658926706.246388674 4.92150551584 -0.076110201839 0.00904439175735 0.996587330587 0.0107216523189 0.00268755310188 -0.081801685451
1658926706.347179890 4.97304592434 -0.0875519798868 0.00572098862922 0.996131150706 0.0114179328737 0.00394430294334 -0.0870448383061
1658926706.448145390 5.02580295115 -0.104744984983 0.00146011165231 0.995629331367 0.0105558484627 0.00400180544545 -0.0927081125797
1658926706.548998117 5.07416769871 -0.120205348512 0.00171016028029 0.994805250524 0.0106548969779 0.00303301267688 -0.101191835314
1658926706.649904251 5.12711371939 -0.133625580126 0.000357112792176 0.993709400399 0.00931070524926 0.00238574979514 -0.111576191567
1658926706.750716448 5.16590768873 -0.152011030605 -0.0145941622764 0.991987933365 0.00734574951012 0.0042632240964 -0.126046836302
1658926706.851549625 5.19257784203 -0.167071548788 -0.0191690939064 0.988833409131 0.00825451572476 0.00502093015288 -0.14871160754
1658926706.952417135 5.1852771442 -0.189053311974 -0.0240201364535 0.983245275137 0.00822012940471 0.00473924574587 -0.182040374484
1658926707.053296328 5.17960564278 -0.193269833381 -0.0172914718777 0.976737017054 0.0112227352635 0.0043211019782 -0.214103194296
1658926707.154201269 5.16930107105 -0.211486491722 -0.0158533417764 0.968137636638 0.00874821458962 0.00428546596313 -0.250229135088
1658926707.255005121 5.17372291122 -0.222510481177 -0.010932661381 0.960312351489 0.0108240491131 0.00423961362912 -0.278684504798
1658926707.355796099 5.17768405786 -0.239550060209 -0.00345069316697 0.952961873756 0.0108911580896 0.00438493525549 -0.302862711778
1658926707.456645727 5.17813545751 -0.267658594655 0.0037793876746 0.943886743149 0.00951583471189 0.00447207741226 -0.330101901724
1658926707.557488680 5.17994770912 -0.296232907904 0.00054871054372 0.934000483732 0.00886496024693 0.00590628059947 -0.35711290192
1658926707.658359766 5.1879155921 -0.321589191194 -0.00542184457839 0.923320218265 0.00874366170247 0.0063254691249 -0.383879292698
1658926707.759311438 5.19543142974 -0.329636059045 -0.00812869813376 0.915450971295 0.00856434409254 0.00568122143231 -0.402298266077
1658926707.860167742 5.21110459464 -0.318770617216 -0.00569129182958 0.91224356975 0.0096459004362 0.00557111946965 -0.409496750515
1658926707.961035490 5.22511501622 -0.298438997971 -0.00924995830373 0.911085622091 0.00972595280914 0.0056575411903 -0.412063571902
1658926708.061797619 5.24131267577 -0.30036893298 -0.0110716283303 0.912667324363 0.00935821677894 0.00573170657308 -0.40855590359
1658926708.162732363 5.26742650289 -0.310201771059 -0.0114088533061 0.914119310308 0.00914695783467 0.00556607954939 -0.405303884071
1658926708.263593435 5.2911621489 -0.318533762856 -0.00997106156076 0.914242919994 0.00920242353289 0.00597150213745 -0.405017949978
1658926708.364459753 5.30525052649 -0.33155745559 -0.00817252370128 0.913804643652 0.00916625752843 0.00608572075908 -0.406004946972
1658926708.465356112 5.31259090276 -0.34621389068 -0.0146457684271 0.91344105902 0.00851960712564 0.00608461774736 -0.406836361967
1658926708.566172600 5.31753991618 -0.350358081669 -0.00737677978561 0.913817616655 0.00828078171781 0.0063425908654 -0.405990841875
1658926708.667033195 5.32933514314 -0.350258812486 -0.00676261065777 0.915036245088 0.00829384154431 0.00486098987494 -0.403257055914
1658926708.767886400 5.3423444557 -0.357610831094 -0.00598640083496 0.916585073772 0.00842025586784 0.00491768390994 -0.399720800327
1658926708.969658136 5.36510813891 -0.364906221397 0.00358271064274 0.921755757033 0.0099013818294 0.00383307138222 -0.387625585557
1658926709.070556879 5.37611804586 -0.365545038673 0.00809044227448 0.924717001239 0.00978778848346 0.0044662495343 -0.380503244967
1658926709.171201944 5.37894407017 -0.371521579025 0.011477760179 0.9279739995 0.00981461516092 0.00378179715303 -0.372496479971
1658926709.272041798 5.38747768149 -0.371982247471 0.0121952611815 0.930143201033 0.00978772407734 0.00344101746996 -0.367050385409
1658926709.372979403 5.39666426212 -0.377751378282 0.0157416909304 0.932988751298 0.0102594271767 0.00334773546074 -0.359743695946
1658926709.473857641 5.39992764043 -0.380557139401 0.0157532653948 0.936072051941 0.0102880146597 0.00291178152102 -0.351645832987
1658926709.574758768 5.41135409085 -0.384601309548 0.0148667962064 0.940094540798 0.0102601035584 0.00347923144313 -0.340741661065
1658926709.675626040 5.43431777806 -0.389319407723 0.0122994208273 0.945013815547 0.0108317845236 0.00295100332809 -0.326837654575
1658926709.776466370 5.46030395978 -0.400418379967 0.012055384496 0.94910521934 0.0110472579036 0.00405513411426 -0.314739251764
1658926709.877326012 5.47900791165 -0.418753601136 0.0109237885066 0.952261063506 0.0110596131199 0.00347347574492 -0.305064725681
1658926709.978167534 5.50373029368 -0.440734031231 0.013306123146 0.95470217025 0.0107176460366 0.00367315242768 -0.297347282036
1658926710.079004765 5.52232410107 -0.462059177205 0.0130515138085 0.956354063949 0.0117716695079 0.00363393909634 -0.29195055515
1658926710.179889441 5.5403271237 -0.471388880126 0.0106143330655 0.958192413504 0.0113359711675 0.00439172770769 -0.285866240031
1658926710.280712366 5.56164801941 -0.482588671276 0.00869960956586 0.960261537026 0.011124948431 0.00420770757312 -0.278848186702
1658926710.381576300 5.58342831941 -0.498700700072 0.00309396410201 0.963156935257 0.0111188313501 0.0047828713556 -0.268667478116
1658926710.482422352 5.60840010433 -0.511877447462 0.00276197086778 0.965958842861 0.0109253257177 0.00482541242722 -0.258419942247
1658926710.583336592 5.6294895778 -0.526079207007 0.00489688072843 0.968049248163 0.0116682367252 0.00388492994169 -0.250458405134
1658926710.684145689 5.65222908149 -0.54105270174 0.00526134265623 0.970272543891 0.0113134721496 0.00391357589579 -0.241718596395
1658926710.785022259 5.66959571679 -0.547585448 0.00550871309083 0.972476452099 0.0118267223431 0.00350907782376 -0.232674375735
1658926710.885851622 5.68862495912 -0.551671660842 0.00711284470466 0.97505400341 0.0117347318912 0.00361229442703 -0.22162792656
1658926710.986709833 5.70419125174 -0.548992951586 0.00712017039197 0.977542471351 0.0124269911623 0.00393721126075 -0.210334935192
1658926711.087773561 5.7196770257 -0.551212395418 0.00719262723521 0.980880224822 0.0115378926484 0.00305529713234 -0.194246046925
1658926711.188447714 5.73236199305 -0.550756679235 0.00913035804489 0.983299323297 0.0125351870431 0.00288801583179 -0.181540544383
1658926711.289304495 5.74746709607 -0.559768763419 0.0084760441635 0.986282972243 0.0117930453464 0.00268302944223 -0.164619634608
1658926711.390145063 5.76068673219 -0.564014712843 0.00865272404782 0.988514711546 0.0121736657025 0.0023093238553 -0.150615848916
1658926711.490967035 5.78029665333 -0.570005193734 0.0112471172706 0.991013588281 0.0122504761897 0.00182970546778 -0.133186507772
1658926711.591904640 5.80203449916 -0.573027502714 0.0103407278281 0.993151439862 0.0126143401986 0.00158090865946 -0.11614041781
1658926711.692735434 5.82398189762 -0.576058070069 0.00727650769239 0.994669227675 0.0118423375503 0.00185016254054 -0.102418081689
1658926711.793568134 5.84805092799 -0.574954581215 0.00768431217643 0.995679892397 0.0121901730575 0.00198955864074 -0.0920271330268
1658926711.894427061 5.87337675694 -0.570231454198 0.00608050203543 0.996487049628 0.0122707358035 0.00186580151148 -0.0828221452919
1658926711.995286226 5.90459233198 -0.570749225787 0.00119491314697 0.997324575729 0.0130013870566 0.00171963518724 -0.0719145147801
1658926712.096149206 5.93367572789 -0.567393158988 -0.00097188774836 0.998005828418 0.0123350554649 0.00269456797946 -0.0618461975625
1658926712.197022438 5.96579157821 -0.567571344198 0.00177102399419 0.998602840393 0.0127141082266 0.00256549082865 -0.0512263298265
1658926712.297860861 5.98870898527 -0.564921180332 0.00327294742637 0.99906774419 0.0132344489312 0.002941474892 -0.0409858464153
1658926712.398736715 6.00867335772 -0.563322040302 0.00616870119161 0.999377997061 0.0127151507303 0.00294037903885 -0.0327612286703
1658926712.499577284 6.02257007911 -0.561309702118 0.00604152594098 0.999631921149 0.0132096774505 0.00286446587545 -0.0235227863453
1658926712.600305796 6.02908312915 -0.558265542564 0.00927041076317 0.999818308273 0.0128375442301 0.00302242969645 -0.0137627329537
1658926712.701317072 6.03142424636 -0.557182888367 0.0100711775594 0.999878443206 0.0132668332751 0.00276915811474 -0.00770854784672
1658926712.802184343 6.02881570569 -0.551820305485 0.0098134413473 0.99989607939 0.0140247117531 0.0031869844139 -0.00099046002905
1658926712.903145075 6.03377660442 -0.551464547172 0.00866904841597 0.999850497115 0.013717405266 0.00273433378796 0.0101656101452
1658926713.003865242 6.03552728479 -0.550424034729 0.00833785153034 0.99966492466 0.0136235328629 0.00250432857857 0.0218670092842
1658926713.104711294 6.04364129339 -0.548662537827 0.00858123598995 0.999197840649 0.0137051914061 0.0023267217815 0.037555683144
1658926713.205398560 6.04355068636 -0.542599394068 0.00822132646306 0.998453863202 0.0138223255712 0.00176045856667 0.053811961102
1658926713.306448460 6.03984199527 -0.535426667418 0.00895684413634 0.997445701693 0.0140458566637 0.00172468269179 0.0700129384788
1658926713.407185793 6.03364618877 -0.530668885371 0.0068276028522 0.996071967301 0.013745783414 0.0016830881716 0.0874577418459
1658926713.508212328 6.03231621775 -0.527934781389 0.0057563259514 0.994581823066 0.0139857898132 0.00152470353102 0.103000340725
1658926713.609021425 6.03167531941 -0.52180886599 0.00786758932084 0.992769708634 0.0137683300012 0.000871601606468 0.1192391673
1658926713.709904432 6.03787973335 -0.519210454815 0.00741460303378 0.990444638266 0.0139708239214 0.000864197391343 0.137198716366
1658926713.810738564 6.0533752821 -0.508790039191 0.0098464208518 0.987479236687 0.0132184752879 -0.00010944123818 0.157194201695
1658926713.911592245 6.05683829508 -0.495716091916 0.0139716357602 0.984523703413 0.0131958194496 6.16279915826 0.174753963412
1658926714.012533426 6.06358650789 -0.485445899572 0.0138608911228 0.982011041254 0.0130978630064 4.60329306899 0.188368677654
1658926714.113323212 6.06907357462 -0.472552156196 0.0187639207416 0.979217914027 0.0131449724482 -0.000640765672562 0.202383487386
1658926714.214151621 6.08226656271 -0.457632674205 0.0247035434085 0.976830853064 0.0133836754261 -0.000334758649359 0.213593655502
1658926714.314877748 6.08505697177 -0.448407144971 0.0248010176648 0.97344717094 0.0119391236913 -0.00387529739699 0.228567374714
1658926714.415871382 6.09074712012 -0.435698262869 0.0276438338824 0.970496133831 0.0134171894979 -0.00232818157567 0.240731827593
1658926714.516800165 6.10654080646 -0.419927815913 0.0286644394834 0.966612808274 0.0144178323385 -0.00125768738275 0.255832412361
1658926714.617575884 6.1258743 -0.402088149393 0.0338858327719 0.962975758508 0.0146850067488 -0.00244912285442 0.269176597981
1658926714.718442678 6.14713580073 -0.383203797542 0.0282948731517 0.959979483768 0.0141357116346 -0.00335449147604 0.279693260178
1658926714.819294453 6.17155444685 -0.370440824295 0.0190635926987 0.959844372123 0.0133901866316 -0.00380708816767 0.280187419926
1658926714.943393230 6.19622840493 -0.354724599761 0.0119256517514 0.959646691536 0.0141275101299 -0.00395035564023 0.280825631971
1658926715.021665335 6.20973277102 -0.340524904568 0.00258555593943 0.96174684092 0.0131147552424 -0.00348069532255 0.273603548835
1658926715.122511148 6.23182031094 -0.319845346977 -0.00161987720311 0.964631228964 0.0133161292554 -0.00345165333277 0.263243915217
1658926715.223399162 6.2652684888 -0.30548948929 -0.00685374929334 0.966901818899 0.0138369788119 -0.00270553881191 0.254758887355
1658926715.324237108 6.28799172685 -0.286995836031 -0.0125610402245 0.968751670233 0.013722513789 -0.00207430830628 0.247644081862
1658926715.425081491 6.31682633509 -0.268689589527 -0.0143248199042 0.969480558275 0.0133454702226 -0.00254596123519 0.244791469688
1658926715.525977135 6.34168588341 -0.252704883924 -0.0114526170909 0.969525871116 0.0137604016034 -0.00295817746499 0.244584312191
1658926715.626796246 6.34670232426 -0.241583032274 -0.00789532897864 0.969473097405 0.0143715862568 -0.00370280037885 0.244748156655
1658926715.727663040 6.34776004683 -0.233778426006 -0.0143655765737 0.968660868757 0.0135914636619 -0.00300359889693 0.247996717415
1658926715.828517199 6.34220707588 -0.226107525506 -0.00804266737259 0.966623967677 0.0158275617686 -0.00460938436705 0.255668431717
1658926715.929429293 6.34322234954 -0.221084600907 -0.00723581366647 0.963758159944 0.0146076422972 -0.00385160639008 0.266349377803
1658926716.030143261 6.34152904448 -0.221219545387 -0.00766140266541 0.961280388655 0.0145720875799 -0.00457895051137 0.275148508742
1658926716.131107092 6.35026562538 -0.216690539677 -0.0107490512247 0.958489991667 0.0144034977763 -0.00519479878585 0.284714750569
1658926716.231765032 6.37408728307 -0.202804156057 -0.00893058108226 0.955731030218 0.014756310327 -0.0058741047427 0.293812770445
1658926716.332784891 6.40381529991 -0.182271907824 -0.0153437671336 0.954437184526 0.0138484207173 -0.0048538596939 0.298050871637
1658926716.433376074 6.43232986696 -0.161801148738 -0.0136085937991 0.954619793723 0.0133912478741 -0.00468784633462 0.297489072083
1658926716.582923412 6.4747469366 -0.14159490628 -0.00891917163668 0.957653058277 0.0141604547514 -0.00524186305321 0.287528475747
1658926716.636545420 6.49444348762 -0.134839570577 -0.00290463766895 0.960617791439 0.0128113107286 -0.00511440794538 0.27753048827
1658926716.784325123 6.53264658673 -0.118308653676 0.00922358758643 0.964532748056 0.0131507397019 -0.00596437784379 0.26356794602
1658926716.880740643 6.56449760753 -0.111354838624 0.0120845824256 0.968586427211 0.0141141827636 -0.00718755406495 0.248172242475
1658926716.977032661 6.59695097106 -0.101395027117 0.0238518484242 0.971948977275 0.0160469446023 -0.00898933577565 0.234471475847
1658926717.077326059 6.62372929798 -0.102992020871 0.0306342701496 0.974995558743 0.0142462313614 -0.00875068890722 0.221594518809
1658926717.144999981 6.64861428243 -0.0873000741693 0.0279928421157 0.97857703477 0.0178603220613 -0.00944184120162 0.204887402127
1658926717.245819569 6.68685582671 -0.0754383977439 0.0368329420743 0.981060615588 0.0166383991587 -0.00864366264573 0.192791388064
1658926717.346682072 6.72383635351 -0.056029690297 0.0282276481219 0.984148214037 0.0153703466711 -0.00754358584289 0.176519516101
1658926717.447555542 6.76432470868 -0.0507745651535 0.0283613341291 0.987047675342 0.0139473577827 -0.00663676849823 0.159681906041
1658926717.548304558 6.80266431388 -0.0452704093006 0.0370951656723 0.991013766745 0.0167447234419 -0.00691680973251 0.132527303229
1658926717.649284363 6.84438607055 -0.0504339923757 0.0290038678296 0.99456343381 0.018169116927 -0.00594521691689 0.102362657811
1658926717.749969959 6.88906883161 -0.0492957453579 0.0260892648267 0.997135719695 0.013799490228 -0.00363208931841 0.0742747501205
1658926717.850968838 6.92515458587 -0.0426930008219 0.0285101197096 0.998651331576 0.0180531862119 -0.00355761536448 0.0485483653844
1658926717.951793671 6.94831339556 -0.0420204559124 0.0382212131336 0.999107267438 0.0204073044242 -0.00409471776757 0.0367619826089
1658926718.052662373 6.95990908452 -0.0394999300189 0.047826801969 0.999050818699 0.0177760292762 -0.00434023340432 0.0395302012888
1658926718.153569937 6.9796228849 -0.0312853928839 0.0497640869589 0.998876768752 0.0184502351053 -0.00501598309505 0.0433546950854
1658926718.254417419 7.00790622404 -0.0269760985691 0.0389202295887 0.998867425776 0.0182875008781 -0.00373838659657 0.0437659399572
1658926718.355181456 7.04104770706 -0.0120656204156 0.0340944540514 0.999113578208 0.0180584801315 -0.00340624462393 0.0378727690122
1658926718.456131935 7.08049518304 4.90661772289 0.0338560484098 0.999600325213 0.0176314576339 -0.0015374605453 0.0220444494516
1658926718.556945801 7.12914276268 0.00620399712622 0.0353582484136 0.999866762718 0.016127230191 -0.00161250500621 0.00194141351919
1658926718.657844543 7.17089164872 -0.0049141332448 0.032981837183 0.999637288199 0.0143123548089 -0.00121307471167 -0.0227810665085
1658926718.758681297 7.20468621241 -0.00502467837598 0.0369457385037 0.998909664614 0.0150642819615 -0.00103730343422 -0.044175483606
1658926718.859595299 7.24014895705 -0.0032671926782 0.0379380503735 0.998095147165 0.0139692326521 0.0004373905721 -0.0600894868802
1658926718.960286617 7.26929273434 0.00336121868221 0.0372432694895 0.997645653426 0.0146369634462 0.000474011650235 -0.066997647822
1658926719.061285973 7.3075540477 0.00134775653242 0.0334900813124 0.997638490013 0.0142731999338 0.000818490651697 -0.0671792310248
1658926719.162161112 7.33992023529 0.00437316134097 0.0303015787954 0.997894425782 0.0149143402181 0.000995079002827 -0.0631132891488
1658926719.262976646 7.37683189034 0.0110652685621 0.0225701903556 0.997938254197 0.0135065076493 0.00211122313764 -0.0627085145625
1658926719.363738537 7.40870863159 0.00422532300011 0.0274714195754 0.998153376438 0.0119040159797 0.00112127117716 -0.0595556400372
1658926719.464684486 7.44650510095 -0.00776559967761 0.0330212271107 0.998113339513 0.0116008809054 0.000983607243721 -0.0602844388321
1658926719.565558910 7.48054839958 -0.0137953290513 0.0300289895779 0.99789706529 0.0109134928335 0.000540119563962 -0.0638909307407
1658926719.666348457 7.51159564636 -0.0402553738845 0.0335965561649 0.99745730854 0.00960153517527 -0.000148716791191 -0.0706166131065
1658926719.767248869 7.55167069256 -0.0651418623935 0.0309111808671 0.996596184145 0.00964029981382 7.99877329212 -0.0818725247155
1658926719.867987156 7.5833667707 -0.0957173143113 0.0340883967304 0.995570762576 0.011927127098 -0.000790163555877 -0.0932522170523
1658926719.968953609 7.62095599556 -0.108786877427 0.032987487746 0.993685882677 0.0106237186898 -0.00104388178089 -0.111688913868
1658926720.069847107 7.65700777378 -0.114035566466 0.0250018511457 0.991876934316 0.0106558181128 -0.00027213310271 -0.126753803318
1658926720.170698643 7.6962490106 -0.14292356361 0.0242841983799 0.989714773567 0.00987664574249 -0.000202726368252 -0.142713271121
1658926720.271613598 7.72927637737 -0.164591133971 0.0254284045401 0.98702952059 0.0105182603613 -0.00182932436752 -0.160183473727
1658926720.372407913 7.75435306331 -0.187440626223 0.0240798925551 0.984356223936 0.0108582491487 -0.00329152828315 -0.175824027553
1658926720.473241329 7.78440499384 -0.214821223869 0.0263295342954 0.981081116349 0.0108852660359 -0.00244763385092 -0.193275355943
1658926720.574100256 7.80926813791 -0.251908673742 0.0216168868463 0.978421995607 0.00916045307894 -0.00350849546608 -0.206383562988
1658926720.674960613 7.84083349854 -0.27715799496 0.0120351108104 0.974169575382 0.00919516777664 -0.00237290753754 -0.225617943875
1658926720.775693417 7.86262293144 -0.308038426397 0.00566999018057 0.969576999895 0.0101527073467 -0.0028917289433 -0.244558789887
1658926720.876592636 7.89200857206 -0.333960573997 0.00298799957352 0.964166781764 0.00959073780593 -0.000528590620176 -0.265122905995
1658926720.977624655 7.92181296674 -0.361258576647 0.00621990250151 0.958563866936 0.0100839119014 0.000683252473367 -0.284698368263
1658926721.078413725 7.95550650011 -0.379138838004 0.00608626948847 0.951755698848 0.00984351295093 0.000485605404127 -0.306698482471
1658926721.179211140 7.984241556 -0.405403333802 0.0031757662864 0.945783248524 0.00952289394957 0.00215956950477 -0.324651655719
1658926721.280123711 8.01340246525 -0.439986645514 0.00256239649831 0.939041046335 0.00902056191476 0.00170240744861 -0.343682476378
1658926721.380984783 8.04358892423 -0.465541108511 0.00577912316233 0.9322300484 0.00981421237762 0.00213879428009 -0.36172675275
1658926721.481804848 8.06591471336 -0.498867070806 0.01475775365 0.924712943094 0.0104022116683 0.00244731779095 -0.380515147532
1658926721.582687140 8.08536762942 -0.52703562102 0.0241363075893 0.916597998068 0.0108818377847 0.00197547709985 -0.399657094313
1658926721.683533669 8.11417763842 -0.556305385975 0.0361855425075 0.908424500052 0.0107480421542 0.00182800200079 -0.41790676676
1658926721.784394741 8.1378429026 -0.583000857026 0.0440202117393 0.900187293928 0.00937034138868 0.00217401227992 -0.435396722798
1658926721.885213375 8.17153268021 -0.621076834695 0.0489043213657 0.88818761443 0.00983085647055 0.00175162627654 -0.459372449805
1658926721.986114264 8.21475203129 -0.647777299111 0.0485926904664 0.876683245399 0.010678437367 0.001935444362 -0.480945643776
1658926722.087067604 8.24659339403 -0.683443128415 0.0483185342406 0.862893933563 0.0102653189245 0.00205089417988 -0.505276633619
1658926722.187853336 8.26723196263 -0.724129417542 0.042885429566 0.843841906573 0.00963695478942 0.00455615548814 -0.536485980489
1658926722.288610935 8.28239858692 -0.754292186232 0.0423486005367 0.823140001441 0.0097488771892 0.00489327690565 -0.567733699248
1658926722.389550924 8.28652752507 -0.784620308302 0.0393136123679 0.799691286976 0.0104277817865 0.0058592056709 -0.600292242671
1658926722.490394115 8.29102731715 -0.812373839972 0.0368546813644 0.780271063745 0.0095296415223 0.00489630750396 -0.625349725504
1658926722.591260195 8.28376711882 -0.836092300766 0.0322789091942 0.768659997185 0.0108688950938 0.00483097241691 -0.639546978378
1658926722.692133188 8.27915026635 -0.861660969148 0.0334290511141 0.765465840414 0.0112674748691 0.00530820849638 -0.643355977739
1658926722.792968273 8.27651033649 -0.896225491991 0.0355667355945 0.769101431136 0.0108990238576 0.00390009133868 -0.6390219004
1658926722.893671036 8.27243311899 -0.921257837697 0.0390050158706 0.772533665367 0.0111412765743 0.00396034996991 -0.634863704632
1658926722.994701862 8.26827159038 -0.940004603307 0.0375107966396 0.77342225076 0.0117026851213 0.0047759874588 -0.633765145092
1658926723.095534325 8.26355700565 -0.968201899309 0.0356889710982 0.773170355678 0.0111817182622 0.00463985993846 -0.634082835264
1658926723.196389675 8.26293311388 -0.991794920645 0.032729751619 0.771993519876 0.0098494786236 0.00417687372979 -0.635540358094
1658926723.297247410 8.26471754052 -1.02227208615 0.0278580323912 0.769717379116 0.00944069839002 0.00434748825418 -0.638300187096
1658926723.398117542 8.26907306481 -1.0618609241 0.0230802441785 0.770259945619 0.00882141406468 0.00473535185026 -0.637651452811
1658926723.498958349 8.26908543453 -1.09904778041 0.0169762711383 0.768015365022 0.00854336925901 0.0043987974929 -0.640359321406
1658926723.599844456 8.27997401205 -1.13678209299 0.0204616266678 0.767822333643 0.00864795436932 0.0041656135524 -0.640590918222
1658926723.700675011 8.29163510763 -1.17630701576 0.0254712471418 0.767495398999 0.0088542459488 0.00491818366542 -0.640974434992
1658926723.801552773 8.29813194139 -1.21674132023 0.0220740216379 0.766020881814 0.00796934526214 0.00492609371227 -0.642747408988
1658926723.902387619 8.30734781856 -1.26067168969 0.0243076850761 0.764962794245 0.00830757758794 0.00460074566321 -0.644004457061
1658926724.003343105 8.31508592434 -1.30012938864 0.0280312894226 0.765992422473 0.00897707962508 0.00343317174229 -0.642777748594
1658926724.104372978 8.31725214177 -1.33572428189 0.0281090520357 0.765527262717 0.00780682696318 0.00406736100953 -0.643343236588
1658926724.204990387 8.32136848511 -1.36961087687 0.0294833506074 0.761994472357 0.00876586427229 0.00361938251414 -0.647514079995
1658926724.305810213 8.32577957305 -1.40308305715 0.032566801578 0.755220523627 0.00837948544699 0.00317953880273 -0.655409517363
1658926724.406562567 8.32353199882 -1.44041847427 0.0259797894526 0.74783094744 0.00741506959098 0.00473518507962 -0.663830903782
1658926724.507543802 8.32535354398 -1.47655678257 0.024402234077 0.740143232151 0.00915401643479 0.00180342134451 -0.672384523584
1658926724.608248711 8.3256723858 -1.52107423754 0.0242460873611 0.733172971912 0.00932424460324 0.0027110032221 -0.67997286871
1658926724.709248543 8.32648039563 -1.5664567163 0.0191986832872 0.729312913023 0.00679963573497 0.00446532706198 -0.684131932237
1658926724.810099840 8.33249131451 -1.61224010783 0.0165353034268 0.726887242963 0.00849280032845 0.00308133176639 -0.686697396059
1658926724.911119938 8.33194772298 -1.65763776214 0.0121822088359 0.72965444113 0.00772263955639 0.000895957442384 -0.683771858618
1658926725.011804342 8.33938608393 -1.71076816114 0.00724881456951 0.731458660864 0.00792249340586 0.00255628443786 -0.681834970469
1658926725.112608910 8.3438633238 -1.76827217495 0.00455129863785 0.733436538326 0.00745474078965 0.00083197565525 -0.679716543056
1658926725.213476181 8.35504023187 -1.83030849746 0.00416781314834 0.735801194077 0.00847694044561 -0.000163062542811 -0.677144532346
1658926725.314398289 8.36462823333 -1.89081519341 0.00406068915405 0.734108324182 0.0067125052257 -0.000570517463749 -0.678998958136
1658926725.415282011 8.36285462031 -1.95251967577 0.00429203770957 0.73062538842 0.00744216314616 -3.92269043375 -0.682737983757
1658926725.516119003 8.36205112402 -2.00734762004 0.00514581920871 0.72564330936 0.0059227753423 0.000438640955394 -0.688045431572
1658926725.617000580 8.35335916464 -2.06908841411 0.0143133070927 0.722049457223 0.0089676539986 -0.00036759912034 -0.691783222821
1658926725.717827320 8.34240199428 -2.13553401888 0.0152171471396 0.719029423317 0.00954457714351 -0.00250799525819 -0.694909562038
1658926725.818695784 8.3464370708 -2.19401409892 0.0136032196295 0.715891508373 0.00414375288174 0.00582447761953 -0.698174944417
1658926725.919550896 8.34958721543 -2.24634398511 0.013627396372 0.717215506423 0.00306618251654 0.00838690275376 -0.696794213333
1658926726.020416737 8.35429083675 -2.29873851232 0.00506317390631 0.717034903618 0.00495360314735 0.00545145990339 -0.696998343179
1658926726.121258259 8.35102090098 -2.35307884466 0.00558982883104 0.720221176715 0.00270672697099 0.00763565297292 -0.693697215682
1658926726.222115517 8.34517972969 -2.4061918755 -0.00861005292085 0.720880607765 0.0012954403704 0.0082546656842 -0.693008897257
1658926726.322970867 8.35521386189 -2.46194000113 -0.0166090318887 0.721165804824 0.00550182861104 0.00672553054347 -0.692708004193
1658926726.423836708 8.35886436686 -2.52261564787 -0.0290448884785 0.722977071508 0.00280216262331 0.0123913256594 -0.690755207731
1658926726.524728298 8.36603648967 -2.57872282321 -0.0260916366244 0.72150074963 0.0106653341692 0.00948142033537 -0.692266582754
1658926726.625532866 8.368369914 -2.62363242086 -0.0193357258899 0.721865336092 0.0210408230308 -0.00357154404926 -0.691704390898
1658926726.726406574 8.3730275191 -2.66686747741 -0.0165908344876 0.720087521547 0.0172788262437 0.00137159789034 -0.69366672271
1658926726.827288628 8.38378287418 -2.71969671558 -0.00562285700102 0.719911823797 0.0210412480046 0.000206616853664 -0.693746487667
1658926726.928097010 8.38339347415 -2.7738201006 0.0108253392239 0.722100698484 0.0240441928108 -0.0065706484245 -0.691338762561
1658926727.028969288 8.38910331892 -2.83267245956 0.0135678478631 0.721545214776 0.0224055965382 -0.0023672639843 -0.692000641863
1658926727.129853964 8.38868792312 -2.88346226112 0.0177625785461 0.719669987329 0.0246565217597 -0.00667486381757 -0.693846244831
1658926727.230695724 8.38631512428 -2.93711726337 0.0187892036273 0.716001419609 0.0207075318519 -0.00385560509069 -0.697780982509
1658926727.331552029 8.37702357365 -2.99014959372 0.0160134296234 0.713677251092 0.0164785460194 -0.00124190730439 -0.700279727296
1658926727.432401180 8.36419481682 -3.0452584867 0.0113525818037 0.711029421808 0.0174546023964 -0.0032712782913 -0.702937975156
1658926727.533257008 8.35232222342 -3.09952703081 0.0014808380232 0.709513667856 0.0191532290654 -0.00516677310132 -0.704412388731
1658926727.634075165 8.34179040414 -3.15122592482 0.00105129733872 0.709062466148 0.0174653855299 -7.1407335556 -0.704929339941
1658926727.835852146 8.33081316935 -3.27052338063 -0.00385099676493 0.707440656299 0.0106853437305 0.0018537547363 -0.706689539217
1658926727.936585426 8.33365171233 -3.3304597427 -0.00735502272185 0.707155838389 0.011396866251 -0.000295784928037 -0.706965801282
1658926728.037306786 8.34075501684 -3.38583990026 -0.0036536511227 0.707124274391 0.00908570758007 0.0015983264908 -0.707029105368
1658926728.138355732 8.3464779968 -3.44620686466 0.00263737038988 0.707909611223 0.0102032748416 -0.000605498992836 -0.706229076781
1658926728.239299059 8.3591606532 -3.50200419695 0.00272720973354 0.707378371007 0.0148455605304 -0.00675852890786 -0.706646850875
1658926728.340127707 8.36224933799 -3.56517988608 -0.000378814922643 0.707846061534 0.0131456511891 -0.00900487219163 -0.706186984659
1658926728.440804958 8.36431472743 -3.6240942493 0.0079152869066 0.707056961226 0.011714236406 -0.00699230364891 -0.707024991027
1658926728.541986465 8.36540021121 -3.68297950759 0.00638946313283 0.704845675784 0.0144280079991 -0.0124800066876 -0.709104121654
1658926728.642662048 8.3636103135 -3.73750951891 0.00811744559997 0.702314037256 0.0171160480953 -0.00998477781579 -0.711591412386
1658926728.743571281 8.36618283039 -3.78377371807 0.00937270253973 0.700264665888 0.0208197052102 -0.0159811440549 -0.713400687284
1658926728.844388008 8.35332790906 -3.82892986043 0.0120011933769 0.699696100764 0.0181562565877 -0.00884222033335 -0.714155117647
1658926728.945239544 8.34137242035 -3.87481115483 0.0180608003859 0.696220499962 0.0179394723955 -0.00523097027136 -0.717584718143
1658926729.046086788 8.337654072 -3.93261785365 0.0366285869121 0.694263498994 0.0163388293077 -0.00174859798571 -0.719533306405
1658926729.146957159 8.338317717 -3.99286396176 0.0376864215799 0.693464806642 0.0208582361049 -0.00625103079844 -0.720161385072
1658926729.247830153 8.33640297785 -4.05639699967 0.0419832806671 0.688572247795 0.0190349380908 -0.00549643016728 -0.724897040933
1658926729.348696709 8.3383083345 -4.13055316652 0.0438182844848 0.685586057475 0.0245262240456 -0.00537847446191 -0.727558447235
1658926729.449531078 8.33399039573 -4.19825703441 0.0538805280264 0.681834529505 0.0316578726394 -0.0127709136432 -0.730709488949
1658926729.550373554 8.33744059054 -4.26360837049 0.0606812310503 0.677729157134 0.0287505832124 -0.00720775828538 -0.734713986362
1658926729.651254654 8.33535318162 -4.31595073656 0.0659289542808 0.677494050473 0.0274072696418 -0.00635431695308 -0.734989983469
1658926729.752106190 8.33713123222 -4.37740255149 0.0740427762769 0.677371373911 0.0262420431627 -0.00296388965331 -0.735167050632
1658926729.853008270 8.33483549032 -4.44359150351 0.0802681205105 0.678475147655 0.0292190144597 -0.00560257566161 -0.734020663438
1658926729.953840733 8.33767015629 -4.50606966077 0.0814489477302 0.678104229848 0.0217229500141 0.00175184088691 -0.734642564761
1658926730.054721832 8.33074267275 -4.56379160612 0.0727128281107 0.676827209808 0.0252307666322 -0.00476267742565 -0.735693994391
1658926730.155551434 8.31786216337 -4.61437310418 0.0824521457097 0.677184259536 0.0224789149408 0.000682908920042 -0.7354697211
1658926730.256376266 8.31459733934 -4.67411043253 0.0907223305156 0.673872627891 0.0217795079556 -0.00255346360842 -0.738522047224
1658926730.357282162 8.32394731936 -4.72493675458 0.0820591664592 0.673590621723 0.0222300143336 -0.00238993580124 -0.73876639677
1658926730.457946062 8.32400710803 -4.77748336197 0.101010786763 0.673190157478 0.0232530488426 -0.00721926364412 -0.739068460852
1658926730.558977127 8.32494624172 -4.83139597308 0.0953977904932 0.673941189226 0.0180734624062 -0.00469667270087 -0.738548958897
1658926730.659802914 8.32047138221 -4.87624020971 0.0952560713742 0.675600707179 0.0167982978575 -0.00370020024316 -0.737067032342
1658926730.760698318 8.31196540448 -4.91465262262 0.0972720264075 0.673419214905 0.0153891576375 -0.00249881999242 -0.739096401508
1658926730.861499310 8.3057811818 -4.94018253354 0.105580583006 0.670997986134 0.0151535406503 -0.00478014215314 -0.741288893112
1658926730.962317944 8.30329937594 -4.96906593189 0.0961219980073 0.670671705924 0.0138238362226 -0.0114054012025 -0.741537781403
1658926731.063265324 8.30294920612 -5.00067562123 0.0863372370644 0.673178030467 0.0129120925764 -0.00928773975456 -0.739309377089
1658926731.164135456 8.30233629622 -5.0361554171 0.0845351987214 0.674175448822 0.0126069773632 -0.00727636587428 -0.738427777665
1658926731.264983177 8.29422129077 -5.07004127062 0.079351879537 0.677791650619 0.0110094097179 -0.00718605618139 -0.735136471578
1658926731.365833759 8.2956003916 -5.12298448765 0.0712985034797 0.678709298134 0.00985702063958 -0.00908382108752 -0.734284694083
1658926731.466671467 8.28902637786 -5.16972393977 0.0675019103512 0.681225475699 0.00928921778701 -0.00770776563856 -0.731974147112
1658926731.567543745 8.28555760739 -5.21509986405 0.0606973615599 0.680164022288 0.0146401321884 -0.0148690237704 -0.732762909437
1658926731.668420792 8.27842065961 -5.25534106541 0.0646244142976 0.679749731779 0.0131910783987 -0.010214087151 -0.733254369247
1658926731.769238472 8.27749409064 -5.3029129024 0.067257849958 0.678962027678 0.0150012519371 -0.00646613782579 -0.733991632427
1658926731.870110750 8.2817013029 -5.34701311093 0.0554703488703 0.677969720832 0.0162388028818 -0.00908496859896 -0.734854286414
1658926731.970978498 8.27098912628 -5.39192986403 0.0435344705316 0.676368539334 0.0166888620058 -0.00914180465979 -0.736317532245
1658926732.071843863 8.26440050986 -5.43801731525 0.0333116948954 0.677147524092 0.0129523110401 -0.00485568488826 -0.735717262662
1658926732.172674656 8.2535209446 -5.48276732629 0.021974782173 0.677679829848 0.012231694713 -0.00108876124294 -0.735254546712
1658926732.273560524 8.24862557123 -5.52954067187 0.0151424419648 0.675431508884 0.0105378240838 -0.0019272540149 -0.737344910312
1658926732.375649929 8.24429390844 -5.56660072731 0.00692337747232 0.675953716743 0.0134169247895 -0.00288481970399 -0.73681628427
1658926732.475247860 8.24907110204 -5.60420414308 0.00312059347842 0.676587069947 0.0104624983638 -0.000602808891457 -0.736288061515
1658926732.576118231 8.25304171241 -5.64513074339 -0.000541566248192 0.675892669972 0.0120622735367 -0.00348509338031 -0.736893109182
1658926732.676993847 8.2543593754 -5.66760253493 0.00166760139177 0.675651255233 0.0122130232026 -0.00264770829256 -0.737115467893
1658926732.778491735 8.25465691201 -5.69534460297 0.00329553989778 0.67659130334 0.00713036571018 0.000946105249274 -0.736323618401
1658926732.878713608 8.25505326729 -5.72303401228 0.000321565817163 0.682579259698 0.0077710504139 0.000764026095815 -0.730769855201
1658926732.979542255 8.25889463644 -5.74097382979 0.00156776341381 0.691161961699 0.00797601797007 0.000111551770981 -0.722655874808
1658926733.080417633 8.27310839618 -5.7606530424 0.00748469613173 0.699987719122 0.00865897226039 -0.000880884306762 -0.714101841001
1658926733.181124210 8.28007322696 -5.78797440306 0.0183457390687 0.709110944818 0.0114208630309 -0.00200126068237 -0.705001579276
1658926733.282122612 8.29914281694 -5.8128297865 0.0218867606612 0.718439697239 0.0114081250588 -0.00155747941448 -0.695493947041
1658926733.382978439 8.31632210196 -5.83794557175 0.019833854412 0.729090159353 0.0137527475123 -0.00498020129966 -0.684261352895
1658926733.483877659 8.33195591483 -5.86226631425 0.0198329980359 0.738462347635 0.0125707870778 -0.00167441547201 -0.674175446579
1658926733.584667683 8.34833198903 -5.88761939828 0.0343901869095 0.746826258501 0.0146607342473 -0.00585116516317 -0.664831833136
1658926733.685523033 8.35857741734 -5.91208130847 0.043275949721 0.756149756736 0.0161349039718 -0.00671682523712 -0.654165189016
1658926733.786363602 8.36330244352 -5.93578740691 0.0452905165447 0.763527860494 0.0154650456499 -0.00650600134201 -0.645556899552
1658926733.887221336 8.36462188662 -5.96183705453 0.0500570291042 0.767174655447 0.0180382985514 -0.00916241048398 -0.641119113784
1658926733.988100529 8.36523043477 -5.98626424846 0.0498389511025 0.771621144839 0.01603388089 -0.00710286172022 -0.63584060334
1658926734.088958502 8.36354502153 -6.0133195319 0.0504451114253 0.774403605625 0.018539539303 -0.00784721817817 -0.632371538136
1658926734.189829826 8.36676686167 -6.05211521988 0.0529618269966 0.776952878702 0.0161431251697 -0.0068785083763 -0.629314158357
1658926734.290715694 8.37392583749 -6.09932486867 0.0521214631416 0.779690892364 0.0194943486487 -0.0107092727062 -0.625769441738
1658926734.391539097 8.37950677677 -6.1572477274 0.0363607726885 0.779568157588 0.0157248536827 -0.00662949216208 -0.62608487163
1658926734.492408752 8.38312625151 -6.21087827274 0.0320719058646 0.774474820333 0.0183677621681 -0.00801901251224 -0.632287176385
1658926734.593299627 8.3734610902 -6.27245307978 0.0313155997401 0.760440253209 0.0151380768087 -0.00500163512307 -0.649212171463
1658926734.694166660 8.35058103194 -6.3276934351 0.0342445189717 0.739471286898 0.0155321565344 -0.00491167477216 -0.672990968303
1658926734.795043468 8.32667680069 -6.38706343996 0.0297941059846 0.715622612063 0.0165125459962 -0.0101646182256 -0.698217941237
1658926734.895688057 8.30773094304 -6.44129319502 0.0180694887756 0.691813843995 0.0173130020104 -0.00921886929107 -0.721809446923
1658926734.996723175 8.29401045124 -6.49542990225 0.0146877086548 0.668972096484 0.0139719981334 -0.00445908268491 -0.743142808602
1658926735.097531319 8.28359193787 -6.55874821699 0.00658428353939 0.650565118577 0.0143481698501 -0.00771396665469 -0.759275741237
1658926735.198453903 8.28071114363 -6.62027433106 0.00261628936117 0.634742711966 0.0136058289434 -0.00668876726024 -0.772574806357
1658926735.299247742 8.27368324371 -6.67338826583 -0.00455390968884 0.619137482686 0.014358522168 -0.00725758165611 -0.785117785993
1658926735.400132179 8.2701411894 -6.72733497103 -0.00952289737352 0.611376940002 0.0101923919997 -0.00251030455007 -0.791269897538
1658926735.500974655 8.25650520696 -6.78051421857 -0.00735826514323 0.613265295491 0.014403705966 -0.00693602541827 -0.789715203192
1658926735.601830959 8.25857343588 -6.83426587257 -0.00695477152871 0.614416202787 0.0162403907507 -0.00784501408643 -0.788775909378
1658926735.702560902 8.25567326778 -6.89204764992 -0.00356660918816 0.62088861085 0.0166114885523 -0.00877671021071 -0.783673631509
1658926735.803589821 8.24300489866 -6.95239563737 0.00153504365333 0.630033520798 0.0152515323017 -0.00861434600269 -0.77637036682
1658926735.904457092 8.23556784642 -7.0131899789 -0.00439934716415 0.638044188606 0.0165078412661 -0.0087771101956 -0.769772737176
1658926736.005276442 8.23341191881 -7.06789789297 -0.00688537235939 0.640025059951 0.0160031664463 -0.0088850023188 -0.768135976265
1658926736.106086731 8.22013852085 -7.1217138729 -0.0208145604167 0.639205042476 0.0131441670918 -0.00709773580612 -0.76889125804
1658926736.206962824 8.21673200921 -7.18193619545 -0.017040873493 0.633709225451 0.0164961061513 -0.00784132866601 -0.773355681188
1658926736.307791233 8.20937014378 -7.23874450572 -0.0207400344616 0.628758977749 0.0179442511562 -0.00572681039351 -0.777372082978
1658926736.408735275 8.19515380972 -7.29375614722 -0.0321174371556 0.623857983128 0.0147890477621 -0.00630723332321 -0.78137233107
1658926736.509558678 8.18817851293 -7.34553631498 -0.0363806539256 0.619633406729 0.018427302111 -0.00562924305342 -0.784654820558
1658926736.610275745 8.17649180963 -7.4020167592 -0.0347964057079 0.616170711382 0.0122782634471 -0.00440366463498 -0.787504607237
1658926736.711258650 8.16189537138 -7.45780069506 -0.0343101685357 0.614180883873 0.0142195267347 -0.00509624730442 -0.789020706451
1658926736.812111616 8.14637070972 -7.51330470911 -0.0311934860906 0.613395651338 0.0145291509283 -0.00680516288928 -0.789612796535
1658926736.912979603 8.12861487349 -7.57267360785 -0.0258039112059 0.61191798318 0.0103919522813 -0.0059997192885 -0.790830191987
1658926737.013770103 8.11883517873 -7.62223296477 -0.0224391400425 0.611764151159 0.0118069274523 -0.00921867153954 -0.790898372685
1658926737.114760876 8.09809757586 -7.67165136817 -0.0246416195123 0.610243281526 0.0116850741645 -0.0074330974716 -0.792093015659
1658926737.215526104 8.08430290313 -7.72017427527 -0.028410754507 0.610707875455 0.0087248195425 -0.00658259611971 -0.791780549022
1658926737.316438437 8.07094341859 -7.77075902376 -0.0309478287882 0.609276670764 0.00744922231295 -0.00549918385949 -0.792903655261
1658926737.417283535 8.05731193509 -7.82433187259 -0.0319776231728 0.609238198613 0.00556243883586 -0.00545406546296 -0.792949008319
1658926737.518154860 8.04676461591 -7.88159492102 -0.0296535796031 0.609392732515 0.00667333365425 -0.00721007281551 -0.792807655756
1658926737.618947983 8.03719273129 -7.93576025085 -0.0293364093189 0.61019344375 0.00556597619555 -0.0047232088273 -0.792218828615
1658926737.719826937 8.02855470384 -7.99003253247 -0.0272377962761 0.610064772818 0.00603138018801 -0.0044483837067 -0.792316103144
1658926737.820719004 8.01595451967 -8.04022668501 -0.0252148156779 0.610507041889 0.00682567937154 -0.00360638020428 -0.791973204046
1658926737.921590567 8.00405851177 -8.09747564372 -0.0235780951055 0.611175003792 0.00652892026682 -0.0028435325661 -0.79146345605
1658926738.022433281 7.9939313323 -8.14670712973 -0.0211794829378 0.611874336512 0.00907380124729 -0.00131556306286 -0.790901847097
1658926738.123223543 7.98565803366 -8.19706415905 -0.0282835378026 0.610775805319 0.0126019237997 -0.00233226819265 -0.791699859592
1658926738.224079609 7.97751777952 -8.24758692267 -0.030845119527 0.611116280734 0.0155625805322 -0.00370458023335 -0.791379159186
1658926738.324892521 7.96961501375 -8.29840909915 -0.036324452975 0.615008330193 0.0172686253082 -0.00576894366667 -0.788310387894
1658926738.425815582 7.95777817316 -8.35336658185 -0.0424205854241 0.616692174817 0.0116909344035 -0.00338551102699 -0.787110298425
1658926738.551886559 7.94844203224 -8.40852186639 -0.0473395690674 0.619680814864 0.0162186331263 -0.00652422047301 -0.78465921149
1658926738.652244329 7.93639557009 -8.45696817549 -0.0503880358337 0.618005805813 0.0142134243239 -0.00597627187838 -0.786022319482
1658926738.729585171 7.92616669604 -8.49670772647 -0.0497386390479 0.616615247435 0.00952615300268 -0.00378260399528 -0.787197929969
1658926738.830442667 7.91210687486 -8.53266533313 -0.0503963212026 0.603909759157 0.00905134742948 -0.00331211091636 -0.796994420198
1658926738.931336164 7.91516006524 -8.56022385913 -0.0503267621192 0.588672219118 0.0082137883964 -0.00305290992386 -0.808324335808
1658926739.032005072 7.91922968659 -8.58454710524 -0.0498903099853 0.563907393231 0.00478262601251 -0.00174384494251 -0.825822340066
1658926739.132995605 7.91097380715 -8.60581177364 -0.046751570402 0.541937422444 0.00616903681549 -0.00287059316707 -0.840391297453
1658926739.233890057 7.9009734431 -8.62669432579 -0.0443964587144 0.524712353826 0.00665720098659 -0.0025258270612 -0.851249815045
1658926739.334750652 7.88320646135 -8.64820503118 -0.0436968006369 0.514571834408 0.00324289934367 -0.00214075840145 -0.857438468924
1658926739.435554504 7.85613110878 -8.67726434324 -0.0476468542529 0.511123437046 0.00702507270053 -0.00322043859875 -0.859472576195
1658926739.536443233 7.82982863323 -8.71492651559 -0.0486510188976 0.510885265873 0.00897231992606 -0.00562783866832 -0.859583660862
1658926739.637381315 7.79477916817 -8.76350862023 -0.0494094342068 0.51234808356 0.00980449664148 -0.00490335541131 -0.858707907396
1658926739.738147020 7.76765257787 -8.8174284535 -0.0516598915787 0.513358231902 0.0107451567314 -0.00451543022802 -0.858095261749
1658926739.838979721 7.73410753888 -8.87287967927 -0.052478735872 0.513326682516 0.0142089684666 -0.00667621162958 -0.8580496783
1658926739.939821482 7.70767233725 -8.92106793121 -0.0505981719072 0.514669930268 0.0138842951084 -0.00729129268917 -0.857244962819
1658926740.040760040 7.67973950272 -8.97260003227 -0.0519147378991 0.519841830738 0.0166955744855 -0.00939395485514 -0.854047705002
1658926740.141547203 7.6542304235 -9.0225920639 -0.0534977976667 0.532248661952 0.0155329090957 -0.0101473669827 -0.846384736115
1658926740.242411852 7.63439076792 -9.07457948652 -0.0532824354766 0.547944582924 0.0139047183004 -0.00746590486675 -0.836365741238
1658926740.343308449 7.61572444262 -9.13747717012 -0.0567489029789 0.569051266913 0.0149214527447 -0.0101455936877 -0.822104052296
1658926740.444131851 7.59340130935 -9.19829772786 -0.0611860292045 0.57760198287 0.0176040885266 -0.0107179537202 -0.816058313431
1658926740.544982195 7.57221759631 -9.26245612696 -0.0597489775025 0.583728359543 0.0115072582473 -0.00475973695479 -0.811853515221
1658926740.645853043 7.55111636634 -9.32389560451 -0.0499670257862 0.586217089458 0.00864617922333 -0.00211131832398 -0.810105122775
1658926740.746690750 7.54408770063 -9.38972378292 -0.0457525950945 0.588179569222 0.00849710439579 -0.00186303362515 -0.808683573885
1658926740.847560883 7.52671164687 -9.44726025376 -0.0434209615206 0.592227284092 0.0109462620997 -0.0028883816074 -0.805691430124
1658926740.948489904 7.52250616201 -9.50844079813 -0.0375584992588 0.59580935559 0.00913651554175 -0.00316970669615 -0.803067673882
1658926741.049316406 7.52097432837 -9.54896360224 -0.0365624727505 0.605121937292 0.0125724002579 -0.00495105229386 -0.796018129719
1658926741.150160789 7.53830067915 -9.59041782816 -0.0321367938601 0.61449996113 0.00630354173527 -0.00163454071863 -0.78888997421
1658926741.250999451 7.55096805873 -9.63151124982 -0.0338737038148 0.62655549671 0.0063161360445 -0.00244887542288 -0.779347367338
1658926741.351812124 7.55881243248 -9.67172496956 -0.0363950424045 0.637176854158 0.0075505530484 -0.00405047395784 -0.770669993794
1658926741.452715397 7.55984327238 -9.71650403124 -0.0391404608641 0.644534463534 0.00968493072545 -0.003711875131 -0.764504904769
1658926741.553550243 7.55223615208 -9.75480303915 -0.0393438312293 0.648866885832 0.00774431038892 -0.00390327681068 -0.760852518269
1658926741.654438019 7.54884372582 -9.79275869052 -0.0418486130327 0.649829700581 0.0126820314146 -0.0082928111146 -0.759928783246
1658926741.755267143 7.53264485656 -9.82745651093 -0.0391465532249 0.648744051453 0.0144211215108 -0.00891392643965 -0.76081780268
1658926741.856116295 7.51661078573 -9.86462744874 -0.0421919656446 0.650565392389 0.012541556291 -0.00815126747759 -0.759302927974
1658926741.956986904 7.50010135985 -9.89678850687 -0.0447125123139 0.656966430441 0.0152202542235 -0.00950980858206 -0.753706187234
1658926742.057862520 7.4942320218 -9.93292863774 -0.0427193114219 0.664078938081 0.018256127711 -0.00937487041948 -0.747380752765
1658926742.158640862 7.48121172534 -9.97606383776 -0.0399601522834 0.66877113339 0.016307128792 -0.00784256788785 -0.743248103142
1658926742.259571552 7.47254166201 -10.0207816697 -0.0414442846878 0.671984692756 0.0174800529389 -0.00990318303171 -0.740292474241
1658926742.360508680 7.46188728843 -10.0629220208 -0.0387245813344 0.671187422408 0.0156190642237 -0.00843503398684 -0.741075123747
1658926742.461300850 7.45608800331 -10.1099579994 -0.039048265401 0.67054056528 0.0185359857338 -0.0119054288674 -0.741545702105
1658926742.562142372 7.43731294169 -10.1491375632 -0.0446698882185 0.671942266291 0.0232788003199 -0.0144813075835 -0.740095926187
1658926742.663009644 7.4302469106 -10.1859712816 -0.0381507650285 0.667894145558 0.0131111315227 -0.00653008560516 -0.744112133043
1658926742.763977289 7.41851377072 -10.2171486756 -0.035359911665 0.667600696126 0.0135166053656 -0.00778520608694 -0.744356099241
1658926742.864736080 7.4113261832 -10.2505492494 -0.0335553168435 0.667934733606 0.017719614802 -0.0108662600198 -0.743929520376
1658926742.965549946 7.41370615067 -10.2862560381 -0.0342800836244 0.670401673079 0.0259629267149 -0.0187970867122 -0.741305734971
1658926743.066415787 7.41517385161 -10.3192479888 -0.0368589601308 0.673727409403 0.0244001898132 -0.0167968338586 -0.738385993183
1658926743.167284966 7.41181960416 -10.3491408887 -0.0369966205237 0.681729601763 0.0243355543398 -0.0171819333773 -0.730997477452
1658926743.268155575 7.41236265931 -10.3781822304 -0.0401683969542 0.68899760491 0.0241078974454 -0.0160724687748 -0.724184220662
1658926743.368992805 7.41495461629 -10.4151569859 -0.0394736734556 0.696914009108 0.0195855434676 -0.0130747702474 -0.716767968578
1658926743.469878197 7.41775280495 -10.4518613208 -0.0311787678721 0.70519474845 0.0185251087678 -0.0140425773006 -0.708632480998
1658926743.570708752 7.42502254818 -10.4987979681 -0.0296219181736 0.711363409832 0.015975991036 -0.0122320613976 -0.702536293394
1658926743.671561241 7.42586842941 -10.5563598438 -0.0258911181887 0.715216424369 0.0143020245668 -0.0103070679725 -0.698680672951
1658926743.772414446 7.43335427483 -10.6200585032 -0.0283168604745 0.716565402715 0.0129976943965 -0.0089685106383 -0.697341128422
1658926743.873241901 7.44481496805 -10.6897251473 -0.0349634054938 0.717593602512 0.0145111688528 -0.00938025648512 -0.696247699027
1658926743.974117279 7.45380362017 -10.7661731378 -0.0401954167211 0.716458346288 0.0127803125408 -0.00464230320878 -0.697497348143
1658926744.074960470 7.45858675166 -10.842395335 -0.041807286615 0.716219124532 0.012575187194 -0.00334898589923 -0.69775412189
1658926744.175837994 7.46897879663 -10.9109226931 -0.0414643470025 0.716476713923 0.0130856597141 -0.0050531369245 -0.697469963312
1658926744.276693821 7.4764203005 -10.9790435663 -0.0405840611402 0.717568849622 0.0139323882572 -0.00401305976393 -0.696336649876
1658926744.377638340 7.47723817033 -11.0450879343 -0.0383188893444 0.717119392955 0.0126521179926 -0.00523920304386 -0.696815794102
1658926744.478428364 7.48600807561 -11.1227210769 -0.0335624322215 0.716875713493 0.0123602074109 -0.00527094974322 -0.697071483971
1658926744.579337597 7.49543032833 -11.1942989973 -0.0272830717924 0.717466657107 0.0125091890488 -0.0056723846893 -0.696457421657
1658926744.680146217 7.50329039637 -11.2647893264 -0.0218363670397 0.718258693385 0.0131556460741 -0.00555791572045 -0.695629562286
1658926744.781002998 7.50933457571 -11.3371871521 -0.0188004992092 0.718884985351 0.0136843844413 -0.00588757714678 -0.694969389179
1658926744.881921053 7.50751086835 -11.4072535852 -0.0214353344894 0.716732912101 0.0135974139524 -0.00498664579374 -0.697197372635
1658926744.982623100 7.50760835821 -11.4649129027 -0.0193458154935 0.707903928396 0.0139720315444 -0.00412107071617 -0.706158500106
1658926745.083559513 7.50749584356 -11.5258925654 -0.0134681882012 0.696977779172 0.0138260274097 -0.00539244826982 -0.716939145122
1658926745.184433937 7.51020164861 -11.5859890055 -0.0115177449848 0.687500056295 0.0140181133285 -0.0060796633529 -0.726023555256
1658926745.285319328 7.51036950341 -11.6471238988 -0.00858116481085 0.679087727293 0.01366755341 -0.00587875479623 -0.733906327038
1658926745.386155367 7.50524379549 -11.7005789748 -0.0047745685943 0.67260990759 0.0143624204884 -0.00605699943629 -0.739833052687
1658926745.487134457 7.49765524852 -11.7474126049 -0.00441598789701 0.667286699928 0.0140485439781 -0.00667626040675 -0.744638520397
1658926745.587832928 7.49476960254 -11.7992314652 -0.00658752597584 0.663777544117 0.0128977839865 -0.00696689224929 -0.747786387618
1658926745.688727140 7.48756842652 -11.8473045586 -0.00720066043748 0.661154702911 0.0125740886736 -0.00677275196214 -0.750113645352
1658926745.789456606 7.47723733862 -11.8982872348 -0.0108962397189 0.658736267447 0.0118898992172 -0.0075394955823 -0.75224219255
1658926745.890418530 7.47264043656 -11.9478905068 -0.0151313841478 0.655494593491 0.0117553383888 -0.00790137239799 -0.75506702897
1658926745.991287231 7.47259795043 -11.9974294605 -0.0171148047271 0.654134100186 0.0120674943042 -0.00768675896856 -0.756243259997
1658926746.092129707 7.46708106085 -12.0517136173 -0.0170841723342 0.655120917403 0.0117263665654 -0.00814410972897 -0.755389137719
1658926746.192996025 7.45705271869 -12.117997822 -0.0208534439141 0.655993825902 0.0114110696832 -0.00708465775126 -0.754646735561
1658926746.293833256 7.44821118472 -12.1778837998 -0.0220651987676 0.656973230757 0.0109059593102 -0.00829225169562 -0.753789408709
1658926746.394717693 7.44073650404 -12.2388829942 -0.0199202327699 0.656283562289 0.0116713892267 -0.00813125426348 -0.754380240493
1658926746.495556831 7.42517414958 -12.3020594949 -0.0175979090488 0.655459996845 0.0121870533165 -0.00761421022635 -0.755093167808
1658926746.596475124 7.41156564411 -12.3516583389 -0.0200789642281 0.655546957324 0.0120299433869 -0.00733932486107 -0.755022914563
1658926746.697181225 7.40469847137 -12.4039687147 -0.0228444476719 0.654400793747 0.0110123932388 -0.0084960534559 -0.75601993718
1658926746.798131943 7.39823019208 -12.4607192207 -0.0218163253806 0.654709555494 0.0102666083686 -0.00874905779253 -0.755760179346
1658926746.898983002 7.39083860453 -12.5203003902 -0.0225191038844 0.656292897488 0.0102394061602 -0.0087516304967 -0.754385972982
1658926746.999863625 7.38937967132 -12.5783044102 -0.0244129536435 0.65632755576 0.0111051880973 -0.00785382943422 -0.754353452773
1658926747.100737572 7.3812784898 -12.6293773875 -0.0220959937051 0.656516891673 0.0112093502262 -0.00743262239295 -0.754191406435
1658926747.201596022 7.37241573139 -12.6865365162 -0.0234810209933 0.656886010622 0.0113455813073 -0.00770684449843 -0.753865141376
1658926747.302434444 7.36494978364 -12.7397069493 -0.0215479052267 0.657247808553 0.0122321936225 -0.00757744942437 -0.753537174831
1658926747.403194904 7.35695778823 -12.7907228245 -0.0238964018681 0.658209231817 0.0117930062353 -0.00601052293765 -0.752718676378
1658926747.504165649 7.35242768376 -12.8499763454 -0.0265735766927 0.657667192811 0.0110244103909 -0.00548707055818 -0.75320795132
1658926747.605046749 7.34066169476 -12.9077569024 -0.0276769415263 0.657194988514 0.00990388716713 -0.00382155522569 -0.753645842426
1658926747.705834866 7.33299753835 -12.9735967205 -0.0253664261887 0.657074291914 0.007570545971 -0.00452147525095 -0.753774248698
1658926747.806707859 7.3330252383 -13.0395066589 -0.0254599665254 0.656361288519 0.0101240886138 -0.00403497557929 -0.754368000869
1658926747.907639980 7.32373465945 -13.1019005052 -0.0224957335172 0.656641173091 0.00327313600465 0.000133096256662 -0.754196021382
1658926748.008430481 7.3172016115 -13.1557767054 -0.0187541338356 0.658149648044 0.00570255246333 -0.00101326120055 -0.752864858375
1658926748.109275579 7.31517522457 -13.2153414309 -0.0174469984917 0.659188469375 0.00547429472048 0.000586380270393 -0.751957611903
1658926748.210072041 7.30794793826 -13.2723200802 -0.0150375171138 0.664978553057 0.00680223996346 0.00040069011932 -0.746831368485
1658926748.311016083 7.2968431501 -13.3276836284 -0.0141525557548 0.671523347758 0.00611808840065 0.00022486501919 -0.740958103975
1658926748.411735058 7.28332611281 -13.3854715937 -0.0169009156551 0.68166019937 0.0046853870078 0.00273145952434 -0.731648794759
1658926748.512704849 7.28101705223 -13.4415782558 -0.0179396286215 0.690359951974 0.00634430530913 2.82569076496 -0.723438239037
1658926748.613492966 7.27602083014 -13.5003831254 -0.0262433251556 0.696395904817 0.00581926473647 0.000904110732995 -0.717633654795
1658926748.714411259 7.27638250233 -13.5639985074 -0.0250516910756 0.704330372688 0.00896315809152 -0.00341202413629 -0.709807541519
1658926748.815306664 7.27806532827 -13.62886263 -0.0310594511706 0.706388030443 0.0098446853128 -0.00514375987383 -0.707737645142
1658926748.916129589 7.27523740212 -13.698430796 -0.0328023730861 0.707996044088 0.00720822104891 -0.00122825743955 -0.706178542926
1658926749.017030478 7.2809594315 -13.7720822427 -0.0342742822874 0.70899528907 0.00743754609128 -0.00142851351916 -0.705172547916
1658926749.117871046 7.28633648262 -13.8441146973 -0.035838551549 0.707726100306 0.00637921389135 -0.00259069400221 -0.706453367803
1658926749.218735695 7.28595989441 -13.9171819491 -0.0383959332806 0.709931121257 0.00738642519989 -0.00369464319434 -0.704222687368
1658926749.319597483 7.29047367301 -13.9881055308 -0.0306655379221 0.706509334093 0.0112058179453 -0.00740948730611 -0.707576207896
1658926749.420413256 7.29168804244 -14.0652254066 -0.0274658473086 0.706170600883 0.0163170644329 -0.0114873300026 -0.70776046591
1658926749.521291733 7.29008306081 -14.1437197648 -0.031009207225 0.704312006721 0.0143422370645 -0.00789056513815 -0.709701794
1658926749.622136593 7.28996289624 -14.2264174592 -0.0265458395005 0.704126559999 0.0128943685965 -0.00826886690929 -0.70990925378
1658926749.722989082 7.29021547705 -14.3170920679 -0.0254417983392 0.703584102522 0.010486336083 -0.00696477567283 -0.710500485105
1658926749.823844671 7.28848327639 -14.4113462536 -0.0281845063376 0.705115982002 0.0124638862024 -0.00887804919432 -0.708926853567
1658926749.924721718 7.29094322022 -14.4924821394 -0.0248952046299 0.705366327457 0.0165134136688 -0.0141617020811 -0.708509066599
1658926750.025585413 7.29039970642 -14.5900092888 -0.0280494945349 0.706525521106 0.0162887508215 -0.0143270689924 -0.70735500261
1658926750.126430511 7.2902995834 -14.6804574828 -0.0251046238027 0.705543400251 0.0175268173656 -0.0156818573677 -0.708276358765
1658926750.227335691 7.29119999984 -14.7707174041 -0.0254004697414 0.705576920506 0.0139227310638 -0.01152855205 -0.70840275218
1658926750.328037977 7.2922794085 -14.8621933173 -0.0306041659333 0.700702418533 0.0183973931897 -0.0137635086148 -0.713083601282
1658926750.428995609 7.29811636959 -14.9550281761 -0.0345013372893 0.699430956083 0.0273014456024 -0.0242795789749 -0.713765697401
1658926750.529865265 7.29873268979 -15.0398990204 -0.0313514277143 0.696588687886 0.0269645215322 -0.0217655887402 -0.716633360676
1658926750.630711079 7.29729731187 -15.1258552969 -0.0319410881701 0.695255641377 0.0334452793992 -0.0291501105625 -0.717391997079
1658926750.731537819 7.2895824899 -15.2174844778 -0.0307871405598 0.692451621831 0.0337318010993 -0.0299070202108 -0.720054502909
1658926750.832539082 7.28367187616 -15.3024920064 -0.0319493349178 0.692142267539 0.0287541454327 -0.0249283459623 -0.720757142298
1658926750.933295727 7.27788936139 -15.3883717564 -0.0370885399437 0.691916058196 0.0305997518492 -0.0278834256454 -0.720790079129
1658926751.034163475 7.25519558072 -15.4782292756 -0.0374121451669 0.692393838496 0.0221540088857 -0.021500760634 -0.720858994253
1658926751.135004520 7.24734652329 -15.5634760445 -0.0373335082006 0.691762475854 0.0187905895956 -0.020171865622 -0.721598701898
1658926751.235703707 7.23510581618 -15.6540203179 -0.0353518731473 0.690427746332 0.0237645320793 -0.0231456756378 -0.722640333644
1658926751.336747169 7.23831347466 -15.7444049236 -0.0368252111829 0.686023777081 0.0279246366037 -0.0261719482214 -0.726571827885
1658926751.437335014 7.23760153977 -15.8324482077 -0.0328439045187 0.684584382221 0.0220433848465 -0.0236939973766 -0.728214877143
1658926751.538452148 7.23852420382 -15.9254007174 -0.0393784442865 0.680216907663 0.0289249610937 -0.0259839449138 -0.731978920299
1658926751.639144897 7.23207646115 -16.0055714707 -0.0354230834359 0.675657442127 0.023891530964 -0.023298932422 -0.736460029733
1658926751.740120888 7.22655184519 -16.08403831 -0.0342145695267 0.675615127266 0.0209557942072 -0.0228148051401 -0.736603379822
1658926751.841011047 7.21643248203 -16.1588019112 -0.0397022441966 0.672675626629 0.0252842935513 -0.0245281642316 -0.739098488023
1658926751.941861629 7.19538734388 -16.2361426362 -0.0379263111424 0.672971602581 0.025815023575 -0.020050716474 -0.738945718877
1658926752.043623447 7.18252463147 -16.3142290509 -0.0421276811405 0.672246075647 0.026473530387 -0.0222386006204 -0.739519986619
1658926752.143589735 7.17153332544 -16.3988418769 -0.0343106692037 0.670431088368 0.0248287083083 -0.0222045308966 -0.741223751509
1658926752.244294643 7.16253951073 -16.4873165343 -0.0342467087227 0.666827051639 0.0303993451228 -0.0268648929327 -0.744107411968
1658926752.345287323 7.14348359091 -16.5819811036 -0.0325989126737 0.665635611028 0.0376259965619 -0.0296270164785 -0.744738717678
1658926752.446142673 7.13159980434 -16.6650080256 -0.0415985579983 0.658214233987 0.0376435917807 -0.0307265508756 -0.751260847673
1658926752.547014475 7.10777619003 -16.7530278914 -0.0359234428975 0.654243305785 0.0367869996426 -0.0304975858992 -0.754773019356
1658926752.647852421 7.08363764914 -16.8324764172 -0.0377757258654 0.649824767278 0.0354878442905 -0.0297031471646 -0.758673914003
1658926752.748727798 7.07197904831 -16.9099517897 -0.0425843992006 0.651493090686 0.0323604865094 -0.0278944785412 -0.757450625301
1658926752.849570751 7.06277512815 -16.9785022092 -0.0439686079833 0.657448183835 0.0345477785996 -0.0302335290802 -0.752099907117
1658926752.950430393 7.05728644781 -17.043374033 -0.0422188222796 0.663334727759 0.0303352830226 -0.0296388466008 -0.747120036088
1658926753.051272869 7.05532784561 -17.1094566961 -0.0502019795134 0.664034589667 0.0331895290927 -0.0293889318969 -0.746386501463
1658926753.152159452 7.04698237192 -17.1788194287 -0.0656746381121 0.668366979284 0.0344255582989 -0.0288067194759 -0.742476016348
1658926753.252921820 7.03398866251 -17.2533891087 -0.0833582917241 0.664962075509 0.0345946651957 -0.0264612506709 -0.745606095393
1658926753.353889942 7.0159674109 -17.3256133017 -0.0953286518029 0.664432632461 0.031852210004 -0.0202365757508 -0.746394798107
1658926753.454710484 7.00364272834 -17.4038613231 -0.0948167221987 0.662883386667 0.0336991001492 -0.0249201922708 -0.74754864079
1658926753.555436134 6.98266376318 -17.4789017162 -0.0938521264996 0.659640067192 0.0354596682814 -0.0234248004601 -0.750379152431
1658926753.656555891 6.96052067149 -17.5684482743 -0.101027644189 0.659310808675 0.0326023282389 -0.0190806500836 -0.750920950933
1658926753.757306099 6.93840992601 -17.6464737543 -0.0992931113727 0.657033756229 0.02378034893 -0.0142142037372 -0.753351906212
1658926753.858045578 6.92064602464 -17.7212258842 -0.0851317812292 0.658064736329 0.0187572595503 -0.0116989936225 -0.752636766018
1658926753.959021091 6.92603439894 -17.7743474361 -0.0744111725599 0.657905624515 0.0269178934839 -0.0206273557771 -0.752336446302
1658926754.059842587 6.91936309674 -17.8129671325 -0.0697906961673 0.663127730613 0.0219479940376 -0.0166121591343 -0.747999956295
1658926754.160716057 6.9139416321 -17.861834918 -0.065749349004 0.671072854177 0.0239792568905 -0.0192156633429 -0.740754330333
1658926754.261586189 6.93202712622 -17.9306279899 -0.0630225576202 0.680874287659 0.0234031250359 -0.0182484755089 -0.731798805195
1658926754.362457037 6.92758766836 -17.9891148955 -0.0700687658771 0.687145324321 0.0257205079889 -0.0224502932265 -0.7257173989
1658926754.463281155 6.92502349833 -18.0423349347 -0.0675967483156 0.692524750131 0.0212879162373 -0.0210573217618 -0.720772421974
1658926754.564095974 6.91279591369 -18.0980172625 -0.0599346030216 0.694469510353 0.0274615814035 -0.0232212864232 -0.718622802723
1658926754.665002823 6.90563024077 -18.1586982389 -0.0551167177617 0.698935905804 0.0242283326929 -0.0218967492034 -0.714438324733
1658926754.765861273 6.89431026203 -18.2169159216 -0.0617739271701 0.702014588772 0.0255367193479 -0.0202467554755 -0.711416517948
1658926754.866719723 6.89054913666 -18.2833338937 -0.0562377004014 0.706597369662 0.0168592439655 -0.0114489655244 -0.707322305789
1658926754.967585087 6.88846858433 -18.3484683195 -0.0625893478993 0.708278472537 0.0208721669136 -0.0164767470324 -0.705432119198
1658926755.068430662 6.88708621779 -18.3957216703 -0.0534812329007 0.709509843771 0.0269498434273 -0.022597464455 -0.703817335771
1658926755.169303656 6.88829161136 -18.4343642416 -0.0516468335244 0.715229408845 0.0203102260106 -0.0180147164481 -0.698362268048
1658926755.270142078 6.89527716872 -18.4648341042 -0.0618916664271 0.721834097807 0.0223435632486 -0.0182857180072 -0.691463616498
1658926755.371001244 6.90641966353 -18.4974344562 -0.0685139196115 0.72968921319 0.0222743670175 -0.0195482733242 -0.68313642103
1658926755.471839190 6.92210841521 -18.5399050549 -0.0710885748448 0.739209773482 0.0222458481125 -0.0201884172524 -0.672804920344
1658926755.572743654 6.92386759701 -18.5743400329 -0.0725583587096 0.747764719008 0.0243865140924 -0.0212630921458 -0.66317501751
1658926755.673589230 6.94011120552 -18.6182111572 -0.0773208407672 0.755783964735 0.0270017304729 -0.0275797967166 -0.653682537638
1658926755.774540186 6.95026278743 -18.6757010957 -0.070880126424 0.761577424851 0.0260151302312 -0.0253342475672 -0.647055805056
1658926755.875285625 6.95425571622 -18.7257735989 -0.0685502979678 0.766912795938 0.0214610463565 -0.0219338087663 -0.641017234517
1658926755.976131916 6.96483177209 -18.7888815968 -0.0717278919294 0.772050414991 0.0226161923465 -0.0230738034639 -0.634739524647
1658926756.076996803 6.960488755 -18.85607184 -0.0720009923183 0.772056053683 0.0233469287617 -0.0258666373694 -0.634598525021
1658926756.177767515 6.96442489334 -18.9240083081 -0.0656882357176 0.772548399756 0.0266422853034 -0.0288582855432 -0.633739976665
1658926756.278756618 6.97977357324 -18.9914351904 -0.0624668392401 0.773689466054 0.0260431387152 -0.0269036426605 -0.632457555141
1658926756.379558086 6.98274634953 -19.060370037 -0.0543595700129 0.772121133132 0.0246291671742 -0.0259557725802 -0.634467223555
1658926756.480440378 6.99361829699 -19.1258209838 -0.0436237436237 0.768522098385 0.0268617389473 -0.0304584377284 -0.638533096124
1658926756.581305981 7.0110276038 -19.1998756624 -0.0422614221256 0.763745132468 0.0324940440115 -0.0334197105308 -0.643832767637
1658926756.682164431 7.0172593174 -19.2644218972 -0.0477754338533 0.757313569145 0.030678807261 -0.0304671916624 -0.651618537954
1658926756.784215212 7.00824473355 -19.3341261338 -0.0423993866726 0.750356838913 0.0305320500574 -0.0344887985542 -0.659426213454
1658926756.883866787 7.0040556301 -19.4143044114 -0.035983237902 0.742874494166 0.0352205554175 -0.0309163052234 -0.667788275177
1658926756.984732151 6.9882296175 -19.4956677511 -0.0367176798794 0.740814747003 0.0308075373004 -0.0276176658462 -0.67043394216
1658926757.085578203 6.98260071331 -19.5603104501 -0.042708888363 0.724255219181 0.0377410325094 -0.0295974266483 -0.687861893326
1658926757.186424732 6.97110222971 -19.625908664 -0.0446882270159 0.711744900534 0.036856284627 -0.0372177060067 -0.700482443182
1658926757.287318468 6.94867082132 -19.6897936226 -0.0431397668945 0.702017351756 0.0336649758676 -0.0258702976295 -0.710893124832
1658926757.390239716 6.92289367191 -19.7533011545 -0.0425862623988 0.689268674932 0.0300300691801 -0.0292486270888 -0.723292061698
1658926757.488873720 6.90527462354 -19.8187003672 -0.0471746259232 0.6802398306 0.0262150716175 -0.0243445446524 -0.732116033174
1658926757.589858055 6.87089093797 -19.8818788378 -0.052369707131 0.663590493416 0.0253564921567 -0.0233577707713 -0.747301224339
1658926757.690697670 6.82360394912 -19.9373166044 -0.0530187439173 0.652522213781 0.0316765928846 -0.0276275774271 -0.756602981061
1658926757.791568518 6.79425037619 -19.9992683036 -0.0404705525941 0.641114233047 0.0295539466637 -0.0274751690701 -0.76638385911
1658926757.892436981 6.76458448816 -20.0636253532 -0.0326977872586 0.63630996655 0.029372822395 -0.0255117128995 -0.770451826059
1658926757.993301868 6.74446226691 -20.1349673914 -0.0268703359266 0.629926440689 0.026071949874 -0.0241678696163 -0.775840735479
1658926758.094170094 6.68273086166 -20.1841784953 -0.0202014543958 0.623547991321 0.0255387897651 -0.0241366001901 -0.780994940616
1658926758.195483208 6.6547006966 -20.2346486563 -0.0141445226912 0.618793565718 0.0228796611626 -0.0234257545561 -0.784870867184
1658926758.295876026 6.62902083044 -20.2871979351 -0.00220514402228 0.61842326043 0.0190403054928 -0.0226624181658 -0.785287560406
1658926758.396764755 6.60373011508 -20.3373869887 0.00174750710457 0.617330206223 0.0191650766578 -0.0227229997347 -0.786142341821
1658926758.497580290 6.57845210538 -20.3810576876 0.00597722236523 0.615955338959 0.0207307703427 -0.0226729926804 -0.787181802999
1658926758.598443747 6.55489872646 -20.4314259627 0.00934740744203 0.614586418621 0.019499484062 -0.0251646348987 -0.788206854397
1658926758.699165821 6.51462089125 -20.4837124369 0.0218866898907 0.614523820759 0.0171724458668 -0.0214356616985 -0.78841999799
1658926758.800152779 6.49302795472 -20.5214796073 0.0196549683725 0.614288239166 0.0140465685502 -0.0198157265456 -0.788707797676
1658926758.901007414 6.47514714197 -20.5470332521 0.0274843834822 0.616460154093 0.0110290135235 -0.0195488154236 -0.78706612371
1658926759.001844883 6.46601355845 -20.5714433001 0.02622010682 0.620299426917 0.0103322751351 -0.0192444702179 -0.784060913082
1658926759.102668762 6.47026847208 -20.5792099934 0.0267316458272 0.626975799751 0.0118180228923 -0.020055323739 -0.778690866038
1658926759.244500399 6.47448683299 -20.5698031058 0.0270885465844 0.637743475488 0.0108402972829 -0.0200971860469 -0.769910287332
1658926759.345832586 6.47705462559 -20.5682565536 0.0341273735981 0.646831639665 0.0101394484393 -0.0210020036243 -0.762276155575
1658926759.446760893 6.48615664469 -20.5737899643 0.0366443623357 0.655219651184 0.0102573379925 -0.0214118277581 -0.755065248407
1658926759.547148228 6.49265455947 -20.5799191696 0.0385702258573 0.664259748449 0.009630153791 -0.0204764779111 -0.74715926052
1658926759.648583651 6.5024670786 -20.5892987259 0.0423663638811 0.67637924114 0.0078736495104 -0.0207679425954 -0.736218595499
1658926759.748972654 6.51266079637 -20.5979994699 0.0492223974167 0.687849063574 0.00569312063368 -0.0212258726406 -0.72552099656
1658926759.813809395 6.51640395648 -20.6173378765 0.0521231396093 0.698027771425 0.00764492477481 -0.0201810397949 -0.715745423371
1658926759.914625406 6.52107198584 -20.6479606354 0.0530288206794 0.706277753819 0.00611628043721 -0.0205480208062 -0.70761013589
1658926760.015388250 6.52450174721 -20.6769396222 0.0519332915244 0.712190299548 0.00746923516921 -0.0187469904932 -0.701696328979
1658926760.116501093 6.52637742787 -20.7049321198 0.0571851763399 0.714327581463 0.00649106879375 -0.0199663678447 -0.699496473574
1658926760.217087507 6.53265493476 -20.7309467378 0.053195905174 0.717075978736 0.00640365939204 -0.0202199628503 -0.69667222348
1658926760.318090200 6.53923547405 -20.7565849592 0.0617612894808 0.720352745148 0.00445937745201 -0.0203616153309 -0.693294627941
1658926760.418844938 6.54064273164 -20.7803304069 0.0644940374254 0.726632510982 0.00662726793166 -0.0204859804566 -0.686688865432
1658926760.519766092 6.54283117886 -20.8026748144 0.0716050767183 0.730685681878 0.00764555109133 -0.0198430889748 -0.682382760382
1658926760.620653391 6.54471540859 -20.8015466158 0.0715309297635 0.731263573478 0.00504158613265 -0.0224273655638 -0.681707548578
1658926760.721500158 6.547192345 -20.8042350888 0.0710308241026 0.73342980737 0.0086429831131 -0.0186522839404 -0.679454272787
1658926760.822256804 6.54358057898 -20.8008827937 0.0709173361271 0.731932430269 0.00881068699932 -0.0182385845797 -0.681076092186
1658926760.923197508 6.53823019488 -20.8038752031 0.0682318516886 0.732364724445 0.00682431733954 -0.0211374636839 -0.680550179421
1658926761.024111986 6.53655906031 -20.799234086 0.0660009471901 0.732695269696 0.00597006781113 -0.0212160557317 -0.680199881678
1658926761.124977350 6.53161904125 -20.7923431775 0.0680503574932 0.731836458318 0.00670650717602 -0.0204906431194 -0.681139159484
1658926761.225781202 6.53296676559 -20.7903337953 0.0684220874309 0.732289567623 0.0090691306415 -0.0191231184078 -0.680664415378
1658926761.326609850 6.52886288009 -20.7920930539 0.0681884138013 0.733274770916 0.00951786529527 -0.0218499757839 -0.679514605536
1658926761.427480936 6.53112603353 -20.7915436132 0.0651480819246 0.732852332047 0.0105008672645 -0.0200422869591 -0.680011395443
1658926761.528338671 6.53159074666 -20.7917353774 0.0647791575294 0.732722211301 0.00923862388176 -0.0199485514109 -0.680172672335
1658926761.629189968 6.52747941794 -20.7903152759 0.0658010929448 0.731925177722 0.00997386646963 -0.0200936551916 -0.681015639487
