1659006204.025352001 -0.00357861616078 0.00377318993213 0.0126787990799 0.99999819797 0.00113342137425 0.00152012544315 9.2906380768
1659006204.126132965 -0.000675223113766 0.0037300931265 0.0154085241931 0.999998267035 0.0015908029201 0.000964038717447 -7.68230424033
1659006204.227080822 0.00214451240366 0.000605307319182 0.00739332723899 0.999999338704 0.000406636082272 0.0010674084187 -0.000133705298076
1659006204.327905416 0.00291755022167 -0.0013247873065 0.00688809566104 0.999999261471 0.000396911461684 0.00112342909712 -0.000239637284929
1659006204.428791285 0.00222321947709 0.00125237443269 0.0109315903769 0.999998721451 0.0007573229785 0.00140838753701 1.82959866431
1659006204.529548168 0.000681851904366 0.0035538517 0.0157496066142 0.999998688733 0.00132988300638 0.000897707871897 0.000219234577327
1659006204.630525589 0.00544399626028 0.00356317025337 0.0147424964123 0.99999789492 0.00107713356064 0.000731395276061 0.00158587492534
1659006204.731370211 0.0172020640093 0.000698177856328 0.0154772231939 0.999997369975 0.00100797618602 0.00127276030506 0.00161990970237
1659006204.832230091 0.0320023803209 -0.00217581866969 0.0137961033464 0.999994374572 0.00103869694343 0.00236673765583 -0.0021378696816
1659006204.933060169 0.0487231244235 -0.00162131886685 0.0154080324717 0.999978319508 0.000820232338831 0.00309726153081 -0.00575279957077
1659006205.033955097 0.0638604064006 -0.000217788128077 0.015962584599 0.999973744372 0.000639522110802 0.00321314888486 -0.00646353242498
1659006205.134777069 0.0790266928997 0.00130862550184 0.0166531207736 0.99998081305 0.000645626128873 0.00312607268831 -0.00530889512608
1659006205.235647202 0.0959953437372 0.00329389576107 0.0187739029133 0.999983538536 0.000406466065954 0.00412452613618 -0.003968088407
1659006205.336512089 0.11527945767 0.00470639286017 0.0194607277615 0.999988626901 3.26607008033 0.00356375563153 -0.00316932921197
1659006205.437329769 0.13415804946 0.0136891413011 0.0200539514765 0.999993027634 0.000251749540784 0.00351736142376 -0.00122860647154
1659006205.538228273 0.162773358191 0.0208563630802 0.0160445673667 0.999984661058 -0.000596385103485 0.0036663762573 0.00410848613582
1659006205.639129162 0.196783796227 0.0293241921051 0.0193891660456 0.999934157708 -0.000316447937549 0.00400587542464 0.0107486311713
1659006205.739923239 0.235216195451 0.0348666405543 0.0187682178499 0.999842074126 -0.000416380754177 0.00421718954248 0.0172588744535
1659006205.840796471 0.274918680581 0.0411903203558 0.0209227298968 0.999689635368 -0.000367006518095 0.00450073884723 0.0244998284336
1659006205.941523075 0.315829589475 0.0468347780751 0.0202294867912 0.999493577723 -0.000582281130077 0.00449363520254 0.0314969249594
1659006206.042510986 0.36088496308 0.052888271989 0.0195163164882 0.999242053489 -0.000227740968423 0.00379564932161 0.0387409308115
1659006206.144094944 0.408673838664 0.0534490490889 0.0204282320406 0.999038288308 -0.000471285268143 0.00359842985256 0.0436958543476
1659006206.244135857 0.457149745639 0.0524044549972 0.0212387400486 0.998970982636 -0.000237446988618 0.00273538039906 0.0452707097822
1659006206.345065117 0.502651447671 0.0555765853434 0.0240367932646 0.998946073795 0.00121207745464 0.0027785966713 0.0457990384061
1659006206.445967197 0.554148314943 0.060732264453 0.0231604098757 0.998892305661 0.000815341304504 0.00183235213301 0.0470121196578
1659006206.546849251 0.610436052305 0.0637913601491 0.0204473515173 0.998807654657 0.0011823374338 0.00156857971961 0.0487792028936
1659006206.647651672 0.665379385968 0.069227003876 0.0193825678679 0.998823026023 0.000653608666211 0.00030594949884 0.0484978543554
1659006206.748484373 0.716819421416 0.0747374493203 0.0186898236332 0.998831194827 0.00104371275389 0.00106519720903 0.0483116989882
1659006206.849421501 0.767648842284 0.0779102130013 0.018008828865 0.998863848793 0.000441517921802 0.000933352388929 0.0476439449493
1659006206.950116158 0.822327147359 0.0768420451459 0.0162886704679 0.998983070727 0.000919079880597 -0.000504508335734 0.0450746621033
1659006207.051093578 0.877667832901 0.0676847337662 0.0132925586366 0.999278327476 0.000736818152869 -0.000641955074732 0.0379719532004
1659006207.151920319 0.925964534646 0.056969424904 0.013794064296 0.999685653089 0.00100893109145 -0.000712127642859 0.0250413645775
1659006207.252784729 0.966757871768 0.0545110374827 0.0180140985137 0.99994440289 0.00135761870235 -0.00100726903722 0.0104083337002
1659006207.353640079 1.00728910674 0.0553065101214 0.0165574410151 0.999994338206 0.0020033074742 -0.00183241662734 -0.00198810574564
1659006207.454489946 1.05491950955 0.0537837261096 0.016553816797 0.999934501031 0.00191648661008 -0.00250433145358 -0.0110022293709
1659006207.555362940 1.1181904417 0.0495699266426 0.0121090403503 0.999759089681 0.00180232605507 -0.00109930525202 -0.0218473281932
1659006207.656212091 1.18179841223 0.0389541859684 0.0121962654913 0.999281932965 0.00319321232687 0.000993578004794 -0.0377416831528
1659006207.757039070 1.24490709851 0.0292605273286 0.0163586435215 0.99833273075 0.00416687147849 0.00146927344274 -0.0575520384656
1659006207.857927322 1.30536463122 0.0250976704359 0.0232960034637 0.996953307093 0.00442133682249 0.00196367034406 -0.0778504929728
1659006207.958678961 1.36699785134 0.0222871379171 0.0237534081604 0.995394412477 0.00332214087751 0.00142345475167 -0.0957961417101
1659006208.059695244 1.42755261785 0.00847889100717 0.0262137859654 0.993674121138 0.00285955395674 0.00176104829993 -0.112251782347
1659006208.160495758 1.48332206789 -0.00719581042038 0.0275959534713 0.991601348911 0.0017330530343 0.000848452616189 -0.129317599319
1659006208.261368275 1.54104216535 -0.0300691865112 0.0322559713248 0.989198448068 0.00213198482179 0.00108840486601 -0.146562956972
1659006208.362172127 1.59937777233 -0.0539602060739 0.0334082039477 0.986599067418 0.00284866435444 0.000987698594782 -0.163135495014
1659006208.463074207 1.65908647762 -0.0753390356408 0.0335798937159 0.983837527589 0.000903651358652 -0.000738336412708 -0.179059648112
1659006208.564267635 1.72011615991 -0.10396263871 0.0336784652176 0.980932850049 0.00156501017644 -0.000555897135665 -0.194339870888
1659006208.664793491 1.78225454075 -0.130943260553 0.0330082332445 0.977832531161 0.00189047349475 0.000646707210654 -0.209378959984
1659006208.765645504 1.84428276243 -0.165242111797 0.0304280475429 0.974169394076 0.00198861038881 0.000704015090556 -0.225808638979
1659006208.866487980 1.90902202135 -0.197989105087 0.0274663126593 0.970347112598 0.0015755270101 0.00058363665043 -0.241709863586
1659006208.967379093 1.97123384138 -0.231233049906 0.0231504832603 0.966098769121 0.00174134675288 2.03387044225 -0.25816687549
1659006209.068213940 2.02558041008 -0.264443907211 0.0197002951322 0.960778987645 0.00169378676011 -0.000808841551123 -0.277308877899
1659006209.169065952 2.07345211209 -0.299111104409 0.0243548226656 0.954731338481 0.00110534285834 -0.000737513852687 -0.297466478131
1659006209.269915104 2.12148790017 -0.340560944884 0.0185446586206 0.947794286862 0.00181400299489 -0.000527832384331 -0.318876810976
1659006209.370810270 2.16195700361 -0.378379859752 0.027763708707 0.940661792453 -0.000499268932786 -0.00621192072675 -0.339288306591
1659006209.471548080 2.20086593303 -0.413499694475 0.0237421053541 0.931871123569 -0.000685298048521 -0.00178635131895 -0.362784437889
1659006209.572452545 2.24798029971 -0.466020686036 0.022150473851 0.924679750774 0.000378607409441 -0.00296047427836 -0.380734094556
1659006209.673356056 2.29592193936 -0.515491217304 0.0203356862139 0.918524096348 -9.7604897018 -0.00370375515385 -0.395347640816
1659006209.774248123 2.33542595469 -0.560112867294 0.0240484755473 0.911421263105 9.26665614662 -0.0029994495787 -0.411463577824
1659006209.875066519 2.3745596174 -0.606739259721 0.0198417964197 0.905237953531 0.00257393067666 0.00176500255614 -0.424893524467
1659006209.975956440 2.40844781973 -0.652223612817 0.0237942054828 0.899612896201 0.00163068795543 -0.00280353314183 -0.43667621649
1659006210.076804638 2.43962285723 -0.698072703115 0.0250200678708 0.893361868001 0.00157525941138 -0.00176348830678 -0.449331705391
1659006210.177693129 2.4675201307 -0.743731494266 0.0253069709421 0.886297995939 0.00208209893318 -0.00042639800508 -0.463110511048
1659006210.278527260 2.4954126776 -0.789367606713 0.0268409646015 0.878922317163 0.00238818768055 -0.000556153428166 -0.476958643539
1659006210.379368782 2.51902889352 -0.835817390371 0.0274013293373 0.87082451582 0.00278556603343 -0.00167729026357 -0.491583248257
1659006210.480214357 2.5399998312 -0.881987508006 0.0260275475275 0.861059120687 0.00291002422463 -0.000646283573144 -0.508496120692
1659006210.581075191 2.56103002332 -0.931348880814 0.0256499576864 0.84981991669 0.00299610656452 -0.00122953954786 -0.527063203776
1659006210.681931019 2.58008594999 -0.981291352789 0.0293867505549 0.837578592126 0.00296558421545 -0.00170299556142 -0.546306147804
1659006210.782807350 2.59255021578 -1.03149843207 0.0272070475357 0.8236481925 0.00280657270006 -0.0010890986893 -0.567093106998
1659006210.883643389 2.61545943423 -1.08796451566 0.0262108224703 0.808869072948 0.00292142373048 -0.00147417775861 -0.587979689199
1659006210.984519482 2.63423602296 -1.15093747191 0.0255254144079 0.794147437901 0.00290357997885 -0.00125835689441 -0.60771690172
1659006211.086021423 2.64765530479 -1.20708836502 0.0239754866386 0.780520518749 0.00302300682337 -0.000581716069063 -0.625122582258
1659006211.186215401 2.65591554873 -1.25924720111 0.0231656554138 0.767266529376 0.0027056050588 -0.000553664777181 -0.641322419736
1659006211.287060738 2.66254775418 -1.30696035488 0.0239668110038 0.753653165782 0.00336211520359 0.000556234958026 -0.657263487873
1659006211.387931824 2.66581943851 -1.3511566758 0.0273701630848 0.740168720597 0.00276768514204 -0.000959357830729 -0.67241481587
1659006211.488784790 2.66875421371 -1.40127945075 0.0308743657639 0.726018148152 0.00268988658619 -0.000964370366947 -0.687669603119
1659006211.589665890 2.66985238421 -1.45074323685 0.0330552450348 0.711552921462 0.00316286011562 0.000120604277781 -0.702625377943
1659006211.690488338 2.66936086447 -1.50159430112 0.0317624293422 0.69785799993 0.00360575829428 0.000853070083657 -0.716226558229
1659006211.791375637 2.66213360587 -1.55029704091 0.0294673086474 0.685101003914 0.00390313515051 0.0011937518426 -0.72843665128
1659006211.892107487 2.65633350906 -1.59791609691 0.0285911992192 0.67252645017 0.00283731912486 -0.000712059997525 -0.740067305326
1659006211.993105888 2.64670243342 -1.64282413371 0.031080797159 0.662442805037 0.00308906367176 0.000518308797969 -0.74910594651
1659006212.093911648 2.63240001566 -1.686129399 0.032602796658 0.652414801665 0.00321414137522 0.00080903578009 -0.757854828661
1659006212.194702625 2.61829661039 -1.7339305501 0.0297433667838 0.638228984747 0.00252201129071 0.000565651861565 -0.76984224522
1659006212.295652866 2.59852208031 -1.7782267299 0.0273482260592 0.620787365497 0.00322048070891 0.00167856877514 -0.783970571992
1659006212.396479607 2.57680237398 -1.82509371362 0.0275508896693 0.603274355649 0.00346802075668 0.00196227167769 -0.797523776535
1659006212.497403622 2.56087581457 -1.8646456783 0.0278384990831 0.581581413674 0.00433764675674 0.00146494202576 -0.813475321097
1659006212.598227739 2.54332421875 -1.90167866272 0.0268839406522 0.56065908029 0.00263822005117 0.00102436442085 -0.828041898796
1659006212.698990822 2.52473591497 -1.94639174491 0.025379574878 0.537423839145 0.00338918393684 0.00144334535195 -0.843304243619
1659006212.799929619 2.50332792922 -1.99019704302 0.0223930047369 0.514894978423 0.00553027032957 0.00261074450932 -0.857231451428
1659006212.900786161 2.47654740832 -2.03294065979 0.0268458675729 0.489171795304 0.00346280658586 0.00236623539302 -0.872177369908
1659006213.001646042 2.44566058478 -2.06860077757 0.026773428457 0.463654409095 0.00449139586428 0.0026673514926 -0.886000734495
1659006213.102458954 2.41104360361 -2.10214605411 0.0282082808865 0.439308354722 0.00648064572844 0.00202693545694 -0.898310671335
1659006213.203366756 2.37556183525 -2.12934228501 0.023178714468 0.413444219275 0.00763087826281 0.00439068361764 -0.910486885761
1659006213.304252863 2.34547452767 -2.15927002701 0.0221272040304 0.391142546939 0.00728397480382 0.00294856072771 -0.920296559634
1659006213.405071259 2.31289612497 -2.18798699455 0.0248128137111 0.3672650963 0.00644738778069 0.00323997934729 -0.930088319873
1659006213.505946636 2.27684199126 -2.20935737739 0.0202880337472 0.344859789607 0.00713296383783 0.00420621005477 -0.938617682625
1659006213.606777906 2.24775806553 -2.22638660913 0.0204366321258 0.324964866438 0.00721172442493 0.00456784192429 -0.945687560155
1659006213.707667828 2.22467370724 -2.23602206062 0.0200719054838 0.305276154485 0.00632480934379 0.00433239016674 -0.952233005459
1659006213.808398724 2.20664423484 -2.23739810154 0.0219604042053 0.287345580585 0.00529726548394 0.00395908140592 -0.957804145935
1659006213.909356356 2.19135758917 -2.24586274679 0.0230524372127 0.270479370568 0.00547257881314 0.00391309047752 -0.962702263787
1659006214.010204792 2.1772114823 -2.24821101882 0.0219066967059 0.252036897591 0.00542961013385 0.0041146260412 -0.967693645447
1659006214.111107349 2.16054098143 -2.25221129389 0.022229792926 0.232179875204 0.00506066771471 0.00377370562751 -0.972652381038
1659006214.211913586 2.1435211983 -2.25745545087 0.0242114454483 0.210577333745 0.00493614711265 0.00294376246212 -0.977560307719
1659006214.312791824 2.12587544651 -2.25700629086 0.0238006539722 0.190303721481 0.00485942096365 0.0042274303449 -0.981704134885
1659006214.414869308 2.10449526158 -2.26127496088 0.0238108038572 0.170368912993 0.00481350554557 0.00378953583863 -0.985361305851
1659006214.514494181 2.08410286949 -2.26635007915 0.0237340767917 0.15088048032 0.00484059377226 0.0036316793193 -0.988533489678
1659006214.615292311 2.0634947506 -2.26583636548 0.0234307426198 0.132716550585 0.00483120882953 0.00384118906338 -0.991134815193
1659006214.716205597 2.04148715738 -2.2597304462 0.0218767910054 0.11227151182 0.00403745995397 0.00497201585294 -0.993656925508
1659006214.817019463 2.01934251684 -2.25399028935 0.0185115924047 0.092992158676 0.00385497122565 0.00464798420354 -0.995648529284
1659006214.917959213 1.99408908596 -2.25321751281 0.0178266039238 0.0755698735808 0.00425075104729 0.00304097596558 -0.997126811287
1659006215.020762205 1.96957823758 -2.25058434445 0.018321939979 0.0590736216366 0.0034948580902 0.00297715193171 -0.998243071481
1659006215.119605064 1.94313042236 -2.2529536559 0.016798354892 0.0458600800029 0.00301858043351 0.00409272214965 -0.998934928241
1659006215.220566988 1.9089919501 -2.25209749561 0.016365140769 0.0320982171339 0.00321008063308 0.00378619230268 -0.999472393109
1659006215.321304798 1.87836244499 -2.24875827973 0.0173822128067 0.0179508361006 0.00326275243975 0.00368234617461 -0.999826766123
1659006215.422217131 1.84710591501 -2.2414723679 0.0176750111143 0.00349423089939 0.0027257802939 0.00354935451217 -0.999983881147
1659006215.523080349 1.82027088354 -2.237950951 0.0187540165321 -0.0120442617227 0.0025762640628 0.00312557602356 -0.999919261439
1659006215.623938084 1.79277261467 -2.23268652989 0.0197917153486 -0.0264804425076 0.00336686155707 0.00253207603438 -0.999640454863
1659006215.724794626 1.7634764742 -2.22062841177 0.0202249700851 -0.0423037272153 0.00362424486025 0.00189309049981 -0.999096429641
1659006215.825638533 1.73757353653 -2.21226868729 0.0215251384835 -0.0577784072481 0.00258195895736 0.000955357686138 -0.998325636471
1659006215.926525831 1.71509837664 -2.20502451923 0.0225113897696 -0.0723422348252 0.0019451564735 0.00173907934171 -0.997376455021
1659006216.027353764 1.69536406852 -2.19955852693 0.0216921982398 -0.0848608941457 0.00252085965051 0.000776854329335 -0.996389316687
1659006216.128162861 1.67220202128 -2.19196198101 0.0249652827822 -0.0966917168607 0.00336718912471 -0.000870065213594 -0.995308302444
1659006216.229077578 1.65300935658 -2.18645220988 0.0238298105439 -0.107781186592 0.00343548755623 0.000125745529994 -0.994168696666
1659006216.329972982 1.62953319291 -2.177965192 0.0248246384156 -0.119126630063 0.00348397846454 -0.000364367755621 -0.99287288972
1659006216.430777073 1.60364251839 -2.16853941793 0.0258385329639 -0.129901045684 0.00309835494918 -0.000226245226943 -0.991522096244
1659006216.531650066 1.57494895984 -2.15844216724 0.0239293938604 -0.140112985307 0.00334410391319 -0.000833283368277 -0.990129523828
1659006216.632522583 1.54420747371 -2.14778801184 0.0242299396141 -0.151001002532 0.00146505824603 -7.59303120268 -0.988532520999
1659006216.733361244 1.51175808018 -2.13301088335 0.0237964240119 -0.159953887242 0.00250409010018 -1.20607701605 -0.987121311361
1659006216.834213495 1.47694259845 -2.12143808664 0.0218183930415 -0.168425072255 0.00381926725441 0.000714327227554 -0.985706801219
1659006216.935074329 1.44757521025 -2.11108053839 0.0238308510784 -0.175348319874 0.00416830288778 7.34860973238 -0.984497631571
1659006217.035937786 1.4219493777 -2.10033239314 0.0229030602594 -0.179944185347 0.00390285959446 0.000226186542576 -0.983669053435
1659006217.136799335 1.39206016656 -2.09109599632 0.0233508681834 -0.180345353357 0.00385344482277 -9.75222452267 -0.983595798575
1659006217.237659693 1.36305135498 -2.0808281575 0.0236394804455 -0.179196280164 0.00345757098996 0.000242816706842 -0.983807236921
1659006217.338514805 1.33331235194 -2.07157614616 0.0243154348625 -0.177198071138 0.00308962018468 0.000846546952235 -0.984169996083
1659006217.439360857 1.30181578453 -2.055252931 0.023516567706 -0.178404747973 0.00351586810952 0.00118650231708 -0.983950190195
1659006217.540258884 1.2646200965 -2.04370889691 0.0245182914562 -0.179191948952 0.00338700913279 0.00161609791396 -0.983806973866
1659006217.641096830 1.21900340156 -2.02720215365 0.022869269586 -0.181227827936 0.00305439157834 0.0016243598137 -0.983435054556
1659006217.741910458 1.16733475995 -2.00918006561 0.0230559865813 -0.184085072277 0.00266864111764 0.00231340196077 -0.982903969211
1659006217.842763901 1.11343018486 -1.98889089741 0.0203753344554 -0.185999199491 0.00409344307671 0.00310076364246 -0.982536476054
1659006217.943659067 1.06281871513 -1.97356279429 0.0224503388518 -0.182879169242 0.00388125338099 0.00193925863272 -0.983125823384
1659006218.044552326 1.01409435878 -1.96002535019 0.0236006746388 -0.176945858337 0.00481114529999 0.0015985399955 -0.984207529319
1659006218.145344019 0.962271228877 -1.94898875674 0.022915389381 -0.168168278711 0.00356164557218 0.00142337869962 -0.985750840075
1659006218.246135950 0.920602348572 -1.94135334552 0.0211054097667 -0.161269931547 0.00495269370288 0.0022540683874 -0.986895333447
1659006218.347090960 0.880335995211 -1.93193149614 0.0211408410909 -0.154816601404 0.00395470182425 0.00234796742827 -0.987932521639
1659006218.447971344 0.841929920017 -1.92220606028 0.0231673731963 -0.148681677252 0.00389501929636 0.00131682921908 -0.988876561374
1659006218.548817635 0.806305492589 -1.91166640062 0.022206044149 -0.140135727983 0.00382135745278 0.00179989280829 -0.990123293007
1659006218.649637938 0.782813810881 -1.90806629714 0.0226846611284 -0.130515761828 0.00498201892457 0.00133359125127 -0.991432820183
1659006218.750526428 0.780196104739 -1.91101730924 0.0260287351974 -0.120162191534 0.00480449924736 0.00132225932232 -0.992741767099
1659006218.851418972 0.781924193647 -1.9160901777 0.0249119002853 -0.107663002726 0.00304117522745 0.00127012565351 -0.99418198328
1659006218.952208519 0.780222540391 -1.91851040883 0.0228562902333 -0.0900849669563 0.00275136827837 0.00112006518268 -0.995929653216
1659006219.053091526 0.77658919866 -1.92486755889 0.0227883339165 -0.0689752311671 0.00284538374468 0.000319019932307 -0.997614263883
1659006219.154073954 0.771699725399 -1.93327028005 0.0204052348316 -0.0475130425447 0.00348004801563 0.00122555377209 -0.998863803565
1659006219.254828453 0.757906370018 -1.94036725272 0.021830310133 -0.0191331364384 0.00235121960863 0.000853208208594 -0.999813816114
1659006219.355652332 0.729674464334 -1.94248924728 0.0228559226368 0.010908067932 0.00231197839101 0.00172059473066 -0.999936352156
1659006219.456541300 0.698558830011 -1.95206546363 0.0189908546732 0.0378910177174 0.00362591730047 0.000557747668768 -0.9992751435
1659006219.557325840 0.658443538419 -1.961257415 0.0206090409427 0.0553537412076 0.00242137908406 0.000910132160754 -0.998463455474
1659006219.658251286 0.618290219992 -1.9685850746 0.0229453440414 0.0708653692375 0.00210505425447 0.00132336855729 -0.99748279027
1659006219.758943558 0.581544057201 -1.9830390239 0.0218059622619 0.0853579118755 0.00209379135116 0.000786339129504 -0.99634784317
1659006219.859971285 0.541391275566 -1.99496208477 0.0204037236628 0.0998694086273 0.00194833952029 0.000905409359405 -0.994998233882
1659006219.960734367 0.504118084266 -2.0076205668 0.0172620819299 0.115775489953 0.00294369959038 0.000226600467993 -0.99327102002
1659006220.061695576 0.469111657362 -2.02342436077 0.0148518456813 0.131672079427 0.00342155693783 0.00132137851417 -0.991286543037
1659006220.162497997 0.437265012096 -2.03510186124 0.0172744028283 0.148184309857 0.00341024695891 0.00116622125177 -0.988953194269
1659006220.263417721 0.401769194086 -2.05356946893 0.0142421479101 0.166140300668 0.00340719224485 0.00115432037948 -0.986095562853
1659006220.364227295 0.369078552423 -2.0735694919 0.014551931492 0.185747163803 0.00421298161205 0.00119301563903 -0.982587817266
1659006220.465114117 0.3376528682 -2.09683761198 0.0170835900308 0.205196872372 0.00397326875318 0.00126986198671 -0.978711828964
1659006220.565808296 0.302684126166 -2.12465558237 0.0175979481421 0.224543316836 0.00405102177598 0.000912163145103 -0.974455261182
1659006220.666825771 0.261853967484 -2.1551784283 0.0136828802567 0.244895752769 0.00425869078897 0.000755027725018 -0.969539769046
1659006220.767518044 0.215556963569 -2.18803059283 0.0122313700542 0.2624728135 0.00552908444821 0.000726248600413 -0.964923273614
1659006220.868538141 0.168081653618 -2.21864973971 0.0111992615414 0.273405916266 0.00596824686783 0.00144768928592 -0.961879144787
1659006220.969340324 0.118829569824 -2.24424745412 0.00965033245116 0.276082437346 0.00766616574912 0.00212992566836 -0.961101025444
1659006221.070215225 0.0724184442041 -2.27169621969 0.00938682636106 0.274915291488 0.00782899175393 0.00153759847474 -0.961435346336
1659006221.171010971 0.0271182747771 -2.30113361389 0.0096428387723 0.271606357028 0.00664085802254 0.00166930955591 -0.962384070542
1659006221.271794796 -0.0159048508685 -2.33265158887 0.00839928114238 0.270552831964 0.00685602840813 -0.00134041426013 -0.962679782316
1659006221.372656345 -0.0632180634516 -2.36452642065 0.0113063856414 0.271883695657 0.00558574924986 -0.0016146836842 -0.96231255226
1659006221.473668337 -0.115232823349 -2.40187852888 0.0107963709595 0.272895747912 0.00631267933326 -0.00148368639877 -0.962021756264
1659006221.574497938 -0.164084392351 -2.43346334629 0.0103753897941 0.273837121084 0.00563341288106 -0.00326948430773 -0.961754025855
1659006221.675265312 -0.207647485253 -2.46363743981 0.0121882664796 0.273179521481 0.00433429346642 -0.00397265913123 -0.961945102863
1659006221.776214123 -0.256978155505 -2.49585028089 0.0138877283505 0.27358131854 0.00433860265944 -0.00458029080725 -0.961828186117
1659006221.877090931 -0.302796586705 -2.5276366777 0.0131789359017 0.274974912688 0.00413983868558 -0.00409536172229 -0.961433766382
1659006221.977958441 -0.35086879026 -2.55584656489 0.0126500704759 0.275894565812 0.00470206084647 -0.0048128584473 -0.96116435409
1659006222.078805208 -0.401826221761 -2.58745786356 0.011145613615 0.277232735893 0.00425609960139 -0.0051453906894 -0.960779590083
1659006222.179705381 -0.452992459344 -2.62220485638 0.014158218025 0.279894263154 0.00399875956868 -0.00446148582377 -0.960012138736
1659006222.280510426 -0.500226865807 -2.65817693706 0.0100869288455 0.282072133522 0.00447527532061 -0.00466333785124 -0.959371427905
1659006222.381374359 -0.546741441536 -2.69113229914 0.0101105611658 0.281690376225 0.0034445937182 -0.0051513605512 -0.959485346527
1659006222.482270956 -0.591313023041 -2.72125907593 0.011590986783 0.280387728627 0.0025028237741 -0.0066654079373 -0.959860422064
1659006222.583162308 -0.632954275806 -2.75205559688 0.0112441640248 0.280600062542 0.00208470818264 -0.00586045793542 -0.959804622788
1659006222.684223175 -0.677548520238 -2.7822340384 0.0104488672877 0.281544467501 0.00220435670224 -0.00576414834412 -0.959528336333
1659006222.784716129 -0.724542658868 -2.81019252925 0.0127431691659 0.281156842957 0.00315550058605 -0.00550230793118 -0.959640868805
1659006222.885654211 -0.773844909109 -2.83970960545 0.0155756490218 0.280032046864 0.00249445977583 -0.00660594354759 -0.959964682637
1659006222.986532688 -0.820076167792 -2.86856551538 0.0116439975242 0.279651535781 0.0029008733906 -0.00718362054721 -0.960070309438
1659006223.087360859 -0.868412619577 -2.8993006694 0.0118957663894 0.278599067264 0.00145622085044 -0.00712709532245 -0.960379947548
1659006223.188314915 -0.906375673114 -2.92427063933 0.0095451759358 0.277329794565 0.00274292683126 -0.00471880391914 -0.960759280095
1659006223.289211750 -0.944756224893 -2.9484434814 0.00745801066174 0.277274798359 0.0026606554897 -0.00584700960988 -0.960769181222
1659006223.389814377 -0.983328533422 -2.97786232107 0.00804128327737 0.278961059469 0.0020016004107 -0.00645767062117 -0.9602786155
1659006223.490779877 -1.0222803851 -3.00636373792 0.00775170786458 0.27775150558 0.00127550866304 -0.00601641577295 -0.960633268718
1659006223.591728210 -1.06306832784 -3.04062530056 0.00773269288836 0.271884683199 0.00154554373777 -0.00670398571462 -0.962305246225
1659006223.692654610 -1.1072809943 -3.06239033584 0.00759022775941 0.264158793165 0.00165472373763 -0.00550384183521 -0.964462078885
1659006223.793374300 -1.15291996482 -3.08774702151 0.0055506213025 0.254080467255 0.00217742774457 -0.00678244906115 -0.96715685044
1659006223.894224167 -1.19616423343 -3.11251600912 0.00652430343536 0.245433392889 0.00162369559176 -0.00645297461635 -0.969390619093
1659006223.995079517 -1.24948697404 -3.13442132351 0.00768873827858 0.238005784588 0.00150690970444 -0.00628201211474 -0.97124225199
1659006224.095918179 -1.29588840749 -3.16150965825 0.00832998660162 0.235312464607 0.00256037432123 -0.0058242249467 -0.971898948908
1659006224.196823359 -1.34288337739 -3.18666245015 0.0082062969254 0.231595324967 0.00232773190685 -0.00634220396909 -0.97278875588
1659006224.297637701 -1.39031956057 -3.21425950489 0.0079034635086 0.228440953474 0.00187510109022 -0.00591428681972 -0.97353799925
1659006224.398552179 -1.44358517463 -3.23942807416 0.00656239311311 0.225506970349 0.00253188591871 -0.00697979474368 -0.974213261223
1659006224.499359131 -1.495544951 -3.26448363827 0.0110033004477 0.225212712914 0.00310773640057 -0.00707532754118 -0.974278972193
1659006224.600227833 -1.54613256953 -3.28728316477 0.0114148552533 0.225504177273 0.00197274721327 -0.00670056759964 -0.974217160953
1659006224.700974464 -1.59511520159 -3.31174446637 0.0118043697268 0.225189736814 0.00267160922167 -0.00665167028864 -0.974288561064
1659006224.801989555 -1.64292903496 -3.33558156213 0.00956576784643 0.225369282307 0.00218123199634 -0.0053519060557 -0.974256273226
1659006224.902781963 -1.69231725466 -3.35958146183 0.00989882854126 0.223955660302 0.00452445722109 -0.00532355189587 -0.974574292346
1659006225.003639698 -1.74681951856 -3.39032250223 0.00559596371517 0.221116563134 0.00557701256457 -0.00503210666392 -0.975218457753
1659006225.104511261 -1.79982750663 -3.41739844707 0.0091578285799 0.217123368601 0.00558789229555 -0.00312197017867 -0.976123184628
1659006225.205364704 -1.85162804767 -3.44141732751 0.0102337975047 0.212033151335 0.00481410197856 -0.0019469364915 -0.977248676947
1659006225.306217670 -1.90006389501 -3.46606797902 0.0133053884098 0.207473830958 0.00308306848196 -0.00128729386256 -0.978234862919
1659006225.407077789 -1.94742750762 -3.48680451073 0.0132627932803 0.202645133265 0.00243424797361 -0.000393895489675 -0.979249135433
1659006225.507952213 -1.99110062175 -3.50921562226 0.0103051264294 0.198581083509 0.0033129443226 -0.00109232341592 -0.980078254275
1659006225.608785868 -2.04395363355 -3.52946602132 0.0102695470474 0.191235528761 0.00121924650082 0.000985229577439 -0.981542925857
1659006225.709658146 -2.09362461172 -3.54881956135 0.0123080258126 0.182679215307 0.000932115558249 0.00112669703193 -0.983171483521
1659006225.810418606 -2.14809001467 -3.56896549318 0.014610469053 0.171273377767 8.00633483666 0.0011745679248 -0.985222839792
1659006225.911396265 -2.20044595036 -3.58697030921 0.0139355090379 0.16200692123 0.00107041597134 8.96384702952 -0.986789037053
1659006226.012233734 -2.25862492002 -3.59941904943 0.0123795800275 0.152895452052 0.0014683153088 0.000753830335608 -0.988240991121
1659006226.113108158 -2.3153526158 -3.6150092031 0.0144676738395 0.143701724587 0.00240360790524 0.000375515777472 -0.989618055619
1659006226.213940144 -2.37165347751 -3.62778693801 0.012609852035 0.133320598941 0.00247790763451 0.00105698990355 -0.991069301635
1659006226.314826965 -2.4255168057 -3.63711946731 0.0133060052746 0.122796427287 0.00263147133385 0.00142757062598 -0.992427365023
1659006226.416641712 -2.4785921824 -3.64768193624 0.0161384133832 0.111316730571 0.00232567045703 0.000473210397322 -0.993782145555
1659006226.516584396 -2.53522339111 -3.65829073232 0.0210881993543 0.0997337312338 0.001611517046 0.000590736902005 -0.995012681777
1659006226.617404461 -2.5918484039 -3.66589301624 0.0201227538231 0.0868554385199 0.00130660517196 0.00024592923076 -0.996220038496
1659006226.718241930 -2.65329740617 -3.67445961815 0.0189670893993 0.0723256815048 0.00213112220713 -0.000926949103918 -0.997378360943
1659006226.819037437 -2.71961908055 -3.67975554582 0.0168730137563 0.0580729649396 0.0022212619126 -0.00236024303975 -0.998307080007
1659006226.919940948 -2.78409455417 -3.68334285597 0.0159998050073 0.0416782860076 0.000795691743775 -0.00179325764618 -0.999129156604
1659006227.020831108 -2.84518142136 -3.68807818129 0.0162633095099 0.0279818559064 0.000514691765636 -0.00158669781497 -0.999607039402
1659006227.121653080 -2.90540133836 -3.69236340704 0.0127193645386 0.0194759880715 -3.08637445354 -0.000879671649431 -0.999809937495
1659006227.222586632 -2.96821580612 -3.69233960954 0.0133398712546 0.00949986143642 0.000233979161298 -0.00142623104784 -0.99995383081
1659006227.323402643 -3.03041867105 -3.69062243152 0.0131862258321 3.07472221465 -5.69414576738 -0.000881575471384 -0.999999609791
1659006227.426087379 -3.09272220956 -3.68982718981 0.0132245987211 -0.00763981544614 0.000574301051161 -0.00125349742198 -0.999969865617
1659006227.525063038 -3.15593469059 -3.69088563195 0.0167441668227 -0.0114080339688 0.000990687771024 -0.0013253284315 -0.999933557194
1659006227.625974655 -3.22338393014 -3.69080619514 0.016730285413 -0.0128523709864 0.00120142747411 -0.00041663091516 -0.999916596297
1659006227.726847649 -3.28914932722 -3.69088373134 0.0154060212517 -0.0123172186129 0.00148639728218 -0.000198456736309 -0.999923015719
1659006227.827640295 -3.35764536101 -3.69336403877 0.0146440494503 -0.0115871784694 0.0016773475795 -0.000288080476214 -0.999931418053
1659006227.928354740 -3.42574696085 -3.69521647653 0.0137367850266 -0.011455988276 0.0012138784869 -0.000272038543303 -0.999933604209
1659006228.029410601 -3.49277751802 -3.69781213437 0.00932317564828 -0.00917344134289 0.000319110549098 -0.000190066015053 -0.99995785412
1659006228.130170822 -3.56985698477 -3.69771027991 0.00903722396307 -0.00504691195704 0.000168817711381 0.000274348429123 -0.999987212375
1659006228.231263876 -3.65025661793 -3.69714763698 0.0132252160677 -0.00400126465424 -0.000210318253024 0.000800167124297 -0.999991652655
1659006228.332052946 -3.7322432145 -3.69372398505 0.013886160017 -0.00461023174082 -0.000297351393045 0.000766861257809 -0.999989034574
1659006228.432776928 -3.81011574905 -3.69432668479 0.0141444130892 -0.00466260447422 0.00054418224146 -0.0015754111498 -0.999987740957
1659006228.533561230 -3.87913587 -3.69833578714 0.0122593252073 -0.00132646481907 0.000693651536687 -0.000868256281735 -0.999998502734
1659006228.634500980 -3.94783514102 -3.70559243238 0.00814691236465 0.00429590476952 0.000503099715171 -0.00225893198335 -0.999988094589
1659006228.735367298 -4.01150376296 -3.71155161238 0.00742394020894 0.0104531970177 -0.000331495238942 -0.00238512522982 -0.999942464325
1659006228.836252689 -4.07648388453 -3.71760268253 0.00921951368453 0.0174744680464 -0.000391167936445 -0.00207349724689 -0.999845083282
1659006228.937070370 -4.14089942916 -3.72931549912 0.0104545355027 0.0270364716171 -0.00125926568371 -0.00141278779711 -0.999632656271
1659006229.037959576 -4.20392302399 -3.73938565954 0.00923316955404 0.0365083724311 -0.00106632975061 -0.00161329011419 -0.999331476027
1659006229.138786793 -4.26296348596 -3.74693173252 0.0118013208144 0.0474020412512 0.000842093616293 -0.000284245618677 -0.998875496029
1659006229.239669800 -4.30500695226 -3.75239289449 0.013368545707 0.0558901491355 0.000390815499251 1.17803946229 -0.998436847454
1659006229.340496063 -4.32446030074 -3.7606927947 0.0178001519467 0.0637148799806 0.00121385689558 0.000362425802424 -0.997967338778
1659006229.441396236 -4.3245179491 -3.76698753539 0.0223889149863 0.0742262383784 -0.000352181542926 0.000958490241999 -0.997240905098
1659006229.542098999 -4.32596509898 -3.77423886954 0.0242803830624 0.0869759521503 -0.00129509474019 0.000224453570767 -0.996209544272
1659006229.643092632 -4.33619898333 -3.78099431754 0.0214524522563 0.100454189246 -0.00259616040811 -0.000264200205482 -0.994938262412
1659006229.743967533 -4.35292671231 -3.79099444955 0.0199955465896 0.115168225753 -0.00112594243234 0.000321367982944 -0.99334531194
1659006229.844842911 -4.38454966912 -3.80741175585 0.0156972946071 0.131996863999 -0.00100393966384 -7.93121724739 -0.991249625441
1659006229.945674419 -4.42785510129 -3.82548439085 0.0097690594695 0.148523444665 -0.000408501083866 2.09014473351 -0.988908802203
1659006230.046404839 -4.48444894171 -3.83793977116 0.00641862868828 0.157170747094 -0.000165343257679 0.000664385716185 -0.987571206299
1659006230.147231102 -4.54802206991 -3.85330858986 0.00748174369386 0.157550711102 -0.000439255938525 0.000240967803819 -0.987510770787
1659006230.248244047 -4.61013888477 -3.86647235476 0.00898523299577 0.154361028493 -0.000421589591395 0.000119328165929 -0.988014413309
1659006230.349089146 -4.66909390528 -3.88269736047 0.00646835640523 0.151307551138 -0.00074206157393 -0.00019585082936 -0.98848643691
1659006230.449917793 -4.72397463631 -3.89713733063 0.0108048544393 0.148953585057 -0.000294074436811 0.000721119671739 -0.988843882018
1659006230.550892830 -4.77614288394 -3.91378448911 0.0111343500876 0.14892754606 -0.000330572459687 -0.000253744638077 -0.988848022883
1659006230.651666164 -4.83008683002 -3.93316522209 0.0100593449232 0.15079957905 -0.000412596618421 -0.000174058421124 -0.988564255082
1659006230.752521276 -4.88618318401 -3.95112036784 0.00935763389519 0.147634215442 0.000861739073473 1.284624732 -0.989041655258
1659006230.853397608 -4.94632577597 -3.97011518984 0.0101021482773 0.142402639463 0.00122353456797 0.00102575658263 -0.98980752627
1659006230.954280853 -5.00514621656 -3.98471252703 0.009143300711 0.134981088068 0.00241249304031 0.000884552029436 -0.990844843206
1659006231.055099726 -5.0628310966 -3.99279602728 0.0102736829612 0.12612656302 0.00258612933535 0.000105066876589 -0.992010781694
1659006231.155950069 -5.12183693006 -4.00305463332 0.00447134926541 0.115622168656 0.00363302004303 0.000406418899767 -0.993286539778
1659006231.256793976 -5.17994083175 -4.01286172387 0.00500009281669 0.10412866594 0.00417573511583 0.00153071303793 -0.994553890487
1659006231.357557058 -5.23778184098 -4.0240422408 0.00373647202085 0.0926439548392 0.00437239276283 0.00161534080269 -0.995688390254
1659006231.458557844 -5.29312871147 -4.03353818276 0.00182624958392 0.0814477894441 0.00421877860375 0.00207648234033 -0.99666651781
1659006231.559370279 -5.34630626011 -4.04138885957 0.00610184643534 0.070537414785 0.00325105980084 0.00264436823121 -0.997500331349
1659006231.660271168 -5.39479663898 -4.05267813841 0.00636413647585 0.0648765440717 0.00278682705133 0.00280394424725 -0.997885467136
1659006231.761087894 -5.44476283023 -4.06289860432 0.0141547930219 0.0632619575846 0.00223119992889 0.00118510990657 -0.997993758489
1659006231.861895084 -5.49714231789 -4.0715654571 0.0163713085482 0.0618435367231 0.00159503300662 0.00285831565427 -0.998080489172
1659006231.962764740 -5.55134300192 -4.07806729666 0.0174017094914 0.0537452105901 0.000987452468482 0.00180394706103 -0.99855256399
1659006232.063744068 -5.603214138 -4.08115778618 0.0189708820723 0.0366859010987 0.000153899406702 0.00306210139923 -0.99932214251
1659006232.164522171 -5.64991662662 -4.08000371309 0.0238435172894 0.0176791083365 -0.000223208006672 0.00374448349005 -0.999836675738
1659006232.265385628 -5.69825502321 -4.07622019323 0.0229647410845 -5.05977775881 -0.00106120043532 0.00305532386998 -0.999994769398
1659006232.366247416 -5.74984686069 -4.06930128184 0.0203643788884 -0.0174859289161 -0.00168568373921 0.00149434035056 -0.999844571775
1659006232.467107296 -5.80039932206 -4.06124030212 0.020585134114 -0.0369268535513 -0.00168896969898 0.000155863404943 -0.999316531723
1659006232.567934990 -5.85566054671 -4.05941359851 0.0187177730354 -0.0559184529258 -0.00104821447527 0.000674421161708 -0.998434561213
1659006232.668866634 -5.91203076981 -4.05734197093 0.0176648893824 -0.0744144978098 -0.000713018193885 0.00143771814549 -0.9972261063
1659006232.769589424 -5.96942383866 -4.04972763248 0.0139206593749 -0.0879034601325 -0.000354048832871 0.00132710766375 -0.996128051573
1659006232.870513916 -6.02339567874 -4.04547910267 0.0110669283074 -0.0937706431524 6.88001576546 0.00132038616668 -0.995592948112
1659006232.971276760 -6.07643083522 -4.03774476233 0.0128443751576 -0.095488955398 0.000562275653947 0.000643657969706 -0.995430122584
1659006233.077569485 -6.12940298263 -4.02978079042 0.0166650693551 -0.0963989238073 0.000720964875732 0.00118047488027 -0.995341817758
1659006233.172950745 -6.17069380098 -4.02702964737 0.0147215398098 -0.0985076901582 0.00159336585507 0.000416486775266 -0.995134926884
1659006233.273947239 -6.21040292105 -4.01552631393 0.0175327920216 -0.0988403271355 0.00156670593491 0.000661171234483 -0.995101853087
1659006233.374806881 -6.24829581191 -4.01080813466 0.0162583512442 -0.0950373037916 0.00202308524959 -0.000173365177876 -0.995471640961
1659006233.475652218 -6.2948185355 -4.00846087905 0.0137563177326 -0.0848211719475 0.0019132090517 -0.000857413028216 -0.996393984959
1659006233.576504946 -6.34358473635 -4.00480112839 0.0100506331249 -0.0655787311419 0.00264637316648 0.000569822470765 -0.997843726258
1659006233.677387476 -6.38167029168 -4.00389843242 0.00860479361082 -0.0485785047702 0.00370602071403 0.00108195468291 -0.998811906046
1659006233.778221130 -6.41313706791 -4.00017393325 0.00626322942861 -0.0348312284759 0.00467307546023 0.000242612038573 -0.999382253709
1659006233.879101276 -6.43809641953 -4.00022344792 0.00460317010913 -0.0208965489914 0.00490288539069 0.00215899539369 -0.99976729027
1659006233.979990244 -6.45235146686 -4.00306916082 0.00811579955416 -0.00737787706341 0.00458940968818 0.00199364800174 -0.999960264019
1659006234.080792904 -6.45259726901 -4.00585776245 0.0151311468335 0.00676262996754 0.00403590780094 0.00202585397314 -0.999966936553
1659006234.181672096 -6.45097605598 -4.00686624713 0.0143014512873 0.0234191978209 0.00362285406894 0.0019988781281 -0.999717170298
1659006234.282541037 -6.45374259388 -4.01423805898 0.0174228766202 0.0431224982064 0.00340057252765 0.00208536379429 -0.999061828674
1659006234.383422852 -6.45407547975 -4.02057212661 0.0144369339378 0.0659157651241 0.00394234312745 0.00157999621431 -0.99781615213
1659006234.484241247 -6.45231202229 -4.0271746759 0.017187737891 0.0862353387469 0.0037022033876 0.00404601793899 -0.996259699968
1659006234.585123062 -6.44401186985 -4.02904392582 0.0170124452345 0.104961438527 0.00381739560255 0.00210056761823 -0.994466747322
1659006234.685965538 -6.43011637272 -4.02910528568 0.0193096136962 0.126495136121 0.00401482775444 0.00263329217228 -0.99195560761
1659006234.786798000 -6.40166725823 -4.02958141534 0.0188591513563 0.150233862337 0.0036972672553 0.00206246837693 -0.988641422886
1659006234.887655258 -6.37941292797 -4.02846155189 0.0164808938192 0.174160373535 0.0037818499782 0.00189968944597 -0.984708207075
1659006234.988566399 -6.35597327312 -4.02539287352 0.0115675752879 0.194502498427 0.00428169314897 0.00245420835322 -0.980889607484
1659006235.089405537 -6.33395564444 -4.01860306986 0.0125850947006 0.214245820853 0.0041668572765 0.00246623567537 -0.976767773439
1659006235.190281630 -6.32109049756 -4.01752349658 0.00893522165646 0.232655498204 0.00427690120727 0.00217989616075 -0.972547364052
1659006235.291086197 -6.30843230948 -4.01801134388 0.00815594640451 0.251457159528 0.00428194054217 0.00158567427982 -0.967857658721
1659006235.392000675 -6.29146995015 -4.0178636117 0.00485632012087 0.26711360501 0.00464886919453 0.00227576845363 -0.963651145857
1659006235.492791891 -6.27637912361 -4.01346387658 0.00591024915095 0.285075928053 0.00467853037053 0.00279411398418 -0.958489446747
1659006235.593676567 -6.26025381915 -4.0069980855 0.00611002799074 0.303305507802 0.00378420803695 0.00214695265442 -0.952883434267
1659006235.694519758 -6.24193939022 -3.99940290055 0.0060646309642 0.32078358767 0.00340206643573 0.00208165882662 -0.947144119193
1659006235.795408726 -6.22498739521 -3.98758859491 0.00508206094707 0.336032769667 0.00343577948059 0.00245845002029 -0.941840819434
1659006235.896283150 -6.20601053075 -3.97679046759 0.0103149863936 0.351646314219 0.00246504830793 0.00136047794873 -0.936128699663
1659006235.997074604 -6.19298219885 -3.96419174054 0.00907932600917 0.368358788781 0.00269055336111 0.00257646448125 -0.92967624767
1659006236.097962379 -6.16782485823 -3.94933795277 0.0173046198388 0.383992002444 0.00290515632061 0.00278452177009 -0.923327649626
1659006236.198816776 -6.15165074847 -3.93329556169 0.0201754762739 0.400947199846 0.00211193769916 0.00346510976445 -0.916092176404
1659006236.302675009 -6.13290456738 -3.91926564727 0.0212018439905 0.418142602612 0.0019744033028 0.00323246576136 -0.908373500702
1659006236.400567532 -6.11791119764 -3.90487736185 0.0251305310486 0.435191057657 0.00225710962436 0.00517880227825 -0.900320403411
1659006236.501382113 -6.09798785318 -3.89456682491 0.0266762257452 0.451689245952 0.00153500456645 0.00506355316696 -0.892159643383
1659006236.602218151 -6.07737074091 -3.8814286579 0.0256375970933 0.467381952907 0.00111348976375 0.00476814252464 -0.884041930597
1659006236.703094006 -6.06634555134 -3.86310478902 0.0268473862062 0.483631965703 0.00137668774535 0.00526554160215 -0.875254534723
1659006236.803974152 -6.04902843554 -3.84601660484 0.021534205251 0.499557360276 0.00154458043597 0.0041843492296 -0.866269328377
1659006236.904676676 -6.03519859624 -3.82913045587 0.0188157926889 0.516159097377 0.00100581742281 0.00375826791903 -0.856483887734
1659006237.005692482 -6.02482455383 -3.82171693197 0.0178809415258 0.531295399605 0.0021352936883 0.00405149976596 -0.847174258479
1659006237.106519222 -6.02397384554 -3.8234468213 0.0143856123158 0.544419052337 0.00182898968235 0.00407183825511 -0.838801508334
1659006237.207391262 -6.02344956162 -3.83448529842 0.0187222564529 0.55325992695 0.00193392466117 0.00362719265228 -0.832998533396
1659006237.308249712 -6.02677145157 -3.85094752707 0.0185947156608 0.565000652064 0.00223779290309 0.00413083973201 -0.825077082225
1659006237.409121990 -6.04113121918 -3.87244580433 0.0161076246065 0.588591486552 0.00281438101924 0.00468240234083 -0.808412157458
1659006237.509959221 -6.0449855868 -3.90160452316 0.0154511646769 0.616787579938 0.00312663694296 0.00452906955644 -0.787110407062
1659006237.610788107 -6.04247373104 -3.93439617673 0.0161078772746 0.644884674783 0.00138872284403 0.00314644037244 -0.764272155447
1659006237.711668491 -6.03645460655 -3.97097314899 0.020514345437 0.668155561707 0.00209037656186 0.00465851538619 -0.744004081925
1659006237.812554836 -6.03015049611 -4.00444805141 0.0262102423194 0.689680697197 0.002950003663 0.00585184572042 -0.724083965638
1659006237.913382053 -6.02139235374 -4.03670597587 0.0262602560657 0.713225693531 0.00215277967033 0.00594650604405 -0.700905924281
1659006238.014251232 -6.0113920421 -4.06524875551 0.0265537799073 0.734795755084 0.00256358009401 0.00475581176829 -0.678266915471
1659006238.115100861 -5.99761615999 -4.09380645882 0.0280193274892 0.755752891945 0.001926527973 0.00360330335305 -0.654844157805
1659006238.215980291 -5.98323544501 -4.12118048508 0.0272086388425 0.777334990202 0.00182313969568 0.00269532046252 -0.629078472384
1659006238.316812515 -5.96494223933 -4.15155176273 0.0246867808069 0.796116986712 0.00205542500142 0.00308272278504 -0.605131403513
1659006238.417522907 -5.94622507 -4.18398148045 0.0243541219353 0.814088197773 0.00164036996051 0.00233612174133 -0.580734240396
1659006238.518524885 -5.92836958845 -4.21654723344 0.023464725811 0.830830183488 0.00133686982415 0.00224623268784 -0.556519876935
1659006238.619403362 -5.90706074441 -4.24541133227 0.0199765153972 0.847056921612 0.00142652412315 0.00169216099537 -0.531497575882
1659006238.720228195 -5.87924505307 -4.27260777714 0.0175389582708 0.862487340621 0.000720299988793 0.00131499154587 -0.506076416397
1659006238.821072340 -5.85513604224 -4.29691413771 0.0196386500027 0.878009253122 0.00100070010374 0.0021472840351 -0.478637795418
1659006238.921947718 -5.82745097452 -4.32187549842 0.0251302745474 0.891546070996 0.00288050903707 0.00293887115209 -0.452911325753
1659006239.022778988 -5.79826434002 -4.34454202585 0.0247763214722 0.904687124144 0.00140855067788 0.00266260546573 -0.426065879794
1659006239.123707533 -5.76956265769 -4.36437897719 0.0246834014213 0.916190457597 0.00130867184741 0.00264760225412 -0.400732233529
1659006239.224728584 -5.73453259813 -4.38940254188 0.0229896264249 0.926464944675 0.00174402153472 0.00335590277242 -0.376362063169
1659006239.325412035 -5.69969803665 -4.41218344933 0.0204352193117 0.935659154081 0.00136522960922 0.0039509738064 -0.35288025354
1659006239.426259041 -5.66528895455 -4.43037662605 0.0182288936098 0.94401376944 0.000739083673843 0.00368089438482 -0.329884688761
1659006239.527077675 -5.63031329155 -4.44902510133 0.0177403751001 0.952093784227 0.000335509003194 0.00342269743424 -0.305786851602
1659006239.627946138 -5.59537999841 -4.46588933506 0.0181344473269 0.95944204699 -7.09745814612 0.00379607775387 -0.28188037926
1659006239.732017279 -5.55560550576 -4.47805583626 0.0181470550765 0.965651648032 -0.000235763917901 0.00413126305776 -0.259807181838
1659006239.829666376 -5.51742685239 -4.48981708548 0.0123462222653 0.970751610531 0.000148571199934 0.00368196642742 -0.240057767426
1659006239.930379391 -5.47513437348 -4.49758224476 0.00982415060121 0.975518743504 -0.000139977348805 0.00327894930269 -0.21989181424
1659006240.031377316 -5.42930054436 -4.51017848984 0.00927914738562 0.979597932912 -0.00014853868449 0.00288823107403 -0.200946574721
1659006240.132222652 -5.38552693125 -4.52658205263 0.0115779633904 0.983273637856 -0.000358760805443 0.00279121962611 -0.182112694453
1659006240.233102798 -5.34510942048 -4.53714002333 0.0115887213925 0.986171559334 0.000729441846172 0.00333563787723 -0.165692477186
1659006240.334210873 -5.3029174536 -4.54619140376 0.0109562388906 0.988816124629 0.000670782007168 0.00275624533041 -0.149112792333
1659006240.434815884 -5.26247850395 -4.5543309963 0.0128032993199 0.990809971181 -0.000160154090063 0.00259486720524 -0.13523624523
1659006240.535518408 -5.22498216139 -4.55494253499 0.0133393707255 0.992805005359 0.000741209741432 0.0022690713182 -0.119718516768
1659006240.636531830 -5.17810253069 -4.55959420344 0.0106617895098 0.994586029363 0.00181561972365 0.00173183016627 -0.103886161183
1659006240.737391472 -5.13020968098 -4.56412408234 0.0126996449269 0.99601094885 0.00122495396699 0.00183046608445 -0.089203916126
1659006240.838274479 -5.07982176905 -4.56845212932 0.011212378351 0.997264944713 0.000929752434586 0.00134299529962 -0.0738915554804
1659006240.939116478 -5.03278465408 -4.57134163824 0.00810700595014 0.998236207106 0.00082730997309 0.000902576274251 -0.0593546606134
1659006241.039970160 -4.98769856275 -4.5698830474 0.00852314963631 0.999004168536 0.00138810372385 0.000603040881782 -0.0445912632304
1659006241.140729427 -4.94154395515 -4.56781947399 0.00895684624362 0.999566795654 0.000256975331145 0.000340369716713 -0.0294285429023
1659006241.241651535 -4.89556672693 -4.56633133714 0.00791289005728 0.999881934163 0.00156229218963 0.000513222535782 -0.0152778787617
1659006241.342590332 -4.847548804 -4.56298198705 0.0110823737674 0.99999839494 0.00155134471636 0.000513717032489 -0.000734534762524
1659006241.443382502 -4.79767498509 -4.55404449056 0.00860294809534 0.999918352074 0.00215549218756 -0.000872969191652 0.012565069218
1659006241.544260025 -4.74362477315 -4.55046264614 0.00586484258447 0.999682511604 0.00287899614975 -0.00174863192509 0.0249705758908
1659006241.644998550 -4.68820097515 -4.54317508682 0.00576778254806 0.999325703633 0.00218671325612 -0.000996314071553 0.0366382819184
1659006241.745961666 -4.62745756048 -4.53552589612 0.00800246163421 0.998886855246 0.00358433920791 -0.000623718522075 0.0470299256303
1659006241.846832752 -4.57050389263 -4.52896660785 0.00864107194292 0.998327507635 0.00267896738117 -0.000674749010863 0.0577456088962
1659006241.947650909 -4.51239865251 -4.5180177077 0.0111197454162 0.99749003534 0.00207153280092 -0.000373241288132 0.0707756938557
1659006242.048393250 -4.45877316703 -4.50299735611 0.0118909044293 0.996567531646 0.00274609079218 0.000221668882007 0.0827379279227
1659006242.149439335 -4.40310019804 -4.48671639273 0.0115367070452 0.995754852272 0.00268780475168 0.00078851462415 0.092002326751
1659006242.250243187 -4.34371383593 -4.47406893888 0.0121181195481 0.994936533826 0.0032875936096 0.00153239780426 0.100439718952
1659006242.351124763 -4.28441928181 -4.45919831149 0.0132499122237 0.994250236048 0.00244661089215 0.00106469218899 0.107048347229
1659006242.451962948 -4.23003024328 -4.44526696315 0.0145273030998 0.993452584797 0.000968263518383 0.00193880336775 0.114224626358
1659006242.552831173 -4.17598671727 -4.42699278515 0.0172602852407 0.992343548963 0.000472237375511 0.00238931429645 0.123484205473
1659006242.653679371 -4.12162929049 -4.4098352308 0.016893942975 0.991178691754 0.000864401468327 0.00238733004343 0.132507941187
1659006242.754527092 -4.06757602968 -4.39114412423 0.0124009062082 0.990018729957 0.00117164326 0.00227616761499 0.140912599321
1659006242.855393887 -4.01210306246 -4.37070543457 0.0124094397008 0.988767750332 0.000699683823082 0.00193104913562 0.149446035059
1659006242.956236601 -3.95840420439 -4.34918489519 0.00990422560691 0.987359422135 0.000522349882379 0.00205999232606 0.158482980485
1659006243.057126045 -3.90580821051 -4.32505747556 0.00908668681429 0.985645180885 0.000808690053599 0.00134936222467 0.168822695869
1659006243.157978058 -3.85345287475 -4.30159472168 0.0112710694961 0.983890439949 -9.98286707581 0.00149469394011 0.178766210734
1659006243.258816957 -3.80166847159 -4.27695690824 0.011106641154 0.98201621725 -8.55599605854 0.00168980974693 0.188788999361
1659006243.359672070 -3.74926357613 -4.24773384829 0.0136071795988 0.979878625022 0.000908759905875 0.0014437108425 0.199586998771
1659006243.460557938 -3.69902064118 -4.22172667863 0.00917998094195 0.977589405119 0.000173104705823 0.00123894336756 0.210516959064
1659006243.561367035 -3.65138615375 -4.19494758452 0.00550247762745 0.975166838782 -0.000801092425255 0.00160262974966 0.221464277863
1659006243.662177801 -3.58984452949 -4.16378169137 0.00750355840443 0.972236537169 9.42606612909 0.00261258064265 0.233985643428
1659006243.762987614 -3.53084309778 -4.12570252909 0.00982054952642 0.968520511399 -0.000231066984259 0.00255087052015 0.248920587071
1659006243.863953590 -3.47094311603 -4.09150092225 0.010945939721 0.965225476898 -0.00080791506033 0.00243803872213 0.26140616287
1659006243.964818954 -3.41138772527 -4.05556741221 0.00826023229845 0.963019274711 -0.000732543663921 0.00333831771005 0.269410830424
1659006244.065655708 -3.3506367773 -4.02065833526 0.0104811344429 0.961941357687 -0.000200088568345 0.00387355619463 0.273228439035
1659006244.166529655 -3.28942842052 -3.98252040482 0.0104069051006 0.961356967036 -0.000537716599487 0.00332027110407 0.275284341349
1659006244.267398834 -3.22706627834 -3.94138953491 0.011623282324 0.960444519714 -0.00126501276163 0.00329547752757 0.278449033257
1659006244.368246555 -3.16353969946 -3.89634554413 0.0102004872739 0.95913166042 -0.00166247831903 0.00217850432881 0.282946900081
1659006244.469133615 -3.09968656309 -3.85177845859 0.00895184436393 0.958552385711 0.0009063101826 0.000417859875747 0.284914597454
1659006244.570838451 -3.03651162117 -3.80839975879 0.0106835503241 0.958697398954 0.000794304053417 -1.86736962008 0.284426907958
1659006244.670890570 -2.97114251019 -3.76656822045 0.0113235950928 0.959032022687 0.000478927992231 -1.94644942921 0.283297281507
1659006244.771643162 -2.90555282191 -3.72128334464 0.0118577706488 0.958814023847 0.000581304958592 0.000181128262806 0.284033971474
1659006244.872547150 -2.83617704527 -3.67417600483 0.0127809698065 0.958788320962 0.000344656474609 0.0013267409329 0.284118067987
1659006244.973471880 -2.76984268392 -3.62670447161 0.0130009955316 0.958610005568 -0.000699819807574 0.00145521633977 0.284717842472
1659006245.074288607 -2.69980533958 -3.58016182339 0.0133290351173 0.958751024877 -0.000158260980702 0.00187121323265 0.284240999528
1659006245.175094366 -2.63252920938 -3.52752349326 0.0106408018241 0.958531396357 0.000139348149131 0.00338737469694 0.284966784857
1659006245.275887489 -2.55676715418 -3.47558803955 0.0094324443643 0.958393790026 -0.000921079266144 0.00276342911354 0.28543450792
1659006245.376996994 -2.48579048317 -3.42643682538 0.0113517258683 0.958571643921 -0.000136636149912 0.00175243069679 0.284846123
1659006245.477715492 -2.41306952158 -3.3800206124 0.0122538985097 0.958876290482 -0.000553123362658 0.000924896187247 0.283822300346
1659006245.578531027 -2.34332171067 -3.33155427361 0.0144607355104 0.96000492804 0.000476859359862 0.000131359318743 0.279982666407
1659006245.679386854 -2.27340490243 -3.28846940865 0.0142348355039 0.961301768337 6.28218614378 0.000568342876985 0.275496974996
1659006245.780232191 -2.20326270515 -3.24055705772 0.0140129499869 0.963773656198 -0.000290153544133 0.000787258033922 0.266720144822
1659006245.881138563 -2.12783594204 -3.19927006506 0.0127162608908 0.967202570326 0.000475320961567 0.00187145229308 0.253998936396
1659006245.981963158 -2.0578895345 -3.16445820025 0.0100063138394 0.970444532433 0.000190662078744 0.00282450416693 0.241307677656
1659006246.082829952 -1.98256462008 -3.12612318725 0.0109427153263 0.973783620447 -0.000301788708133 0.00343081576513 0.22745021208
1659006246.183685780 -1.9145859583 -3.08844204109 0.0151407866718 0.975833500133 -0.000575284096829 0.00319139348426 0.218491336383
1659006246.284536362 -1.84693645652 -3.0530052803 0.0122474061745 0.977204236003 -0.00186565412101 0.00267205655774 0.212276377835
1659006246.385391951 -1.78066111843 -3.02312031481 0.0120973979322 0.977156232082 -0.000691702688838 0.00195167900403 0.212512142239
1659006246.486249685 -1.71144145041 -2.99039402981 0.00910384705791 0.975891408121 -0.00108747106359 0.0016521775307 0.218247674149
1659006246.586998940 -1.64325113407 -2.96021052534 0.0112235624778 0.975674812845 -0.000275507720209 0.00188973021656 0.219214535545
1659006246.687948704 -1.5799098283 -2.92630573487 0.0130359562099 0.975837057903 -0.00099303560669 0.00250695983489 0.218482872226
1659006246.788795710 -1.51276019849 -2.89173731854 0.0104886543087 0.975804161768 -0.00166444243092 0.00260090749565 0.21862457041
1659006246.889690399 -1.4478685998 -2.85841368456 0.0089614446317 0.975479696507 -0.000556526689553 0.00205472105833 0.220079145087
1659006246.990547895 -1.3806630239 -2.82945464847 0.00827287876612 0.975189518661 -0.000938381853044 0.00244230212183 0.221356177446
1659006247.091423988 -1.3141783462 -2.79552182212 0.00945411131306 0.975988727551 -0.00110795238702 0.00215026023044 0.217807604355
1659006247.192031622 -1.24936039437 -2.76032594483 0.0120302222109 0.977707631356 -0.00142338914181 0.00195181846131 0.209957024071
1659006247.293118477 -1.18600358294 -2.73027698831 0.0110704107703 0.979773494481 -0.00198204589731 0.00281562498869 0.200080092118
1659006247.393991709 -1.12789835805 -2.70053962837 0.0132936200498 0.981761887835 -0.00115378520694 0.00283504799076 0.190090049388
1659006247.494825602 -1.07045829725 -2.67389994716 0.0151936272848 0.983705513575 -0.000392054902863 0.00291137291053 0.17976326867
1659006247.595660210 -1.01251243044 -2.65081077716 0.0138455184814 0.98583162184 -0.000952708213487 0.0019513308444 0.167723874375
1659006247.697945118 -0.950091478473 -2.63055669082 0.0150018027168 0.988085692819 -0.000313018591212 0.00201397511267 0.153891226423
1659006247.797376633 -0.890079898358 -2.61377302992 0.0155385247231 0.989842056183 -0.000428271768681 0.00229797447482 0.142152170959
1659006247.898201466 -0.829378001493 -2.60034357943 0.0110340868177 0.99161037493 -0.00154973399395 0.00151901343174 0.129244555997
1659006247.999133110 -0.769892968783 -2.59017357271 0.00824777338236 0.993346567727 -0.00162893189522 0.00128186699226 0.115144690645
1659006248.099989414 -0.705216323745 -2.57971225722 0.011931396141 0.994815797549 -0.00220044729914 0.0014637453417 0.101658961371
1659006248.200842142 -0.643279739222 -2.568966738 0.0104210138502 0.995880518266 -0.00292771118777 0.00152038846282 0.0906151767856
1659006248.301686764 -0.576460308586 -2.56507559505 0.00939516756222 0.99663739335 -0.00425395330347 0.00160987150982 0.0818120918385
1659006248.402532339 -0.523076928726 -2.56358633297 0.0102284697545 0.99729955593 -0.00362583523864 0.00154524631531 0.0733352662412
1659006248.503369331 -0.480275443432 -2.55730236069 0.00870959610752 0.997873257846 -0.00327508839196 0.000745750576294 0.0650974571489
1659006248.604283094 -0.440868995482 -2.55255501071 0.00736300813428 0.997997935728 -0.00554371383442 -0.000385125253902 0.0630018983613
1659006248.705094337 -0.394506145009 -2.54609255662 0.0091637387611 0.997884518059 -0.00614513686417 0.00211566642149 0.0646857779382
1659006248.805948257 -0.359303290866 -2.53855358112 0.00973276650933 0.997674129058 -0.00597887740657 0.00213596727348 0.067867686538
1659006248.906852484 -0.331927844325 -2.52976971951 0.00971103422016 0.997663081343 -0.00536392632529 0.00157938119422 0.0680963286369
1659006249.007692337 -0.304760375874 -2.5240574405 0.00839866416547 0.997647578726 -0.00521425029477 0.00173389507785 0.0683309144044
1659006249.108514309 -0.277187068136 -2.51881931393 0.0101607593135 0.99743050251 -0.00580838027479 0.00141955300169 0.0713907574593
1659006249.209411621 -0.264966661251 -2.51558052499 0.00865136782956 0.997023004726 -0.00503828179632 0.00245343417372 0.0769007439777
1659006249.310235500 -0.256849288414 -2.51217894092 0.00959987115458 0.99607188628 -0.00452562777871 0.00149026354032 0.0884199930511
1659006249.411131859 -0.245239470713 -2.50853745469 0.008575464785 0.994983775264 -0.00548538674211 -8.72436183007 0.0998858842949
1659006249.511894464 -0.231538919242 -2.5041950691 0.00842274856671 0.99327672174 -0.00416901434906 0.000260910686193 0.1156888296
1659006249.612855911 -0.218203596171 -2.49423196052 0.00881082091021 0.991063092802 -0.00454463141948 -0.000420590352869 0.133315848702
1659006249.713669062 -0.196991171053 -2.47709743738 0.00881664955697 0.986929531928 -0.00373847483741 -0.00039000672295 0.161108568079
1659006249.814544201 -0.160324682741 -2.46103859086 0.00859362593905 0.981002212428 -0.00403197254086 -0.00124472266736 0.193950645975
1659006249.915340185 -0.120732875165 -2.44221528386 0.0105417136167 0.97358797923 -0.00509963779176 -0.00118670879054 0.22825212401
1659006250.016229153 -0.0753685979924 -2.41616130385 0.0114212885672 0.967974584666 -0.00484974433275 -0.000370105870164 0.251001088529
1659006250.117122173 -0.0324663652508 -2.38482741509 0.0123318875778 0.964861349259 -0.00578764544573 -0.000681257488685 0.262694910027
1659006250.217931032 0.00906489794171 -2.35488793113 0.0116965501327 0.961897829752 -0.00554888747132 -0.00139093460383 0.273349300834
1659006250.318809748 0.0481836740185 -2.31648317419 0.0106353044475 0.959217671653 -0.00469793366308 -0.00186499956143 0.282623264408
1659006250.419692516 0.0880347609391 -2.28487837541 0.0119510044218 0.956980669096 -0.00328914618438 -0.00153733547176 0.290128966313
1659006250.520461559 0.134314867616 -2.25023335592 0.0110713608739 0.954747930832 -0.00237893199611 -0.00141996786943 0.297403283346
1659006250.621345043 0.188743679174 -2.20640947148 0.0127764601851 0.95185812968 -0.00180106521967 -0.000713386270695 0.30653278488
1659006250.722206116 0.247429603901 -2.15520062463 0.0121847576264 0.948952570371 -0.00210270328514 -0.00158877821537 0.315407789391
1659006250.823098660 0.314631919837 -2.1047456416 0.0116912484511 0.948986981504 -0.00232433725496 -0.00149024626035 0.315303164523
1659006250.923985481 0.38066735132 -2.05377503489 0.0136334533702 0.950080126991 -0.00112178177663 -0.00179517944552 0.311998832101
1659006251.024823189 0.451214470452 -1.9991427369 0.0135847368291 0.951448929109 -0.000306857735435 -0.00238822148836 0.307797234447
1659006251.125683784 0.524712503524 -1.94536739233 0.0130478293395 0.953144466826 -0.000831218955067 -5.22071222225 0.302514349592
1659006251.226557732 0.599192689406 -1.89112118351 0.013214349811 0.955332033504 -0.00141500368278 -0.000146269148721 0.295531186393
1659006251.327395678 0.68211648577 -1.84426066886 0.0127774286306 0.959401218135 -0.000178582511549 0.000300543318105 0.282044642607
1659006251.428251266 0.758057324672 -1.79412467896 0.0138891972629 0.962919863072 -0.000362772127407 0.00130168880416 0.269784193947
1659006251.529134035 0.830111708254 -1.74902194629 0.0162494789687 0.965069439613 -0.000248803201935 0.000945817212297 0.26199240495
1659006251.629948616 0.897600971984 -1.7039222054 0.0186109040653 0.965965551913 -0.000902776435624 0.000998141982293 0.258667240337
1659006251.730800152 0.966726748045 -1.65694489481 0.0176431575018 0.96638281753 -0.00151574515946 0.000251343883845 0.257102876929
1659006251.831659317 1.04101671715 -1.61620511368 0.0180870092151 0.966321103952 -0.000331538215212 0.00014506776957 0.257339062512
1659006251.932522297 1.11214561146 -1.56882211816 0.0174788858214 0.966264784047 -0.00121033168136 0.000734052763198 0.257546817831
1659006252.033489227 1.18571508076 -1.52640068771 0.0149312424585 0.966269870834 -0.00242405415574 0.00134939045995 0.257516678732
1659006252.134151459 1.25706614043 -1.48268666281 0.0187014473118 0.966137083263 -0.00149963104419 0.00296820845614 0.258007901408
1659006252.235113621 1.32890635887 -1.4469841188 0.0206165410933 0.965995334488 -0.00109989332479 0.0020729131938 0.258548848408
1659006252.335885525 1.39931225438 -1.41012276356 0.022361398769 0.965971917073 -0.0016741633973 0.00153853855512 0.258636976285
1659006252.436666012 1.4666935924 -1.36914908124 0.0226280297288 0.965462514657 -4.05542538677 0.000513938928687 0.260541488086
1659006252.537704706 1.5310231848 -1.32163315631 0.0262942177556 0.963454957703 0.00145081647721 -0.000637754716749 0.26786569933
1659006252.638531446 1.59888709033 -1.28046338417 0.0227971875565 0.960956148454 -0.00182557050371 -0.00118249403969 0.276692157005
1659006252.739409447 1.65913976107 -1.23914939239 0.0216324729393 0.957668803884 -0.00134537164563 -0.00138738773277 0.287865814571
1659006252.840211391 1.71451266948 -1.19092554153 0.0232940197642 0.953617883968 -0.000964335285478 -0.000902536159577 0.301016921221
1659006252.941109896 1.76651039744 -1.13971246277 0.0212899270286 0.949528519951 -0.00330012164133 -0.00136560053964 0.313660380238
1659006253.041957378 1.819763385 -1.09309103298 0.0196365972753 0.945468942427 -0.00258304823385 -0.000896379085697 0.325700787953
1659006253.142840147 1.86955415034 -1.05171336217 0.0203301605468 0.942626769295 -0.00162095488338 0.000275599223156 0.333844380451
1659006253.243698120 1.90074788074 -1.02064011622 0.02464796822 0.938138579772 -0.00376463256651 -0.000564362719085 0.346239099728
1659006253.344525576 1.92669740532 -0.984970774738 0.0232441133308 0.932621208996 -0.00301251794375 -0.0014009769603 0.360841575391
1659006253.445413113 1.94793537077 -0.956044882276 0.0232022253198 0.927257994222 -0.00369874276998 -0.000497969302161 0.374404438381
1659006253.546296120 1.96390956673 -0.934806981618 0.0265350749966 0.921563418651 -0.00249780094392 -0.00155760914421 0.388216692388
1659006253.647170782 1.97230310837 -0.907219281903 0.024296863855 0.914088256941 -0.00287714507031 -0.00179200782068 0.405501133496
1659006253.748001337 1.98581023473 -0.876882463985 0.0242620807657 0.906627312372 -0.00228839992867 -0.00215276868572 0.421920662298
1659006253.848827362 1.99862686938 -0.845191810548 0.0225687826974 0.898105340643 -0.00243086792146 -0.00153662750409 0.439770993547
1659006253.949705601 2.00764514566 -0.805340251476 0.023219728422 0.887604054532 -0.00340641796221 -0.00116806504774 0.460593176587
1659006254.050479889 2.02066922386 -0.766706329811 0.0224387168904 0.876588615744 -0.0031602776653 -0.00131845860712 0.481228296196
1659006254.151397228 2.03785105118 -0.734905130575 0.0225473388878 0.865769292883 -0.00284083796838 -0.00158823425038 0.500432751379
1659006254.252265930 2.05203437609 -0.706730291552 0.0214875951525 0.856361863607 -0.00360483666694 -0.00114612081112 0.516362324458
1659006254.353124142 2.06257087928 -0.670059659726 0.0199532572154 0.845203316459 -0.0029051809001 -0.00136013098682 0.534435275609
1659006254.453969002 2.07369392557 -0.633595348044 0.0202653206916 0.832271437849 -0.00352482516005 -0.00160002734282 0.554354822529
1659006254.554826260 2.07562625052 -0.593408446221 0.0222032178696 0.818122702659 -0.00386142400203 -0.00105313458183 0.575029758974
1659006254.655691385 2.08559480994 -0.550790784162 0.0231035780977 0.804218038533 -0.00295358109912 -0.000911417441359 0.594326334748
1659006254.756536961 2.09201452482 -0.505522772925 0.0209337282816 0.78889089797 -0.00370388019247 -0.000605643806196 0.614521818626
1659006254.857372284 2.10019183935 -0.453176186854 0.011659119607 0.775150466264 -0.00505338546101 0.000106595735239 0.631756445621
1659006254.958228111 2.10723516331 -0.401520929389 0.0151792264068 0.761374734561 -0.00668809386181 0.00180716702273 0.648275032004
1659006255.059099674 2.1058699235 -0.349368980603 0.0218839966976 0.746050794696 -0.00651423689306 0.00268864744671 0.66585174598
1659006255.159966469 2.10238299512 -0.297371814845 0.0245543507906 0.731959239305 -0.00717770135794 0.00210334849233 0.681307367143
1659006255.260818005 2.09826262048 -0.240140345635 0.0237215391133 0.716495067875 -0.00388830326883 -0.0018021666502 0.697578992662
1659006255.361654282 2.09050303068 -0.182251351431 0.0228419045791 0.699818481354 -0.00641044143539 -0.000459385081836 0.71429180897
1659006255.462529421 2.07475142946 -0.124335241833 0.0236459042863 0.682962286353 -0.00843893282802 0.00314580018229 0.730398113205
1659006255.563247204 2.05801370968 -0.0646197153489 0.0211964738746 0.664041359286 -0.00758810817771 0.00120829698453 0.747656360763
1659006255.664256573 2.04152211946 -0.01653187801 0.0209988681148 0.643539954273 -0.00579479169896 0.000876977050384 0.765390082608
1659006255.765125275 2.02289095861 0.0243443778709 0.0193875445422 0.621889941082 -0.00517856200769 0.00051047253122 0.783087366195
1659006255.866008043 2.00285835916 0.0688956189688 0.0178783486937 0.603108431869 -0.00412184441276 -0.000850853967629 0.79764810904
1659006255.966748476 1.98063347751 0.107247785644 0.0174090022944 0.580836143021 -0.004764849104 -0.000364553740463 0.814006473115
1659006256.067699909 1.95652567009 0.147267547205 0.0144512299406 0.557381861134 -0.00353586990126 0.000692848147891 0.830248443819
1659006256.168673754 1.92696456419 0.187984289638 0.0131783110444 0.532004086095 -0.00234903495134 -0.000195686774656 0.84673850516
1659006256.269392490 1.90129361513 0.223641396145 0.0115165014051 0.50738644559 -0.00339868214925 9.30963027032 0.861711921192
1659006256.370240688 1.86582193092 0.261329926714 0.0146842635346 0.48431495148 -0.00289726762148 -0.000519977776882 0.874888771923
1659006256.471090317 1.83881793651 0.291547744871 0.0161418317146 0.463677876074 -0.00404291200105 -0.00045313723009 0.885994512832
1659006256.571960926 1.801669948 0.326309466597 0.017686553371 0.440924976621 -0.00420785307322 -0.000818845311981 0.897533725526
1659006256.672812462 1.76351527937 0.362565570978 0.0155176794036 0.417624510976 -0.00467685476426 -0.000628031891237 0.908607451234
1659006256.773694038 1.72501843983 0.394160402953 0.0147071766301 0.395942142408 -0.00530449446574 6.33328935547 0.91826013645
1659006256.874573231 1.69021475306 0.425616898886 0.0158492039049 0.373410693212 -0.00336709600488 -0.000358021105516 0.927659953151
1659006256.975465536 1.65010869948 0.450873239155 0.0163410614694 0.348937615065 -0.00336900537562 -0.000105381833187 0.937139893234
1659006257.076303482 1.60845043928 0.470756230966 0.0174903120913 0.3270734367 -0.00335077431119 -0.000223198770723 0.944992957381
1659006257.177138329 1.56337528979 0.489987293142 0.0150088127756 0.307724960031 -0.00286691543344 -0.000397248208021 0.951470951718
1659006257.278035164 1.5247480116 0.506281086741 0.0132556536414 0.291737850037 -0.00206164207641 -0.00089052994073 0.956495678738
1659006257.378799915 1.48108528282 0.523040416264 0.0132144445483 0.279571972991 -0.00194282278061 -0.00113645999106 0.960122099431
1659006257.479674816 1.43350767142 0.546778923581 0.0132327303248 0.2682724408 -0.00183758937964 -0.00163008597612 0.963339952245
1659006257.580535650 1.3742279267 0.57400839691 0.0153527505398 0.252278244783 -0.00143159453177 -0.00121433303737 0.967652914604
1659006257.681404591 1.31549418219 0.601162847032 0.0157578169277 0.234667781963 -0.0020804336289 -0.0014957380408 0.972072253833
1659006257.782238483 1.2536662081 0.619790339355 0.0137778811133 0.214356047311 -0.00272051795795 -0.00224297762973 0.976749227189
1659006257.883151531 1.19830777052 0.638931341248 0.0106837577083 0.193737498477 -0.00300006888459 -0.00144609088255 0.981047751178
1659006257.983954906 1.14706032893 0.658577936438 0.00940153527985 0.173383447462 -0.00362027195369 -0.000681985296826 0.984847505289
1659006258.084843159 1.08828721785 0.672400623302 0.00743759605454 0.148922758785 -0.00449700766556 -0.000867839934941 0.988838225238
1659006258.185679674 1.0316786438 0.680917300027 0.00421396301627 0.120745245016 -0.00579543013028 -0.00100137643812 0.992666105013
1659006258.286522388 0.979127184938 0.685537126399 0.00693138281157 0.0960314365704 -0.00544080992431 -0.00135780377595 0.995362505395
1659006258.387369871 0.922513515771 0.684790900664 0.00746827232736 0.0726646510001 -0.0057791707959 0.000111805504795 0.997339679938
1659006258.488259792 0.872573980179 0.68154752575 0.00549586605849 0.0498634751824 -0.00537474765504 0.00029209859985 0.998741538442
1659006258.589122772 0.817445533372 0.675067237178 0.00621735368043 0.0269890462915 -0.00600599417244 0.000412232632014 0.999617601625
1659006258.689947605 0.765709540105 0.666723353041 0.00419425327276 0.00437532950212 -0.00671150551543 0.000502135940441 0.999967779503
1659006258.790690422 0.708461091168 0.657863037725 0.00795534140575 -0.0180608873367 -0.00613641448514 0.000743761959336 0.99981778119
1659006258.891723156 0.650677019318 0.646486135992 0.0111619039102 -0.0409706704141 -0.00523757696238 0.000120745932673 0.999146614553
1659006258.992575645 0.595606027677 0.635373067108 0.0133514913065 -0.0631309694014 -0.00516233302525 -0.000337522919509 0.9979918422
1659006259.093410730 0.537716187576 0.619734136673 0.0129427083055 -0.0857935430186 -0.00440533663878 0.000103384858437 0.996303191954
1659006259.194259167 0.485452723626 0.603013960977 0.015305301015 -0.108096656519 -0.00356654514985 -0.000898097954145 0.994133585604
1659006259.295095205 0.431277251718 0.580361660338 0.0146314631253 -0.132057122461 -0.00287405589693 -0.000685104200306 0.99123770451
1659006259.395841122 0.376242899991 0.556900326584 0.0117704119177 -0.154671091384 -0.00303989186819 -0.000896434282614 0.987960934933
1659006259.496807337 0.326343651437 0.528037744593 0.0127772034524 -0.172360676333 -0.001957792168 -0.000542032890101 0.985031811925
1659006259.597559929 0.278675678297 0.49379585119 0.0113699323502 -0.18585831441 -0.00153900771851 -0.00172569085692 0.982573834585
1659006259.698516607 0.227210736618 0.466729794775 0.0142094493681 -0.196657772092 -0.000853219939238 -0.00143486233914 0.980470771549
1659006259.802569151 0.173724485911 0.437059903321 0.0135428840155 -0.207927394459 -0.000636804170871 -0.0013549431983 0.978143116953
1659006259.900517464 0.127511002003 0.40246802603 0.0148652722735 -0.215751504262 -0.000870715994027 -0.00232033016183 0.976445157871
1659006260.001133442 0.079785562353 0.364657924805 0.0132256956162 -0.221297427498 -0.000324646432712 -0.00215975548336 0.975203916442
1659006260.101985693 0.0355899687739 0.335888783614 0.0116658225752 -0.222296476126 0.000186339835483 -0.00142678009372 0.974978054255
1659006260.202823639 -0.0173348910172 0.312614655272 0.0112895035385 -0.227901494176 0.000457255572713 -0.00033622071073 0.973684028227
1659006260.303685188 -0.0661681661641 0.286234442319 0.0106026862269 -0.232504116249 0.000880435914538 -0.000154566329047 0.972595001462
1659006260.404531002 -0.0994853535787 0.259763001563 0.0145633055254 -0.23095477105 6.27782440901 -0.00110476576511 0.972963858157
1659006260.505474091 -0.115633809607 0.241004501315 0.0150370092991 -0.225341179122 -0.000854910096948 -0.00228369133996 0.974276863563
1659006260.606265068 -0.115115874888 0.234785651161 0.0156795176079 -0.220503433621 0.000222824461748 -0.00210106717013 0.975383909867
1659006260.706985235 -0.116187985396 0.238284225497 0.0183262007559 -0.223272821173 0.00169702531668 -0.000956170436977 0.974754047526
1659006260.807980776 -0.122653293327 0.242504177814 0.0177929751089 -0.227190272111 0.00172866233718 -0.00134251803199 0.973847929417
1659006260.908807755 -0.125376921884 0.241197806609 0.0171907729048 -0.227249726182 0.00162485213149 -0.00147071453299 0.973834050957
1659006261.009732723 -0.128113775449 0.241752324495 0.0141029038053 -0.227229448609 0.00126924457353 -0.00089947956011 0.973840006181
1659006261.110552788 -0.12423337263 0.239454645105 0.0157890789881 -0.227885545702 0.00137520636069 -0.00149250284945 0.97368581139
1659006261.211428642 -0.123921309003 0.240734117422 0.0139193366156 -0.228424136233 0.00130259574331 -0.00116989015127 0.973560141228
1659006261.312259197 -0.121111204667 0.242143565413 0.0151537531179 -0.227735918904 0.0011472479454 -0.000993286084483 0.973721751039
1659006261.413118362 -0.122630609254 0.244359025991 0.0132242044755 -0.228715093507 0.000950958308089 -0.000936288971806 0.973492488437
1659006261.513971090 -0.119868716722 0.245485627782 0.0136984787737 -0.228305704482 0.00145889334921 -0.00117107085142 0.973587697911
1659006261.614833593 -0.121066817373 0.243644847779 0.0145997122748 -0.228166166204 0.00114137502594 -0.00107874181567 0.973620939678
1659006261.715582848 -0.118985853703 0.244028006106 0.0165399772453 -0.227788918632 0.00166539208453 -0.00126846639085 0.97370828589
1659006261.816478252 -0.121939093317 0.24771891211 0.0168711731149 -0.228334044667 0.00175296718984 -0.00108440929125 0.973580667027
1659006261.917378426 -0.123415635275 0.254925692673 0.0166779311024 -0.227817695754 0.001358700065 -0.00154269664009 0.973701633727
1659006262.018203259 -0.122671505146 0.251435186075 0.0175615766812 -0.227849486712 0.00168011367765 -0.00130747434413 0.973694037742
1659006262.119323730 -0.120068762215 0.252432165405 0.0156690676147 -0.228694185791 0.000967069643185 -0.00133534710016 0.97349691885
1659006262.219974279 -0.119927001797 0.24595674416 0.0145575410959 -0.228530498433 0.0014386884253 -0.000992185655075 0.973535185306
1659006262.320860147 -0.122568709563 0.246896919731 0.0138737152982 -0.228221872081 0.0010811563347 -0.00120405593857 0.973607805255
1659006262.421583176 -0.122675658569 0.247772311446 0.0150604399825 -0.228908379086 0.00134978450256 -0.00147018115362 0.973445925891
