1659006278.861830473 -0.00350156956275 0.00589335305027 0.00491636178137 0.999998987243 0.00119173341815 0.00077421938861 7.66042579697
1659006278.962280512 -0.000765597594734 0.00185987607744 0.00979642883474 0.999999481772 -0.000523625389465 0.000822291579176 0.000293443819104
1659006279.063099861 0.000164080055522 0.00403525612012 0.0128109055188 0.999999317074 0.000621918861132 0.000925087431303 0.000351114435849
1659006279.163853645 -0.00230079917178 0.00483204204299 0.010243037983 0.999999057805 0.000526105754398 0.00114327474904 0.000548201765019
1659006279.264805317 -0.00219464279433 0.00367681905029 0.0112246011358 0.999999265628 0.000232543162088 0.00110067216678 0.000450764105967
1659006279.365672112 -0.00191109377598 0.00266926768365 0.0125818827715 0.999999043099 0.000319628628262 0.00127540068099 0.000430107482319
1659006279.466453075 -0.00116680278249 0.00317152460252 0.0135385242131 0.999999402061 -4.28268430455 0.00105999569256 0.000265428239487
1659006279.567380428 -0.000284920226661 0.00411302404398 0.0102380913959 0.999999318838 0.000253448350958 0.00113309973709 0.000119050056516
1659006279.668251514 0.000212284282759 0.005678542322 0.011405003204 0.999999066546 0.000362862776925 0.00131457044756 8.45087129966
1659006279.769136667 5.71358985412 0.00626887407072 0.00953084239111 0.999999096779 0.000651739536609 0.00116862281921 0.000126477135345
1659006279.870927572 -0.00122870946225 0.00705800433066 0.0101512130686 0.999998647504 0.000745109468488 0.00146577189027 3.62466971946
1659006279.970733166 -0.001603875336 0.00488045940049 0.0101238398366 0.999999444203 0.000117302802732 0.00104777413787 1.72026912752
1659006280.071617603 0.000657328678649 0.00402077447859 0.00929358883473 0.999999066122 0.000302101999344 0.00132448778196 0.000149067069976
1659006280.172579288 0.00250254567122 0.00239455121223 0.0130823374481 0.999999629873 -0.000168645267401 0.000804149352345 0.000255258567111
1659006280.273399115 0.00798606701727 0.00544698081302 0.0119449526311 0.999992654294 0.000252827472294 0.00101664819913 0.00368698572059
1659006280.374244690 0.0106816953089 0.00877077038767 0.0106230407305 0.999947665843 0.000265770848065 0.00116210879062 0.0101609272946
1659006280.475122452 0.0138141544793 0.0116796497953 0.0102568970908 0.999796218879 -0.000273602249445 0.000819696318925 0.0201686379146
1659006280.575954676 0.0167285872881 0.0152062708666 0.0113709367756 0.999451397981 0.000571933822426 0.00129633132148 0.0330892050601
1659006280.676877975 0.0166086067297 0.0153117915962 0.0137589973416 0.998895798636 -0.000161494475768 0.00114606111664 0.0469664128019
1659006280.777683020 0.0226067309299 0.0184808800312 0.0132014493274 0.998166243268 -0.00050154166342 0.000794425242421 0.0605249381992
1659006280.878492832 0.0240513471531 0.0245135558731 0.0114451560021 0.997371923242 4.99111642475 0.00122009335264 0.072441394306
1659006280.979751587 0.0281934248981 0.0275507331303 0.0101866954036 0.996660338093 -0.000375073824909 0.00116929627361 0.0816496328073
1659006281.080323696 0.0349332151347 0.0302168368384 0.0110580860962 0.995961105242 8.72763689469 0.00102963278842 0.0897798230447
1659006281.181146622 0.053743995529 0.0381013346582 0.0119170347179 0.99516917127 0.00013083818583 0.00099299757795 0.0981698395173
1659006281.281933308 0.0783504969372 0.0468926779502 0.00957136562185 0.994242513773 -0.000533993594186 0.00254920486228 0.107121614118
1659006281.382856131 0.102040194398 0.0547490450765 0.008510695031 0.993953460647 -0.000428601634847 0.00412673173502 0.109723764305
1659006281.483703136 0.130503759089 0.0647753648737 0.0119665772709 0.994024471376 0.000157992231147 0.00462937610021 0.109059131767
1659006281.584620476 0.15935080259 0.0740887292753 0.0132922361942 0.994085038436 -0.000267443225263 0.00499368891495 0.108489298565
1659006281.685390234 0.176602752475 0.0793087773487 0.0178935659605 0.994557909624 -0.00127500289756 0.00664894405826 0.103965043715
1659006281.786254883 0.167608607379 0.0827906580202 0.0152875055762 0.995539827934 -0.000798452281389 0.00614447569714 0.0941385090695
1659006281.887153625 0.144208972407 0.0782889463726 0.0151807266542 0.996734590855 -0.000279259465448 0.004586106293 0.0806166548361
1659006281.987828255 0.100986950893 0.0783838035315 0.0158925871827 0.998062369993 -0.00101772787284 0.00341878344375 0.0621190933123
1659006282.088862419 0.0545864168564 0.0653876587576 0.0146322200703 0.999170548552 4.13062937003 0.00217334541672 0.040663125427
1659006282.189641476 0.0125261868774 0.055920121356 0.0150452626033 0.999703963183 -0.000525259951058 0.00161547996152 0.0242713889612
1659006282.290604115 -0.0301549134129 0.050329671861 0.0131118830858 0.999945763998 -0.0001168582369 0.00132375993217 0.0103297176086
1659006282.391258955 -0.0806382989284 0.0382930149743 0.0139974090648 0.999999079271 0.000520378617053 0.00124526672103 -0.000141325972077
1659006282.492264032 -0.143549380736 0.0252792716994 0.0146259570866 0.999995405476 0.000842554526809 0.00132111630986 -0.00259495290392
1659006282.593033791 -0.214959909818 0.0100493849863 0.0141782772856 0.999994136418 0.000605838498293 0.00258711497695 0.00216030657302
1659006282.693901539 -0.295322670395 -0.00133402545337 0.0131858364391 0.999862311659 0.000830587151652 0.0034284996828 0.0162145995462
1659006282.794829607 -0.376272932353 -0.0191050384568 0.0146218454102 0.999302494963 0.000514149059057 0.00315357465103 0.0372063728181
1659006282.895704746 -0.456677291977 -0.0264450018513 0.0135578740057 0.99807916387 0.00101676112032 0.00319178363686 0.0618608225247
1659006282.996569157 -0.54080479393 -0.035034113184 0.0180583861674 0.996236232746 0.000813469073262 0.00353408262468 0.0866037937503
1659006283.097304344 -0.621819291371 -0.0413189856908 0.0185899894962 0.99396700991 0.00186968363361 0.00442208626034 0.109574324761
1659006283.198263168 -0.700813909324 -0.0474625743113 0.0135818122139 0.991547596861 0.00115128186124 0.00440891766073 0.129663407151
1659006283.299123049 -0.778956089615 -0.0580727180816 0.0137142069799 0.989391045932 0.00183436897654 0.00466478633297 0.145190334002
1659006283.399989128 -0.849338507173 -0.0700571501027 0.0136972730498 0.987391415792 0.00278001087018 0.00490937376669 0.15819722377
1659006283.500829220 -0.912210933201 -0.0791052151525 0.0112248633665 0.985293103426 0.00316504045461 0.00510152809159 0.170767260535
1659006283.601683855 -0.959526639634 -0.0870055579677 0.0118133577825 0.983646118021 0.00285135848571 0.00581075341199 0.179995609394
1659006283.702578068 -1.00936157601 -0.101270588808 0.0137152134725 0.982755195337 0.00288367852735 0.00605333172458 0.184789793037
1659006283.803416252 -1.06775978662 -0.12002864545 0.0147348222117 0.98201219067 0.00333330634252 0.0066732818222 0.18867011887
1659006283.904299021 -1.14450512791 -0.152287163997 0.0151224861755 0.980437122952 0.00346519998416 0.00593904825044 0.196712399287
1659006284.005107403 -1.21551998119 -0.187520148359 0.0155901825239 0.977132278427 0.00431646774094 0.00641615836309 0.212491673894
1659006284.105854988 -1.27294233925 -0.222195756296 0.0161321344646 0.972654079057 0.00485970770311 0.00641601881989 0.232119065216
1659006284.206849098 -1.32371316593 -0.247486373241 0.0148554051287 0.967684462972 0.00472250596255 0.00724779288006 0.25201576847
1659006284.307645559 -1.37197952721 -0.2717747825 0.0161699645308 0.96380743093 0.00405677780618 0.00660909374381 0.266486582249
1659006284.408711910 -1.41962010669 -0.300207628484 0.0134906911842 0.96051474441 0.00402887118364 0.00639626282174 0.278126377371
1659006284.509407043 -1.46905339187 -0.337046201712 0.0144379819143 0.956250125494 0.00391224637326 0.0070862148251 0.2924383309
1659006284.610280991 -1.52144034459 -0.372472482215 0.0119415933609 0.950801911742 0.00393086890796 0.00786150551818 0.309674780419
1659006284.711080313 -1.56924574292 -0.412346827546 0.00989942316044 0.943808574038 0.00425706457636 0.00660229071839 0.330399247475
1659006284.812013149 -1.61753391025 -0.452590890058 0.00607919661077 0.93503444983 0.00416863430959 0.0056298221231 0.354487665826
1659006284.912941694 -1.66458051773 -0.490977048389 0.00848252829074 0.925522579312 0.0037900575788 0.00569864511482 0.378630579975
1659006285.013700962 -1.70750386229 -0.522351380465 0.00962607484969 0.915345766187 0.00359950950804 0.00446175541915 0.402627948102
1659006285.114583015 -1.74214018599 -0.55231793891 0.0126792675181 0.904188303688 0.00337483108399 0.00427653975626 0.427099324745
1659006285.215324402 -1.77152289107 -0.57665266917 0.0163953982348 0.890620797001 0.00270547386761 0.00478672353982 0.454713496213
1659006285.316221714 -1.79357748396 -0.589919815273 0.01597311351 0.874660895896 0.00336237893971 0.00479352972101 0.484699941894
1659006285.417154789 -1.8041090385 -0.587168620704 0.0136306485525 0.858283669838 0.00333339758477 0.00443820887608 0.513145527947
1659006285.517988682 -1.80704599165 -0.57718238592 0.0141671886156 0.841093557175 0.00329975165348 0.00388037376793 0.54086567872
1659006285.618866444 -1.8142204454 -0.567161114451 0.0174958025657 0.819274887982 0.00226907543954 0.00316737225916 0.573387719585
1659006285.719687700 -1.81581664889 -0.54950863766 0.0183656369307 0.786429441904 0.00402817667569 0.00372185230265 0.617655773481
1659006285.820446014 -1.8175491995 -0.515540500796 0.0147638541015 0.744525624103 0.00503863626081 0.00341952357839 0.667566112124
1659006285.921462774 -1.82498541595 -0.45923566129 0.0201317563031 0.696200725994 0.00508132785556 0.00337743681807 0.717821232727
1659006286.022212029 -1.84248889545 -0.382175406145 0.0186428891104 0.652061744349 0.00579231643263 0.00297845968869 0.75813788944
1659006286.123115063 -1.8669577167 -0.290894704933 0.0192386990736 0.618426966443 0.00571609506802 0.00191966861983 0.785819144782
1659006286.223991871 -1.90110357314 -0.191675569353 0.0232092393219 0.598068559928 0.00613529182941 0.00192635771643 0.801419144372
1659006286.324820280 -1.93516840037 -0.0865352072515 0.022263542883 0.590697335817 0.00581493997649 0.00169371748918 0.806870482329
1659006286.425709963 -1.96787450543 0.0205667355154 0.0177792495167 0.597371473052 0.00528653015717 0.00250052184132 0.801943341623
1659006286.526546717 -1.99320116003 0.116042495018 0.0154075732064 0.612006564052 0.00422612551297 0.00172520383932 0.790839509061
1659006286.627432346 -2.01503865114 0.20073341848 0.0121089205571 0.625911306556 0.00401879780768 0.00186351518991 0.77988166596
1659006286.728267193 -2.03523568116 0.281005769631 0.0133948177163 0.638637927157 0.00353966612008 0.0036590538072 0.769490532811
1659006286.829163551 -2.04607847803 0.365671452846 0.0179834279844 0.651669646973 0.00277550828723 0.0038533575315 0.758488048293
1659006286.929964781 -2.05995662467 0.447099925746 0.0171787308538 0.66352390822 0.00183482991319 0.00446918969121 0.748139480955
1659006287.030910492 -2.06981013951 0.524742285478 0.0154636798603 0.674220749179 0.00228924972305 0.00602549505754 0.738501749572
1659006287.131689072 -2.07197500771 0.605578983351 0.014867707701 0.686114540956 0.00143607760237 0.00567930573888 0.727469944297
1659006287.232570171 -2.07115291894 0.684830410446 0.0163764610673 0.697557502005 0.00212301933153 0.00530500877328 0.716506023051
1659006287.333426476 -2.07049753266 0.761663668096 0.0221893354295 0.708841989182 0.00346991582237 0.00516072069577 0.70533989042
1659006287.434297323 -2.06812601131 0.833340507726 0.0215710437579 0.718695349804 0.00450865620137 0.00368832164252 0.695300699319
1659006287.535096169 -2.05957827736 0.906305803408 0.0233323098662 0.727953898305 0.00463433511681 0.0041406964927 0.685597913878
1659006287.636061192 -2.052010935 0.981421580926 0.0232436381506 0.736742171191 0.00444275954596 0.00353079358268 0.676149960122
1659006287.736867428 -2.03913875471 1.05566724908 0.0214663142925 0.745501379852 0.00442129624179 0.00347811920324 0.666480342895
1659006287.837723732 -2.03104811235 1.13195671404 0.0232478177249 0.753889342046 0.00365572632068 0.00400401908722 0.656979043384
1659006287.938501835 -2.01585047471 1.20801976209 0.0239003316546 0.76322662398 0.00383676400032 0.00334614339452 0.64611082874
1659006288.039449692 -2.00087826267 1.28826743931 0.0223705717845 0.772394566666 0.00330132929585 0.00400408448225 0.635121800852
1659006288.140154839 -1.9861334001 1.35051282208 0.026933492904 0.782322892703 0.00307261271687 0.00437936350689 0.622850119836
1659006288.241140604 -1.9649625539 1.41210142662 0.0307748172849 0.790563369033 0.00429956147276 0.00375789937116 0.61235361639
1659006288.341893196 -1.94347410635 1.47614806645 0.0285718979516 0.796476795382 0.00477230732827 0.00290344933311 0.604643291109
1659006288.442857742 -1.91711798087 1.5410606612 0.0341542706239 0.801323462591 0.0058422982727 0.00343790156483 0.598192909256
1659006288.543684959 -1.89401789604 1.60299775565 0.0341725568847 0.806422464173 0.00777936086938 0.00217910056311 0.591284654242
1659006288.644578457 -1.8690742785 1.66574770045 0.0337598897967 0.81308413345 0.00833143576409 0.00172276383652 0.58208402417
1659006288.745486975 -1.83801006137 1.72738654913 0.0288288984354 0.820876129409 0.00599885959298 0.00433490091661 0.571058317936
1659006288.846198559 -1.81430806801 1.79067779109 0.0306839231264 0.829211538298 0.00603089716154 0.00438291079819 0.558885178838
1659006288.947026968 -1.79041611138 1.85181613054 0.0329581322508 0.833679366796 0.00615819306367 0.00334123869501 0.552204333704
1659006289.048003674 -1.76374680759 1.91082593697 0.027687789725 0.836450214826 0.00548278322188 0.00367920881432 0.548003139251
1659006289.148834467 -1.73684059608 1.97531363339 0.0264560850514 0.839973167525 0.00477768829964 0.00300826033886 0.542598564229
1659006289.249679565 -1.7034687369 2.03571812802 0.0284971499882 0.845403361409 0.00368965314026 0.00283746169584 0.534108127433
1659006289.350563526 -1.6694710148 2.09781752857 0.0284701818516 0.8534737559 0.00424999012114 0.00386605409257 0.521104153889
1659006289.451438189 -1.63242679381 2.15306824828 0.0287327329751 0.862513848681 0.0042525532301 0.00251137221573 0.506009357259
1659006289.552275181 -1.59738228174 2.20476774525 0.0295177876148 0.871565011523 0.00356558767722 0.00241782578259 0.490261023733
1659006289.653146982 -1.55457699783 2.25713235382 0.0285787264583 0.880104828464 0.00338095691969 0.00301330859611 0.474757811958
1659006289.754016161 -1.50913480764 2.30234890969 0.0265781452799 0.890022125474 0.00466961631423 0.00313834288424 0.455882618284
1659006289.854889870 -1.45995873645 2.33633560092 0.0252971310221 0.902080413708 0.00418388446621 0.00511232334899 0.431517423131
1659006289.955738068 -1.41931972429 2.35880483962 0.0328024626117 0.916284582437 0.00486043424564 0.00406753317334 0.400477708919
1659006290.056570053 -1.37456159301 2.38476077124 0.0284600875633 0.929131280074 0.0037800049667 0.00453338215072 0.369702886649
1659006290.157473564 -1.32773004215 2.41367857391 0.0280379543424 0.940427249251 0.00284482262892 0.00464171479984 0.339951394075
1659006290.258373737 -1.28144704914 2.44207059116 0.0300492304028 0.95108526682 0.00363647241459 0.00418299087924 0.308878768928
1659006290.359145164 -1.23062541059 2.46760867128 0.029652837751 0.960357483639 0.00362363166376 0.00468008079339 0.27870857496
1659006290.459998131 -1.17856054779 2.49488144437 0.0280418433524 0.96858831722 0.00399249734553 0.00516666809212 0.248584064756
1659006290.560927868 -1.12122590525 2.51877480009 0.0324237862354 0.976098663746 0.00300747863489 0.00508710298991 0.217247497313
1659006290.661693335 -1.07146619494 2.53563885386 0.0329564623381 0.982926972015 0.00230542872666 0.00479861928642 0.183919074425
1659006290.762578487 -1.02007189512 2.55366154867 0.0259236042436 0.988737160835 0.00290910376602 0.0055787142559 0.149530070039
1659006290.863443851 -0.965484490255 2.57077909433 0.0282205049225 0.993075336151 0.00427914417285 0.00560946810006 0.11726721418
1659006290.964297295 -0.908007025593 2.58293763225 0.0273905254041 0.996457749408 0.00400357125852 0.00719857372827 0.0836905346935
1659006291.065067768 -0.857550303834 2.5927328261 0.0257088977543 0.998653729914 0.0032659254069 0.00807328813719 0.0511359313947
1659006291.165878534 -0.808711735483 2.59510742141 0.0227657946109 0.999775406539 0.00318677345958 0.00853978298266 0.0191325131918
1659006291.266801834 -0.763385600487 2.59302957317 0.0225548157486 0.99987967321 0.00130567273699 0.00744937041273 -0.0135440466711
1659006291.367712498 -0.710159704658 2.58169602758 0.022631744759 0.999082044757 0.00142895816887 0.0073541888734 -0.0421775038168
1659006291.468637705 -0.658934928138 2.57062593153 0.02298506938 0.997686824968 0.00231311278406 0.00770923353556 -0.0674997519494
1659006291.569350243 -0.601375241923 2.56345916227 0.0235256247532 0.996613494749 0.00302888682901 0.00756887438032 -0.0818234689358
1659006291.670271397 -0.537894668831 2.55850588862 0.0236125387653 0.996655966421 0.00438070595854 0.00762992618655 -0.0812371727609
1659006291.771169424 -0.47342784505 2.55713424823 0.0205424773126 0.997190169814 0.00414419004092 0.00585117647311 -0.0745677856046
1659006291.872022152 -0.411127179529 2.55142907013 0.0186939469928 0.997714710138 0.00303813391365 0.00478184389297 -0.0673294949146
1659006291.972804785 -0.34408791243 2.54654076809 0.0199651376552 0.998328679862 0.00412666196805 0.00405182700522 -0.0575013071539
1659006292.073695660 -0.272695000697 2.5379109551 0.0195415841402 0.998894680945 0.0032938092621 0.00457545009093 -0.0466651096278
1659006292.174608231 -0.20125139902 2.53390647986 0.0187998663987 0.999222161085 0.00427877019442 0.0046485705191 -0.0389250011428
1659006292.275414944 -0.131189633258 2.52889851696 0.0207648776454 0.999219992833 0.00324467784242 0.0068219734651 -0.038760013766
1659006292.376281738 -0.0601849015259 2.52372545097 0.022479065446 0.998971357444 0.00330064784543 0.00602816485132 -0.0448218022732
1659006292.477205276 0.0097056673844 2.51763307307 0.0207313140993 0.998615021862 0.00133959238247 0.0060980266403 -0.0522403835657
1659006292.577973366 0.0831603067631 2.50994679299 0.0223841254673 0.99814978531 0.000713383571956 0.00644566967117 -0.060456186712
1659006292.678841114 0.15410730988 2.50428767327 0.0202942520594 0.997327351566 0.00103558360634 0.00605621132159 -0.0728038713854
1659006292.779716492 0.226802166742 2.49133669559 0.0176307576016 0.996276523213 0.0010621364082 0.00487547964201 -0.0860708479096
1659006292.880502224 0.298138725448 2.48032029787 0.0141350211707 0.995219694153 0.00105037195757 0.00549291314012 -0.097501205085
1659006292.981395721 0.375245275486 2.46459845359 0.0149758284859 0.994754155872 0.00182500685727 0.00515439759922 -0.102148279037
1659006293.082288027 0.457368756496 2.44597311735 0.0142306058414 0.994305880515 0.00178817616434 0.00532469685852 -0.106415534595
1659006293.183122158 0.533265036891 2.42879311245 0.0158466671883 0.993436860135 0.00158866583946 0.00591658349856 -0.114217665473
1659006293.284010172 0.605968441492 2.4122108746 0.0137206885675 0.992689887083 0.00145509380688 0.00795312963998 -0.120421835702
1659006293.384849548 0.673264661841 2.39766233524 0.0151341369768 0.993195273373 0.000970768846753 0.0068209119134 -0.116256964169
1659006293.485746384 0.735881550839 2.38893522235 0.0112474953529 0.995086133471 0.00117985809967 0.00715750720481 -0.0987469746359
1659006293.586535692 0.796551953477 2.3797769395 0.0119162209707 0.997332047033 0.00148367822508 0.00673193130359 -0.0726723314662
1659006293.687420845 0.855812904406 2.38109698227 0.012223595748 0.99890382099 0.00195252178056 0.00611232211653 -0.0463679155037
1659006293.788249969 0.916681486641 2.38417920389 0.0100319463131 0.999831835732 0.00170189586004 0.0049447976211 -0.0175770527622
1659006293.889192343 0.985714050031 2.38820209171 0.00852084806018 0.99990332437 0.0012093131936 0.00496910671869 0.0129300987581
1659006293.989992142 1.05428396282 2.39996619089 0.00995821576759 0.999256001956 0.000570536077946 0.00533656433359 0.0381921212291
1659006294.090937138 1.11582112987 2.41333898653 0.00952766125496 0.998522019074 0.000982883896425 0.0047499934974 0.0541317737169
1659006294.191699743 1.17625476179 2.43533913327 0.0098923003797 0.998213315955 0.0024397009487 0.00335279224054 0.0596068997213
1659006294.292554855 1.24293757814 2.44965207154 0.00908241998303 0.998010554317 0.00148132009087 0.00547403468064 0.0627915130219
1659006294.393289566 1.32041439875 2.4657800903 0.0109523912706 0.997785822713 0.00357516931404 0.00633573158824 0.0661099739982
1659006294.494287252 1.40114209868 2.48330529616 0.00897831611293 0.997572351786 0.00338873901574 0.00571499545638 0.0693199699036
1659006294.595129728 1.48370826778 2.49803913088 0.00568852099443 0.997269307163 0.00267385726859 0.00493284127125 0.0736372633519
1659006294.696012974 1.569180462 2.51331266472 0.00707470321771 0.996962455037 0.00490700753122 0.00447731822472 0.07759985918
1659006294.796859503 1.65302426675 2.52992005985 0.00658256050225 0.996746003236 0.0046104730869 0.00286026106146 0.080423674854
1659006294.897696495 1.74147610692 2.54798274399 0.00662873489481 0.996614172566 0.00521610081468 0.0030564790011 0.0819978125917
1659006294.998558521 1.83809200562 2.57375035084 0.00746571820506 0.996524445191 0.00601710540599 0.0061806834158 0.0828530248793
1659006295.099432468 1.92870182115 2.59699760944 0.00518260067739 0.996924674597 0.00503312439161 0.00525282625211 0.078027358368
1659006295.200279713 2.0241756439 2.6149628879 0.00191360852688 0.997761659195 0.00570931827609 0.00537753500783 0.0664090147658
1659006295.301175117 2.11286547474 2.63479479976 0.00331203199647 0.998796479585 0.00543590077192 0.00657293584046 0.0482994809998
1659006295.404156208 2.20619273124 2.64555899016 0.00081667911682 0.999453071803 0.00626149555172 0.00408973196532 0.0322121875876
1659006295.502844810 2.2965842086 2.64820653291 -0.000749379992826 0.99980756576 0.00706802499848 0.00349382204922 0.0179629529699
1659006295.603691816 2.38516670181 2.65218978292 0.00208274450435 0.999961137936 0.00730319990447 0.00281857360038 0.00405481597756
1659006295.704552650 2.47807238003 2.6522960175 0.00557941620133 0.999876338988 0.00822514570736 0.00376471944064 -0.0128639262279
1659006295.805397987 2.56853054262 2.64640452335 0.00553543465483 0.999535390169 0.00702038185488 0.0029915203454 -0.0295087926562
1659006295.906307697 2.65533202531 2.63562207128 0.00549409549734 0.998718964448 0.00692748583509 0.00345766337811 -0.0500048453202
1659006296.007118702 2.73776930175 2.6194040678 0.00718663393118 0.997424075958 0.0072434287642 0.00221252725301 -0.0713291676805
1659006296.107975960 2.82634914122 2.59431845893 0.00695858183626 0.995908527597 0.00729663278168 0.00218577275379 -0.0900454674377
1659006296.208859921 2.91738767787 2.56663828212 0.00559821742658 0.99476328133 0.00677151579232 0.00374490886813 -0.101912395463
1659006296.309731960 3.00525879793 2.54016498311 -0.00374535943966 0.993554050006 0.00747111191095 0.00598411470536 -0.112954515515
1659006296.410563231 3.09247866903 2.51231073323 -0.0070492079244 0.992289803653 0.00494439127456 0.00484966310485 -0.123745623477
1659006296.511346579 3.1761692322 2.48263785541 -0.00243925191908 0.990882387985 0.00642485334143 0.00466174106419 -0.134495660192
1659006296.612258434 3.26502831676 2.45599215085 -0.00597520155914 0.989840627781 0.00377713192698 0.00394336502938 -0.142076439777
1659006296.713152409 3.35377724902 2.43667251111 -0.0079847562786 0.98958824285 0.00169819917671 0.00144903262645 -0.143910131806
1659006296.813992500 3.4396216514 2.41505533119 -0.00696612478144 0.989480188595 0.00198042745964 0.00201250969394 -0.144640879733
1659006296.914898872 3.52399885947 2.39307684542 -0.00352402866989 0.989529872634 0.000895194717547 0.002175773324 -0.144309028828
1659006297.015744448 3.60599251181 2.37478777463 -0.0048464631313 0.98960146663 0.00242188499764 0.00267577348675 -0.14379120958
1659006297.116565466 3.68894728021 2.35656472323 -0.00637312681277 0.989471042617 0.00254349613979 0.00375063859978 -0.144660012306
1659006297.217419624 3.76897447876 2.33828719819 -0.00475821845986 0.989676129517 0.00246346851037 0.00408478965741 -0.143242467451
1659006297.318306923 3.85055876042 2.31989984488 -0.00403765766525 0.990195130996 0.00244830681867 0.00432814619867 -0.139602562644
1659006297.419127464 3.94033853183 2.29639364209 -0.00171173235781 0.990818691471 0.00235405639211 0.00443650038534 -0.135104021087
1659006297.520086050 4.03607364614 2.27094603722 -0.000705865638122 0.991278959067 0.00235599090115 0.00236948589264 -0.131737846326
1659006297.620853424 4.12970096031 2.2426448633 -0.0014911236385 0.991022486758 0.00232565197674 0.00156501359986 -0.133665899974
1659006297.822467327 4.32258974469 2.19143845334 -0.00131572126797 0.990588370189 0.00224409346594 0.00108375205254 -0.136852001714
1659006297.923426628 4.41555582378 2.17068754376 -0.00394819768912 0.991105277794 0.00275625709886 0.000998745051425 -0.133047863128
1659006298.024291039 4.50458518275 2.15913518367 -0.00631112146626 0.992400885178 0.00152924373776 0.00375977547081 -0.122979708081
1659006298.125148773 4.59725906119 2.15354027195 -0.0103329499935 0.994326797343 0.00277140454891 0.00336012932942 -0.106279108639
1659006298.225999832 4.68719253036 2.15176398363 -0.0131448205125 0.996447975561 0.00221355380887 0.00365902852506 -0.08410198386
1659006298.326866150 4.77002446388 2.15035773593 -0.00904532315868 0.997936178952 0.00211011143323 0.00521221432073 -0.0639668897963
1659006298.427644253 4.83452602801 2.14669023767 -0.00821491421309 0.998915121358 0.00118060535702 0.00246580603582 -0.0464877004484
1659006298.528557777 4.890092179 2.15444751324 -0.00756009764789 0.999713064224 0.00098174374236 0.000686489578656 -0.0239239238115
1659006298.629464149 4.95183770291 2.16504317682 -0.0066669631709 0.999992957868 0.00114030995989 0.000146182657135 0.00357246950846
1659006298.730268955 5.02005599749 2.17430805963 -0.00374022253494 0.999544366293 0.00215308804705 0.000805813301419 0.0300960909274
1659006298.831193924 5.09111270085 2.18054507508 -0.00750681146097 0.998576806465 0.00225625565237 0.00227234453428 0.0532363348702
1659006298.932062149 5.15235748658 2.19290301999 -0.0102825493592 0.997191899277 0.00241628710096 0.00278053676799 0.0747980359927
1659006299.032916069 5.21281090147 2.21197338023 -0.0101125601347 0.995164193397 0.0024635209727 0.0028393599508 0.0981534374373
1659006299.133718967 5.26365835784 2.22983403841 -0.00868719768428 0.992348557025 0.00254739660535 0.00281724059571 0.12340954297
1659006299.234613657 5.31246859559 2.25458319732 -0.00688946557259 0.988676445455 0.00235531589922 0.00261224550121 0.150021714637
1659006299.335420609 5.36054772032 2.28217482872 -0.00472478160128 0.984249030016 0.00296605562607 0.00223585945828 0.176748551221
1659006299.436329842 5.41608681348 2.31265774838 -0.00653584458283 0.978932477169 0.00251478743475 0.00226661940259 0.204156174101
1659006299.537128925 5.46384332693 2.34637315839 -0.00623694725095 0.972925116582 0.00357966440338 0.000646875503491 0.231091940749
1659006299.637998104 5.52152414503 2.3835855762 -0.00584281238152 0.966463560319 0.00424740136097 -5.30685320041 0.256768657238
1659006299.738835096 5.56109162809 2.4155275248 -0.00514694691695 0.960358985756 0.00396657562053 0.00187124530947 0.278731740563
1659006299.839761019 5.58981653383 2.447265583 -0.00427734713285 0.952354640316 0.0022797078594 0.00229193748125 0.304975718744
1659006299.940433502 5.61932780603 2.48651897539 -0.00175734713438 0.942065803647 0.00201925471972 0.00182385006173 0.335417080336
1659006300.041471481 5.64688242239 2.52631893702 -0.00111646982347 0.931206856055 0.00195403020541 0.0014475842879 0.364483027728
1659006300.142333031 5.67650233728 2.57623431484 -0.0030131899827 0.920021804744 0.00196133147902 0.00131791914446 0.391860045249
1659006300.243162155 5.70702895219 2.62332788531 -0.00490702146504 0.907768968192 0.000972278119504 0.0024680856651 0.419462112254
1659006300.343988419 5.73056831669 2.66429476462 -0.00455928505683 0.896045569403 0.000577172906484 0.00153714364358 0.443959053984
1659006300.444850445 5.74635567796 2.70403983172 -0.00245795307019 0.883357895963 0.00082910535557 0.00244753987421 0.468691956164
1659006300.545761347 5.75734172218 2.73811442993 -0.00234967878885 0.869506771299 0.00149438746291 0.00228370381436 0.493913480448
1659006300.646547079 5.76900243066 2.78338284447 -0.00289656439106 0.853598377813 0.00111828012537 0.00139802478441 0.52092859815
1659006300.747418404 5.7757176691 2.81378752219 -0.0060804965444 0.838720117852 0.00108346796176 0.00262335291551 0.544555330546
1659006300.848340988 5.77876367119 2.8427515294 -0.0045393947208 0.823411277513 0.00103947334201 0.00216192206036 0.567439964801
1659006300.949128151 5.77579817369 2.87207496311 -0.00785623097347 0.805119768188 0.00164169027382 0.00226016835745 0.593105686505
1659006301.050015211 5.775919867 2.89592003149 -0.00984294211502 0.787159116222 0.00164887263176 0.00258907897772 0.616742331641
1659006301.150843620 5.77920836296 2.92374525536 -0.00986368485758 0.772464288067 0.00125338776787 0.00276330640577 0.63505095608
1659006301.251774311 5.78391528807 2.95267625956 -0.0100471023898 0.760526259186 0.00142830935497 0.00259777496351 0.649300408583
1659006301.352770805 5.78614270095 2.98527139085 -0.00642418337359 0.748656849548 0.00137586916455 0.00201279533182 0.662953224039
1659006301.453572750 5.78365859159 3.01814791102 -0.00797175763552 0.735340084037 0.00219903424446 0.00240323316127 0.677690452587
1659006301.554272175 5.77630269776 3.05541023509 -0.00466307451685 0.719584877033 0.00245638694395 0.00186893366509 0.694397636802
1659006301.655132294 5.76908951026 3.09699733381 -0.00298062468441 0.702944348178 0.00235190908388 0.00164125710439 0.711239072438
1659006301.756038904 5.7643212412 3.13957627975 -0.000497228731101 0.689357863967 0.00276176497571 0.00111997969448 0.724414835357
1659006301.856870174 5.75983809005 3.18450482827 -0.00220692912686 0.677344605102 0.00303477366628 0.00176821427098 0.735657494699
1659006301.957709312 5.75014648496 3.23805662072 -0.00323672610364 0.664133991515 0.00326954964708 0.00118579422661 0.747605474332
1659006302.058574200 5.73579217642 3.29010119184 -0.00187098599221 0.651634564584 0.00215149399807 0.00206449618804 0.758527193427
1659006302.159412384 5.71957114046 3.34527217127 -0.00610881393355 0.638844340083 0.0019678171953 0.00206854396699 0.769330720799
1659006302.260285378 5.69966950205 3.39498280647 -0.00698235191501 0.625483633164 0.00280416263254 0.000915502644747 0.780231711206
1659006302.361166000 5.68862142759 3.4389594102 0.000212544292774 0.612537751021 0.00437545077956 -0.000375195660976 0.790429135491
1659006302.461978436 5.66677477163 3.49010837558 -0.0105984882383 0.599478952687 0.00614847707075 -0.00205629176861 0.800364262807
1659006302.562857628 5.64507641298 3.53515854005 -0.00481929418551 0.585154077799 0.00554303924312 -0.00257748795053 0.810899091446
1659006302.663712263 5.62546649166 3.57270637948 -0.00930612715897 0.571284881895 0.0019683390932 -0.00426196339777 0.820738414495
1659006302.764576435 5.59938344323 3.61679197594 -0.00698522357419 0.553569107654 0.00322931352769 -0.00154964880838 0.832795541039
1659006302.865435600 5.5731317409 3.65898265434 -0.00562035472987 0.531648846789 0.00202919833004 -0.000739552417015 0.846962123784
1659006302.966243505 5.54762643503 3.69916440523 -0.00760902668859 0.510994252213 0.00122590051742 -0.000837546920906 0.859582846437
1659006303.067140579 5.51739621786 3.73996335473 -0.00581784863189 0.492176791807 0.00108252771123 -0.00257734114232 0.870490775972
1659006303.168016911 5.48301796466 3.77926203066 -0.00397171096248 0.474726356559 -0.00203085091558 -0.00245283058216 0.880127687131
1659006303.268882513 5.44488421149 3.82137802537 -0.00655638368299 0.455852342133 -0.00228453721122 -0.000441314466999 0.89005237391
1659006303.369697332 5.41090526155 3.8611718996 -0.00355505429394 0.439234931013 -0.00108826815722 -0.00154014592988 0.898370257189
1659006303.470489502 5.3720763771 3.89864104285 0.000378096786812 0.431588669135 -0.000539148293737 -0.00142407084697 0.902069233493
1659006303.571433067 5.32755298848 3.94706711695 0.00114636994884 0.429872933428 9.03741786848 -0.00175782670146 0.902887680159
1659006303.672224045 5.27690396426 4.00086111001 0.0043855324866 0.431086062846 0.00167676110987 -0.000458807314067 0.902309140144
1659006303.773118973 5.21902675577 4.06445648468 0.00695688433964 0.433643933535 -0.000840581077068 -0.000262937830442 0.901083882441
1659006303.874014378 5.16405962274 4.13417516588 0.00652315036094 0.437865413165 -0.000313091327966 -0.00112571615194 0.899039773698
1659006303.974881649 5.1057885674 4.20605991187 0.00727049115386 0.441439424744 -9.42855943456 1.24208962044 0.897291048232
1659006304.075707912 5.05091053991 4.28002694645 0.00572029961149 0.444574204011 -0.000389700763514 0.00133763181683 0.895740942462
1659006304.176609278 4.99784049457 4.35544713752 0.00641224668708 0.446701630094 -0.000468348681589 0.00149174430654 0.894681624389
1659006304.277466297 4.94411152817 4.42623088867 0.00984487671975 0.446570548918 -0.0019259630411 0.00254578902129 0.894742730881
1659006304.378301382 4.89521689293 4.49475974686 0.0132261578563 0.443339167838 -0.00264867906161 0.00258522534064 0.896346296567
1659006304.479144096 4.85092980904 4.55181088157 0.0147164261611 0.434959040984 -0.0017124001494 0.00282462777522 0.900444180296
1659006304.580025196 4.80538991534 4.60772123183 0.0163353010651 0.421248355097 -0.00060091232593 0.00291488757359 0.906940442181
1659006304.680845737 4.76869279193 4.64959603837 0.01487271021 0.405368745229 -0.0011158026012 0.00299860403508 0.914147659708
1659006304.781727791 4.73815685229 4.67738321301 0.0156677806474 0.387765417001 0.000782518960945 0.00138247366117 0.921756723766
1659006304.882572174 4.70907667635 4.6996331025 0.0119617211865 0.368109631215 0.00177074796133 0.00170742655372 0.929779139663
1659006304.983404160 4.68003127505 4.71523543128 0.0113444792829 0.35074657076 0.00287947665173 0.00147303566242 0.936464832164
1659006305.084271908 4.64874108416 4.73236301808 0.0132213479228 0.337515526811 0.00276069934235 0.00107857153116 0.941315294885
1659006305.185162544 4.61586434932 4.74709341141 0.0113938091904 0.32683029184 0.00201321267577 0.00154097623408 0.945079643577
1659006305.286002159 4.58218011021 4.76150601199 0.00808123881695 0.318347530118 0.00159585144196 0.00268150403289 0.947968940874
1659006305.386888266 4.54116067717 4.78611209778 0.00663838024185 0.308398585656 0.00210325937994 0.00249078665079 0.951251641075
1659006305.487704754 4.49337583447 4.81127663748 0.0088425677361 0.297547108792 0.00200504714754 0.0038215971381 0.954697383065
1659006305.588582039 4.44753674444 4.82825891856 0.0105712390565 0.291569853565 -3.92947396163 0.00264282167662 0.956545887264
1659006305.689328194 4.41979557411 4.84307833591 0.0111991456403 0.290376490011 -0.00168716029725 0.0026831276618 0.956907230804
1659006305.790289879 4.39822855692 4.8651499711 0.00907120359049 0.281616552182 -0.000593625674679 0.00438985552193 0.959516802518
1659006305.891075373 4.37000036359 4.88406303003 0.00733070840629 0.263037652982 -0.000170129606903 0.00425581962105 0.964776166875
1659006305.992025852 4.34319337608 4.90017388448 0.0102058804624 0.242722053753 0.000412162532795 0.00484330121724 0.970083695965
1659006306.092846632 4.32358146919 4.90566296149 0.0143480676298 0.226310853632 0.000542272408373 0.00232056056291 0.974052215473
1659006306.193666458 4.30533619602 4.90504950027 0.0144180235478 0.213137439022 0.00182116825566 0.00266750954268 0.977016888199
1659006306.294580698 4.28060835993 4.90693622921 0.0133358710059 0.199654017249 0.001952902436 0.00300860189948 0.979859891966
1659006306.395350933 4.26015337811 4.91055619704 0.0107625088836 0.187492603885 0.00115373951235 0.00271622451919 0.982261581503
1659006306.496302605 4.23235863936 4.91209416876 0.0118879838761 0.174184327546 0.00188492945027 0.00231068177299 0.984708549688
1659006306.596991777 4.20102316249 4.91699821015 0.0106456925147 0.159911269828 0.00277781432688 0.00214875447883 0.987125145249
1659006306.697988033 4.17137519386 4.92288237212 0.00706401638671 0.146673955012 0.00151528183038 0.00185672555977 0.989181989025
1659006306.798740864 4.13369184371 4.93041917876 0.00926877929397 0.132898881283 0.00230352490623 0.00353717718551 0.991120612995
1659006306.899729252 4.09746056008 4.93544985912 0.0104590921431 0.120502964519 0.000306172473782 0.00234082983039 0.992710160276
1659006307.000552893 4.0675610685 4.93538461703 0.00925177072867 0.107882240832 0.00381654525509 0.00266753078126 0.994152775168
1659006307.101402760 4.03368826688 4.93620370629 0.00749255798076 0.0951503655366 0.00404369293517 0.0031834928814 0.995449607895
1659006307.202290058 3.99831019001 4.93737031334 0.00816105015089 0.0768415831006 0.00252181269207 0.00400758305099 0.997032071122
1659006307.303143978 3.96334477055 4.94061582013 0.0106694139141 0.0562772393084 0.00195654257977 0.00225973173936 0.998410706017
1659006307.404005051 3.9297554756 4.94006636394 0.0110327731281 0.0376297583418 0.0019192736611 0.00119095261944 0.999289197033
1659006307.504925728 3.89498010044 4.93750850418 0.0127424071039 0.0208341443588 0.000321261917126 5.22008043119 0.99978289268
1659006307.605700016 3.86141556109 4.92667087852 0.0143861872199 0.00464095346431 0.00107444784016 0.000758886831613 0.999988365534
1659006307.706579685 3.82885809342 4.92220458422 0.0170619098712 -0.0110198945223 0.00151102525466 0.000920365862277 0.999937713887
1659006307.807409286 3.79635387563 4.91274120409 0.0188074732786 -0.0221662809241 0.00335967821311 0.000795384963321 0.99974833629
1659006307.908319950 3.7619732698 4.90095389154 0.0168039202877 -0.0249807987291 0.00197494148201 0.000164828980836 0.999685966758
1659006308.009121895 3.72230289778 4.89169102239 0.0183529488089 -0.0250667476637 0.00167361274884 0.00110179273277 0.999683771617
1659006308.109991074 3.67312167296 4.88367618406 0.0213293017552 -0.0242670982797 0.00104262098006 0.000292734831658 0.99970492406
1659006308.210848331 3.62325410677 4.88015874732 0.017097613594 -0.0239534038309 0.00165335504387 0.00113614930487 0.999711063271
1659006308.311703205 3.57558786797 4.87790569022 0.016447665452 -0.0225278391712 0.00211225142504 0.00202850866698 0.999741926703
1659006308.412616253 3.53213204124 4.87209008817 0.0161375528494 -0.0255831862037 0.00221661701658 0.00237259441752 0.999667423691
1659006308.513458729 3.48474569591 4.8585428583 0.0154415776469 -0.0348479909307 0.00138030749922 0.00282582592012 0.999387676023
1659006308.614258766 3.43580745586 4.8433639331 0.0174281191999 -0.0506608018828 0.000885453011652 0.00195823576559 0.998713604813
1659006308.715182304 3.38564185227 4.83214900691 0.0192543908948 -0.0692040090904 0.000803830179752 0.00177714673935 0.997600621858
1659006308.815990448 3.33886872022 4.82182414516 0.0166337890001 -0.0849929147309 0.00109889713223 0.0021756873234 0.996378574265
1659006308.916872978 3.28846560506 4.81243585804 0.0165646292734 -0.100342997777 0.000898907006752 0.00203531455356 0.994950416985
1659006309.017715931 3.23276945731 4.80114469721 0.0183073277159 -0.109860179906 -0.00115906469117 0.00232151099346 0.993943664413
1659006309.118604660 3.17403955345 4.78715207521 0.0166256208522 -0.114086441777 -0.00172399920195 0.000698738483338 0.993469085273
1659006309.219427109 3.11388561084 4.7722536851 0.0124952851128 -0.116304894971 -0.00258216874564 0.00260351040212 0.993206788914
1659006309.320289612 3.05005676907 4.7567074523 0.0106943951852 -0.116576056775 -0.00218823827237 0.00250755459691 0.993176191202
1659006309.421138525 2.98324973876 4.73847175518 0.0141624573145 -0.113339454453 -0.00221386642839 0.00260405878523 0.993550444486
1659006309.522001266 2.92791480988 4.70731692467 0.023804752846 -0.113250618109 -0.00032352569054 0.0070119542926 0.99354165757
1659006309.622877121 2.89512201596 4.68192745484 0.0280355109429 -0.146584960272 0.00895397532287 0.0112875309365 0.989093154052
1659006309.723705530 2.87048812493 4.66465247304 0.0266172921246 -0.184654450525 0.0197875614913 0.0076720417358 0.982574336164
1659006309.824506283 2.82159085468 4.64881813652 0.0326354328776 -0.211811065305 0.0189303991796 0.00728586140778 0.977100111977
1659006309.925427198 2.7629498607 4.63989550507 0.0372814587895 -0.216956197136 0.0141216422061 -0.00117236220947 0.976078487271
1659006310.026285648 2.69799104585 4.62826257904 0.0383611027744 -0.209786697306 0.010063138409 0.00750588464295 0.977666577405
1659006310.127128839 2.63481100119 4.61829245082 0.0399559164352 -0.189879555075 0.0138013877643 0.00404974358323 0.981702030067
1659006310.227881432 2.55530844959 4.59538066594 0.0334362168808 -0.167915426247 0.0127337528203 0.004248510699 0.985710003664
1659006310.328847885 2.47414617882 4.57365786017 0.0443183497576 -0.150146758156 0.00126912492003 0.0100421319633 0.988611903592
1659006310.429689407 2.39763095146 4.54764013538 0.0390560038818 -0.145700212494 -0.00112872378076 0.00716574036934 0.989302191561
1659006310.530548573 2.31917629543 4.53028465345 -0.00558422751344 -0.140822190748 -0.0159812294285 0.0123865155337 0.989828411964
1659006310.631461620 2.23941110534 4.50599026359 0.000408653946536 -0.131033713721 -0.0365187143847 0.000372756955195 0.990705006761
1659006310.732342005 2.16113204182 4.48614839422 0.00677991694628 -0.116380674422 -0.0263408889297 0.00590980676448 0.992837736176
1659006310.833211660 2.0981270212 4.47738722493 0.0246562168791 -0.10426629917 -0.0122515680682 0.0106688999256 0.994416719747
1659006310.934020758 2.03587225125 4.47286657972 0.0238091338957 -0.0903503834792 -0.0175232414554 0.00663101246307 0.995733786656
1659006311.034855366 1.97470586005 4.46951952641 0.0196080683847 -0.0746955195707 -0.0136258657355 0.0082019298389 0.99707955725
1659006311.135701656 1.9260623149 4.45580932033 0.028744356278 -0.0629887799374 -0.00242647883689 -0.000114851361116 0.9980112788
1659006311.236580849 1.87558494436 4.43700405411 0.0209382417831 -0.0649382595994 -0.005073729127 -0.00124311811188 0.99787561067
1659006311.337426186 1.82779416812 4.41864949623 0.0152704309734 -0.0746520503922 -0.00392748942014 0.000320566153674 0.997201856916
1659006311.438281536 1.78742014033 4.40052524329 0.016035914561 -0.0858723532745 -0.00397142429878 0.00143166375841 0.996297203183
1659006311.539159060 1.73992564787 4.38221551272 0.0146766723706 -0.0992647191773 -0.00350691754838 0.0010459155016 0.995054331741
1659006311.640008211 1.68489599092 4.36048766821 0.0143361192941 -0.110608537529 -0.00342605900822 0.000504402288946 0.993858017588
1659006311.740857840 1.6225819594 4.34311336902 0.0104568866699 -0.118891563529 -0.00350939425386 0.00150817044804 0.992899897117
1659006311.841691494 1.5532192049 4.32851432156 0.00988583468211 -0.122890399901 -0.00197280967085 -4.87925615066 0.992418286436
1659006311.942569256 1.47810783941 4.31170955547 0.0109296096374 -0.121245952906 -0.00303803980506 0.000525211174876 0.992617707565
1659006312.043415070 1.40545157848 4.2934001585 0.0110212997638 -0.118771624884 -0.00312811749059 -0.000141145839885 0.992916661196
1659006312.144269943 1.33215135095 4.27794000663 0.0137401618009 -0.117021099636 -0.00229438996247 -0.000964858514113 0.993126309722
1659006312.245182037 1.26018832811 4.26111676565 0.0156807421123 -0.114062663011 -0.00181099516683 -0.00162144428528 0.99347058342
1659006312.345983982 1.18620565185 4.24107780025 0.0131625024106 -0.110835829976 -0.00354085408707 -0.000536254103944 0.993832276381
1659006312.446878433 1.11880507069 4.22755746232 0.0148593729984 -0.107066072146 -0.00244480235776 -0.00160802183635 0.994247601658
1659006312.547715425 1.05839402407 4.21340299964 0.0191896273226 -0.102275322481 -0.00268543204476 -0.000743456719899 0.994752227511
1659006312.648528576 0.998929251538 4.1967542947 0.019941962833 -0.102543423724 -0.00131743272952 -0.00250745382223 0.994724496178
1659006312.749481201 0.934926021097 4.17569038853 0.0171016935727 -0.104599280528 -0.000274329149539 -0.00195517234555 0.994512489895
1659006312.850344419 0.867009412755 4.1566310847 0.0169036538639 -0.107333729995 0.000240950214254 -0.000212932441857 0.99422299662
1659006312.951157093 0.802678092898 4.14123226672 0.0152192577066 -0.107492028875 0.00020000885971 -0.00111931469874 0.994205296133
1659006313.051996469 0.737682402088 4.1249700682 0.0128123131199 -0.10660327381 -3.32527453783 -0.000646290680989 0.994301425278
1659006313.152866840 0.676258663042 4.10636295324 0.0148752962017 -0.108727897561 0.000381573289529 -0.00116964655293 0.99407078753
1659006313.253667116 0.609713500421 4.08949098967 0.0163504825973 -0.109190684949 0.00083984025859 -0.00225515708987 0.994017908921
1659006313.354568005 0.537707278821 4.07461346956 0.0155172625692 -0.109067120784 -0.000188155809557 -0.00246018034946 0.994031325097
1659006313.455446243 0.467153734642 4.06115894443 0.0138957865889 -0.108862207608 -0.000609041585417 -0.00148271352534 0.99405555699
1659006313.556282997 0.392365900771 4.04721434292 0.0126757716629 -0.107031568535 -0.00059785881302 -0.00152576265495 0.994254272282
1659006313.657132626 0.315439171699 4.03115555974 0.0115046953814 -0.105348338188 -0.0022016586113 -0.00242495303683 0.994429987452
1659006313.757993937 0.23924204639 4.01024683218 0.00997876476238 -0.103999781912 -0.00234888055441 -0.00228790216178 0.994571914758
1659006313.858870029 0.168863497254 3.99195734113 0.0135733016019 -0.10264216711 -0.00344638475187 -0.00234598874129 0.994709608026
1659006313.959669113 0.0949250754323 3.97457227022 0.0172371585448 -0.102709594143 -0.0030522137157 -0.00335991425233 0.994701027565
1659006314.060598850 0.0231840858859 3.95775737742 0.0169814379028 -0.103586488571 -0.0017053016744 -0.000933090339526 0.994618550337
1659006314.161824465 -0.0420668709292 3.94280294998 0.0268038758603 -0.104239201412 0.00167136051128 -0.00014448929216 0.994550840614
1659006314.262296200 -0.108786965383 3.92556783362 0.0294775461477 -0.104626936311 0.00405839958197 -0.000203291712709 0.994503238941
1659006314.363182545 -0.176340175134 3.90067875605 0.0247032794621 -0.108225007381 0.0050522224529 0.000168490208745 0.994113572202
1659006314.464022160 -0.242697002606 3.88309516566 0.0231619777099 -0.113261576765 0.00385180709959 0.000569525786125 0.993557574804
1659006314.568181515 -0.305165710093 3.86339634519 0.0235167264389 -0.119255150746 0.00335135932863 -0.000333006739093 0.992857928667
1659006314.665621519 -0.3546090862 3.84262119515 0.0222539586605 -0.126831917037 0.00226322366976 0.00142032631975 0.991920624502
1659006314.766454697 -0.403720296016 3.82276348905 0.0231138048697 -0.137462701356 0.00182950931847 0.00196359840329 0.990503307876
1659006314.867410660 -0.456738431742 3.79958202969 0.0223703794445 -0.149603700897 0.0023689652243 0.00164681128571 0.988741831164
1659006314.968303204 -0.510409401319 3.77891909655 0.0229783017361 -0.160065455448 0.00213393262909 0.000752098108504 0.987103809461
1659006315.069178581 -0.562582439822 3.75243406889 0.0265587069052 -0.170876788962 0.00039461677941 -0.00068638301918 0.985292086718
1659006315.169976473 -0.611756531135 3.7272147473 0.0289128586637 -0.183559762456 -0.000531310534357 -0.000828899194714 0.983008059093
1659006315.270814896 -0.660598355915 3.69738391225 0.0303513256491 -0.201340862543 -0.00026225780963 -0.000210486933391 0.979521180979
1659006315.371533394 -0.708752773162 3.66607119477 0.0279732128058 -0.218980560501 -0.00102926720223 0.000899977067218 0.975728263797
1659006315.472595692 -0.766301497829 3.62981284491 0.0306240466517 -0.236313469432 -0.00176644241347 -6.0785637904 0.971675264762
1659006315.573478222 -0.831403947487 3.59398293237 0.0326628969099 -0.249206303383 -0.00215030018254 -0.0012525032558 0.968447224065
1659006315.674314976 -0.897085905089 3.56244169618 0.0318844134809 -0.259468335712 -0.00367001719749 -0.00127108150692 0.965743805617
1659006315.775165558 -0.965361580495 3.5242052209 0.0299766300102 -0.264519863049 -0.00390113560388 -0.00148317001178 0.964371206227
1659006315.876033306 -1.03661466504 3.49011058628 0.028264814941 -0.263856701566 -0.00202386874377 -0.00170583543735 0.964558259059
1659006315.976900578 -1.10834206683 3.4563307077 0.0339523061326 -0.259745132081 -0.000797858076826 -0.00199014587693 0.965674825758
1659006316.077728748 -1.17480447279 3.41465664862 0.0379962540698 -0.256937537216 0.00067576231806 -0.00215948332735 0.966425362843
1659006316.178609610 -1.24081334906 3.37640199347 0.0371626953808 -0.255597496877 0.00280412080297 -0.00157907795959 0.966777928487
1659006316.279491425 -1.30437209332 3.33453091961 0.0326921082171 -0.256749103678 0.00363645280372 0.000410874078014 0.966471161057
1659006316.380321503 -1.36708384602 3.29336333895 0.0295942340882 -0.258482104262 0.00442416565821 -0.00146578603374 0.966004803304
1659006316.481084347 -1.42854325337 3.25382291708 0.02862645552 -0.262607246029 0.00345669301992 -0.00208334857227 0.964894370004
1659006316.582018137 -1.48818833054 3.21651131251 0.0307421777383 -0.26956191706 0.00211049368552 -0.00121496870787 0.962979980341
1659006316.682879925 -1.54510217282 3.16876482459 0.0315341210896 -0.282112068939 0.00165685559289 -0.00189166314571 0.959378161623
1659006316.783782005 -1.60068906642 3.12776278633 0.0266282821279 -0.294752093049 0.000292792915312 -0.00324591095125 0.955568198496
1659006316.884604931 -1.64900544195 3.08779640106 0.0282621893751 -0.308982608014 0.000396313596663 -0.00340509597185 0.951061510209
1659006316.985463142 -1.68883405743 3.04992835074 0.0302760291846 -0.324674399922 0.00144132271051 -0.00229987958642 0.945821953212
1659006317.086142540 -1.72007246585 3.02093960902 0.02970623405 -0.339476540812 0.000717887612267 -0.00325081778914 0.940608630121
1659006317.187173605 -1.73653046506 3.00315142979 0.0282528489894 -0.351948483124 -0.00126670769108 -0.00405728847752 0.936009721685
1659006317.287999153 -1.74058531546 2.99418047207 0.0292686589491 -0.36416180918 0.00024497859672 -0.00277558377196 0.931331526823
1659006317.388909340 -1.74013508197 2.98340161292 0.0311299076308 -0.379990792957 0.000909762608628 -0.00245656764998 0.924986559294
1659006317.489789009 -1.73712425388 2.97072498963 0.0285783067854 -0.397847428478 0.000848906039826 -0.00262850362974 0.917447433906
1659006317.590586185 -1.73768337489 2.95801533315 0.0284642688154 -0.418653921375 0.00029949255296 -0.00295591067276 0.908140995118
1659006317.691423416 -1.74322614148 2.95036862201 0.0302714868635 -0.446920636494 0.000525756611997 -0.00261155100633 0.894569644051
1659006317.792328358 -1.74178592821 2.94070987517 0.029873191679 -0.472891410346 -0.0002255309355 -0.0035324908072 0.881113604858
1659006317.893141508 -1.74400033555 2.92986122858 0.0305888868108 -0.497056446299 0.000397958718396 -0.00307601455998 0.867712664974
1659006317.993990898 -1.74600416485 2.91162863997 0.0332100203835 -0.522250499322 0.000744714777633 -0.00267472416513 0.852787609671
1659006318.094861507 -1.75394877409 2.87590820477 0.0325631113432 -0.546640577767 0.000547792718444 -0.00293495055314 0.837362027278
1659006318.195590973 -1.76338422078 2.83944843477 0.0312365594534 -0.563296829078 0.000569817736915 -0.00326025540763 0.826247982383
1659006318.296617985 -1.77224356803 2.80280486172 0.0292139339301 -0.576221283856 -0.00172529756513 -0.00448747509488 0.817279583709
1659006318.397348404 -1.7798951086 2.76335636963 0.030933537433 -0.586383887666 -0.00165945606367 -0.00433774936413 0.810019979026
1659006318.498284101 -1.78753704756 2.71922475239 0.0307421982847 -0.597424659157 0.000842542359915 -0.00261376446608 0.801920342047
1659006318.599155903 -1.79605859533 2.67269553966 0.0299371884289 -0.607052449786 2.68883711872 -0.00359311504083 0.794653642796
1659006318.700035334 -1.80343824838 2.6247216049 0.0308307942617 -0.61340385775 -0.00125465157377 -0.00550994835107 0.789749183992
1659006318.800889969 -1.81226228768 2.57218601647 0.0316163990157 -0.621300132145 -0.00176129115591 -0.00395277582815 0.783560731031
1659006318.901720524 -1.81529900117 2.51492611582 0.0295830215742 -0.627461715377 -0.000733856897184 -0.00346914207786 0.778639340288
1659006319.002588272 -1.8198976776 2.46568742976 0.0273913975144 -0.634108962411 -0.00061493523382 -0.00389742793972 0.773233635908
1659006319.103447199 -1.82507156722 2.41629616931 0.0278975081592 -0.643549878803 -0.00131507717512 -0.00408203060333 0.765392161634
1659006319.204310894 -1.82955066798 2.3719973451 0.0278877474988 -0.651230003952 -0.000172318666397 -0.00473393230854 0.758865628517
1659006319.305153847 -1.83502741576 2.33246760779 0.0324386796415 -0.660581696998 -0.000667390590282 -0.00459178717441 0.750739829549
1659006319.405992985 -1.83725939685 2.29561811902 0.0329327789059 -0.669563525194 -0.000405841483238 -0.0050320984642 0.742737638071
1659006319.506852150 -1.83647367008 2.26556608489 0.0316658165707 -0.681036004454 -0.00160008996208 -0.00501501425215 0.732231008618
1659006319.607737064 -1.82788684239 2.21719036029 0.0286433155206 -0.692821169278 -0.00105932831259 -0.00558812326284 0.721087011464
1659006319.708620071 -1.82450132401 2.16572972997 0.0274190511422 -0.701590611986 -0.00224605550633 -0.00598799752316 0.712551550622
1659006319.809486151 -1.82202430301 2.11081613295 0.0287575496969 -0.706024798836 -0.00200010822009 -0.00590137796993 0.708159697197
1659006319.910314322 -1.81735422901 2.06031702784 0.0300585411986 -0.707347948578 -0.00144079478215 -0.00529126502114 0.706844258849
1659006320.011165619 -1.81482048603 2.00735084575 0.0308117851491 -0.706023906197 -0.00149403316055 -0.00568762115922 0.70816358471
1659006320.112030983 -1.81121438384 1.9504756634 0.0296112671252 -0.702132232727 -0.00175080026876 -0.00677149873118 0.712012225505
1659006320.212877750 -1.81016170432 1.89711785546 0.0301036863734 -0.699983266666 -0.000814153145721 -0.00648027465621 0.714129378742
1659006320.313732147 -1.80574206446 1.84264758931 0.0289728978397 -0.699296597712 -0.000938890593281 -0.00598016958939 0.71480600479
1659006320.414584637 -1.80681711554 1.79483112421 0.0288981439345 -0.700832130718 -0.0019037892526 -0.00597986380539 0.713298634072
1659006320.515492201 -1.80444784136 1.74485596136 0.0287379764536 -0.702170586109 -0.00145921397219 -0.00570137408101 0.711984433139
1659006320.616316319 -1.80454930256 1.6923280492 0.0306912955854 -0.703715167968 -0.000991675299334 -0.00598908281863 0.710456268773
1659006320.717191219 -1.80396928372 1.64280058307 0.0301466195256 -0.705485874295 -0.00123937795898 -0.00598473036126 0.708697628129
1659006320.818007231 -1.80110110263 1.58307759882 0.0284447414295 -0.707534092756 -0.000644618889801 -0.00575668454406 0.706655469545
1659006320.918844700 -1.79624884556 1.51953120885 0.0245023647617 -0.709135403948 -0.00382031103595 -0.00863723217217 0.705009065411
1659006321.019746065 -1.79532475316 1.4571150256 0.0256230813926 -0.710384243305 -0.0031846504376 -0.00838532915792 0.703756897742
1659006321.120486259 -1.79366784966 1.3933305791 0.0293043772972 -0.711834995228 -0.00575222667505 -0.0112281468721 0.702233422855
1659006321.221447945 -1.7893450369 1.32917332563 0.025105518188 -0.711172173683 -0.00207551758382 -0.00932843506068 0.702952922965
1659006321.322143078 -1.7871980868 1.26526826654 0.0291680788926 -0.712310847449 -0.00308544486578 -0.00749093120202 0.701817371248
1659006321.423153400 -1.78410240183 1.1980043697 0.0276515445458 -0.712160491691 -0.00278373825538 -0.00684696450469 0.701977780241
1659006321.524101257 -1.78256413834 1.14106066354 0.0245743307798 -0.711706054801 0.0020746771219 -0.00590933821902 0.702449476473
1659006321.624852657 -1.78338653878 1.07259732696 0.0296920842103 -0.713175536622 -0.000856351275932 -0.00548347001703 0.700963517012
1659006321.725751877 -1.77950030321 1.01019182048 0.0298688042528 -0.712551574342 0.000148158914265 -0.00356660153839 0.701610655068
1659006321.826575279 -1.78223833872 0.95506766645 0.0290391534885 -0.712563964256 0.00040425999326 -0.00339038451933 0.701598844576
1659006321.927469492 -1.78430275173 0.911608194284 0.0243477241125 -0.715294624798 -0.000241744249082 -0.00476117328408 0.698806749054
1659006322.028148174 -1.78129388659 0.863641811734 0.0230638636185 -0.722960115985 -0.00117166801713 -0.00525537326376 0.690868785618
1659006322.129214764 -1.77317713617 0.813765465136 0.0213560140056 -0.731859716393 -0.000753952792272 -0.00565876184181 0.681431409234
1659006322.229898453 -1.76335127774 0.77063480471 0.0186797592083 -0.738761243214 -3.90428835875 -0.00531301917308 0.673946285566
1659006322.330898285 -1.7549300915 0.715805712597 0.01813695968 -0.745235537061 7.76490900324 -0.00535596524464 0.666779804641
1659006322.434825420 -1.74645835512 0.658885716407 0.0210158129453 -0.747622234127 0.000147491839667 -0.00480444238077 0.664106836751
1659006322.532608509 -1.73583164476 0.611278628409 0.0205410032694 -0.746926970631 0.000612626851528 -0.00446574406745 0.664890804841
1659006322.633446693 -1.72599355893 0.564880780626 0.0240853790649 -0.747193699606 0.00100900826795 -0.00381296374966 0.664594627182
1659006322.734349251 -1.71682039163 0.517198781886 0.021517486844 -0.750588318742 0.000875028202405 -0.00351564559328 0.660760206376
1659006322.835146904 -1.70676755705 0.469067430706 0.0189895387663 -0.756164258292 0.00110281201615 -0.00312167910686 0.654373481589
1659006322.936012983 -1.69599916006 0.424753766401 0.0144470625738 -0.762077169046 0.000968376942156 -0.00336622844603 0.647476732532
1659006323.036860943 -1.68600354488 0.377673129117 0.0126681986068 -0.767945906122 0.00121961043068 -0.00338150119294 0.64050461612
1659006323.137711525 -1.67522910139 0.341782227062 0.0163709763156 -0.77261630378 0.00162393484258 -0.00332030307977 0.634862493424
1659006323.238601208 -1.66005951043 0.303851197379 0.0187989609749 -0.778971783748 0.00233340900191 -0.00212689433807 0.627051027945
1659006323.339467525 -1.64655163415 0.272944475741 0.0191238153295 -0.785764875125 0.00248097915982 -0.0017187029645 0.618517947858
1659006323.440261364 -1.63838658203 0.241203796697 0.0170094620604 -0.791089798734 0.00204559957132 -0.00240042159255 0.611691902707
1659006323.541081667 -1.62985563457 0.205360636002 0.0145504364929 -0.791664739053 0.00180880615956 -0.0029775079405 0.610945827064
1659006323.642004251 -1.61637337539 0.162662746001 0.0122019410438 -0.790947206258 0.00186183014063 -0.00347249413561 0.611871712277
1659006323.742898941 -1.60823136055 0.130865666884 0.0113105978211 -0.788021681461 0.000712380174658 -0.00494195635615 0.615627240406
1659006323.843632698 -1.60301722615 0.115242434162 0.0114471884411 -0.785305543336 0.000435627480447 -0.00568381790401 0.619082149676
1659006323.944531918 -1.60256253207 0.120297296102 0.0190053179945 -0.785791471893 0.00126238856074 -0.00459053529213 0.618473197528
1659006324.045414686 -1.60213228805 0.124893624675 0.0237130445781 -0.788590940517 0.0025124213023 -0.00363863071314 0.614902249662
1659006324.146318674 -1.59803432033 0.119148114201 0.0218571674083 -0.789428305465 0.00202458206319 -0.00386035312196 0.613827295965
1659006324.247128487 -1.59783234617 0.118857983552 0.0176873214999 -0.788553191168 0.00144893052293 -0.0044452587413 0.614948782398
1659006324.348005295 -1.5928995163 0.11990161854 0.0168387886407 -0.788656665623 0.0019266237585 -0.00410648233371 0.614817118087
1659006324.448918343 -1.59422753909 0.118658525595 0.0150660181783 -0.78907024663 0.00116051670104 -0.00419551713217 0.614287552145
1659006324.549718380 -1.59716683074 0.118992387797 0.0140250624366 -0.788463793387 0.00149011405773 -0.00437543162759 0.61506380293
1659006324.650615215 -1.6007004388 0.120044033392 0.0162423387261 -0.788619967348 0.00182294928817 -0.00374596191125 0.614866808118
1659006324.751425982 -1.60032234583 0.122032231072 0.0165094703595 -0.788988968354 0.00174422853456 -0.00399487605782 0.614391899726
1659006324.852304459 -1.60002355554 0.121894086269 0.018096144684 -0.788789123927 0.0019721239955 -0.00421806116656 0.614646269542
1659006324.953135014 -1.59927660486 0.123958755567 0.0180321729938 -0.789139924645 0.00184657778853 -0.00382617575401 0.614198770645
1659006325.053994417 -1.60136648328 0.122004718261 0.0182323880662 -0.788799499767 0.0021891815905 -0.00368598115052 0.614635640191
1659006325.154885769 -1.60115860968 0.121769194903 0.0181616845616 -0.789202169022 0.00186174414689 -0.00374599809836 0.614119237459
1659006325.255714893 -1.60207216168 0.124611690054 0.0158885243832 -0.788938856882 0.00151585997339 -0.00407366319033 0.614456334932
1659006325.356651783 -1.60049493461 0.130738544353 0.0147507172146 -0.788793124689 0.00109860433711 -0.00391829875007 0.61464530133
