1659006330.096736193 0.00693709585355 -0.001777680605 0.0105127022661 0.999998901922 -0.000275699807471 -0.00144141761546 -0.000206059830437
1659006330.197726488 0.00616180769991 -0.00218273656085 0.0116720552035 0.999999348382 -0.000130561680646 -0.00112343985954 0.000155150856233
1659006330.298583269 0.00503818763902 -0.00015595724581 0.0126218960022 0.999998550973 -0.000357365518149 -0.00164699459466 -0.000240314650898
1659006330.399479389 0.00517332889706 -0.00316249767912 0.0138123740099 0.99999737104 -0.00128068109221 -0.00188856710845 -0.00022601750847
1659006330.500290632 0.00551039155097 -0.00360263326539 0.0137602112271 0.999998876472 -0.00039731880924 -0.00139866688728 -0.000364586127893
1659006330.601220608 0.00490151937839 -0.00348902206912 0.0132336370369 0.999998783981 -0.000399869468244 -0.00146749330796 -0.00034438897667
1659006330.702054501 0.00508844316713 -8.80054066865 0.0105720786868 0.999998900578 -0.000514449491479 -0.00134972126966 -0.000335314870559
1659006330.802928925 0.00641396167905 -0.000303460550484 0.0125194717526 0.9999982879 -0.000511992156027 -0.00176653849088 -0.000203477809012
1659006330.903748989 0.00727929874481 -0.000998128657978 0.0146810765791 0.999998011518 -0.000768570650184 -0.00183986644149 -3.39249746703
1659006331.004637957 0.00761833189273 -0.00132715985888 0.0152870826386 0.999998601057 -0.000553110518711 -0.00154407726692 -0.000328296826719
1659006331.105441093 0.00922351747775 -0.000855297696712 0.0148694990171 0.999998506274 -0.00053016861842 -0.00164423460508 5.35032533758
1659006331.206272125 0.0106255337662 -0.0024198990423 0.0138894662087 0.999998399621 -0.000552228320055 -0.00167033068331 -0.000325260364079
1659006331.307165623 0.011534225624 -0.00314370915949 0.0152067143487 0.999997302127 -0.00073438148378 -0.00218623861471 -0.000277097699109
1659006331.408014774 0.0121205595903 -0.00100412746899 0.0193737729761 0.999997069631 -0.000606326191074 -0.00229746651514 -0.000463406878451
1659006331.508891582 0.012083235255 0.0011688473705 0.0181455712152 0.999998036793 -0.000385707242041 -0.00194361444791 -1.54780497047
1659006331.609697342 0.0128726420282 0.0014880454979 0.0176184924358 0.999998007293 -0.000639029034058 -0.00188948300401 -8.31002842129
1659006331.710595131 0.0122225779825 -0.000148019587951 0.0162968438109 0.999998228273 -0.000650958090111 -0.00176553988881 5.07270514465
1659006331.811462402 0.013089786509 -0.00191589562986 0.0181893377358 0.999997113106 -0.0005969971343 -0.00232751969977 -5.03692194769
1659006331.912309647 0.0219604974683 -0.00115906450124 0.0164950372297 0.999997961628 -0.000556961987384 -0.00175507116308 0.000828407739527
1659006332.013190031 0.041931542171 0.000833949806528 0.0139740612774 0.999997987718 -0.000862643275966 -0.00136408389672 0.00119150404389
1659006332.113959551 0.0758381416571 -0.00215636373372 0.0125342011095 0.999999419985 -0.000560879729198 0.000155201877686 0.000906287044162
1659006332.214839458 0.105081072786 -0.00326732260389 0.012443446054 0.999997290058 -0.00090711641241 0.00140242459225 -0.0016217957984
1659006332.315787315 0.130731758445 -0.0026022456686 0.0126095246314 0.999994970595 -0.00114988114204 0.00112800018197 -0.00273206403424
1659006332.416603088 0.148183333897 0.00365509464183 0.0124561455482 0.99999878834 -0.000500066149012 -0.000799602817769 -0.00123850228598
1659006332.517465830 0.159337088648 0.0103300214305 0.0169028373775 0.999952412615 -0.000985746866529 -0.000624395076938 0.00968560478157
1659006332.618299484 0.175217505263 0.0177889088135 0.0176207831697 0.999614035182 -0.000857398740382 -0.000496118745495 0.0277632743183
1659006332.719175577 0.193221713664 0.0292599492367 0.0181239121277 0.998794971809 -0.000914874168568 3.00398535197 0.0490689962313
1659006332.819984913 0.212987453477 0.0403663438427 0.020554774288 0.997273220822 -0.000736787791241 -0.000181663092118 0.073793950795
1659006332.920804501 0.236398133158 0.0488148110226 0.0207166893401 0.995003463309 -0.00110631663765 0.000258469334155 0.0998339484401
1659006333.021680117 0.263655554224 0.0633712176888 0.0208486565787 0.99208020417 -0.000959916250731 0.000124725188164 0.125602275055
1659006333.122609854 0.290376889633 0.0788856241284 0.0216408646753 0.988083310427 -0.00117560203593 0.000225673559612 0.153915362089
1659006333.223382473 0.312213436135 0.0981238612817 0.0214328183462 0.982970396379 -0.00120865704059 0.000467392968047 0.183759409377
1659006333.324358463 0.334505945136 0.120423450998 0.0220620698027 0.976606363697 -0.000874792744326 0.000171663434327 0.215033057124
1659006333.425171375 0.361689496153 0.145273717301 0.027728809474 0.968868610106 -0.00129253487572 -0.000100720746765 0.247572081545
1659006333.526037216 0.383322842477 0.172792687312 0.0293632424226 0.960210963539 -0.000872564677271 -0.000630401428501 0.279273605493
1659006333.626728058 0.408954650573 0.200036247151 0.0268663097767 0.950885394634 -0.000687703979491 -0.00123906627229 0.309539913499
1659006333.727761507 0.434599971133 0.226465303245 0.0288242495384 0.940822929013 -0.000508957555713 -0.00135356789434 0.338895448567
1659006333.828577042 0.453844987368 0.256593160868 0.0281042812015 0.929584165602 -0.000449292478074 -0.00118707400615 0.368607742803
1659006333.929486513 0.469157656453 0.286553549174 0.0286735820745 0.917248663987 -0.000694582859465 -0.00144806504246 0.398311823921
1659006334.030283451 0.483346100991 0.32303043702 0.0283872889666 0.903939369401 -0.000464855269878 -0.0014880871144 0.427657790708
1659006334.131171465 0.497984286016 0.359525143427 0.0313678682532 0.888922979379 -0.000821364180403 -0.00204321744308 0.458051402525
1659006334.232017994 0.512718577739 0.396276515874 0.0333069547169 0.872931923545 -0.000655827029789 -0.00268083928385 0.487834233985
1659006334.332920074 0.527497474585 0.430198089146 0.0318191680625 0.857339448207 -0.000940554352449 -0.00299723892124 0.514741879455
1659006334.433803082 0.542588158457 0.468980751185 0.0247163380975 0.843117842824 -0.000344357295676 -0.0026569239231 0.537722163654
1659006334.534678221 0.556724020534 0.510026704302 0.0227938851469 0.829193397798 -0.000489100934022 -0.00373006615558 0.558949153712
1659006334.635732174 0.567833923387 0.554793906121 0.0205805513342 0.81509244889 -0.000389891639136 -0.00316385154714 0.579322136458
1659006334.736229420 0.567829895345 0.599834023557 0.0180661446714 0.799729238162 -0.000661494204185 -0.00309794903021 0.600352488764
1659006334.837144852 0.56756961437 0.640993741756 0.0157105378166 0.782593632329 -0.00112711728159 -0.00278511762015 0.622525645547
1659006334.938033342 0.56538128676 0.682189443177 0.0116988087092 0.764349941319 -0.000934909255313 -0.00245944912264 0.644796281209
1659006335.038862228 0.559571458381 0.716923230437 0.0146611238879 0.746204398289 -0.00130916558954 -0.00282437655486 0.665709625104
1659006335.139748573 0.54994566351 0.748734931388 0.0144686701933 0.726490341666 -0.00145547447437 -0.00317819706201 0.68716778455
1659006335.240624905 0.539483614939 0.783150967205 0.0143464999213 0.705268605471 -0.00123313251305 -0.00342259516165 0.708930856547
1659006335.341443539 0.530838019841 0.813687266841 0.0125280830995 0.683305286339 -0.00128706863134 -0.00359919595366 0.730122780705
1659006335.442321301 0.522985937099 0.846877959792 0.0163298990057 0.661259279556 -0.00157211178708 -0.00416755935332 0.75014420288
1659006335.543183804 0.509393781748 0.877897830158 0.0126304517901 0.639277082419 -0.00133235995252 -0.00385487543821 0.768965653749
1659006335.644040585 0.492491069349 0.908905202668 0.0102559822459 0.616872380373 -0.00166524164893 -0.00422785208368 0.787050073737
1659006335.744902134 0.477864740559 0.941835085819 0.00817753978027 0.594136910183 -0.00161865622128 -0.00422882373296 0.804351185093
1659006335.845718384 0.461612746037 0.974329793509 0.0068516728379 0.57313856975 -0.000699172192906 -0.00455491487017 0.819445509948
1659006335.946596146 0.448645684719 1.00570802481 0.00549153017493 0.555416299317 -0.000577965432898 -0.0045927778421 0.831559562991
1659006336.047431946 0.438776589933 1.03267512708 0.00890029673808 0.540011733449 -0.000533069830561 -0.00465319051969 0.84164445664
1659006336.148275852 0.42255694342 1.060873263 0.00622794692268 0.525940780223 -0.000471612535868 -0.00397234518233 0.85051178343
1659006336.249228001 0.403414895372 1.08847417421 0.00886285015939 0.510399409225 -0.000952365957092 -0.00432915765755 0.859926040108
1659006336.350013733 0.368609108419 1.11207180019 0.0150804851603 0.488820009795 -0.000992810334347 -0.00522528735411 0.872368447804
1659006336.450804949 0.329732511901 1.13442429122 0.0197566480985 0.459740862311 -0.00120567012757 -0.00489761325791 0.888038793784
1659006336.551738739 0.295934763516 1.15276145976 0.0192536441476 0.428449766555 -0.00134408924128 -0.0046196045853 0.903552793265
1659006336.652581215 0.26529169343 1.16540909503 0.01884159231 0.396840599254 -0.00132569036763 -0.0045756181628 0.917875179448
1659006336.753429174 0.237402631735 1.17950873994 0.0194286096858 0.365065936651 -0.00158443742764 -0.00438772675294 0.930969977663
1659006336.854330063 0.205136157187 1.18802662617 0.0182807511902 0.332195388419 -0.00122776557037 -0.00500456217757 0.943196517626
1659006336.955162048 0.172410816448 1.19997284919 0.0184662595709 0.299131300187 -0.00153407413586 -0.00490435689546 0.954198123635
1659006337.056024551 0.143691047805 1.20900274496 0.0143562512609 0.265567659084 -0.00100737879198 -0.00426258129161 0.964082275554
1659006337.156864643 0.116501611484 1.21704410385 0.0135971262656 0.234445424123 -0.000622108981209 -0.00501763576475 0.972116134739
1659006337.257614851 0.101676148694 1.22203720793 0.0142139446783 0.208940252958 -0.00103831383751 -0.00486332330051 0.977915763594
1659006337.358574390 0.0940604319567 1.22698547341 0.0133703220073 0.195515411145 -0.000234026197799 -0.00492128658852 0.980688253307
1659006337.459404707 0.0890178751826 1.23885223991 0.0107113222845 0.192271314258 7.12927061588 -0.00525558960934 0.981327730887
1659006337.560302734 0.0770554764126 1.2514352017 0.0128749415834 0.193605824908 -0.000907414839845 -0.00493089066642 0.981066586668
1659006337.661116123 0.0463147052942 1.26357466513 0.0108176039868 0.193182762186 -0.000759922965995 -0.00485832188543 0.98115046737
1659006337.762001514 0.00652905144414 1.26995798743 0.0107669993979 0.185299281796 -0.00163073439108 -0.0048104080001 0.98266900676
1659006337.862870216 -0.0370247750126 1.27703168287 0.0111435253505 0.170375774333 -0.00133112105819 -0.00496171122497 0.985365772218
1659006337.963764191 -0.0740392007292 1.27963985285 0.0115206614281 0.151263985429 -0.00192204826547 -0.00503830915818 0.988478693692
1659006338.064633369 -0.107225235399 1.28005348495 0.0122321717548 0.127889571677 -0.0010580366396 -0.00473686985525 0.991776537371
1659006338.165348530 -0.138983546682 1.27717404181 0.0125886840687 0.100606969991 -0.00123714281952 -0.00455784790361 0.994915038126
1659006338.266281366 -0.165261662796 1.27082324075 0.0140333420353 0.0721384914049 -0.00111058939007 -0.00437865423678 0.997384395324
1659006338.367156029 -0.188866016972 1.26579831179 0.0126781936741 0.0433640065024 -0.000239226434873 -0.00497757378582 0.999046910545
1659006338.468011379 -0.211690066692 1.25740508039 0.012011424407 0.0132346305583 -0.00100241339764 -0.00441621387179 0.999902163602
1659006338.568863392 -0.232206159205 1.25000441995 0.0104184491329 -0.0198232643083 -0.00106173426904 -0.00482413356231 0.999791297546
1659006338.669771671 -0.252624206835 1.23805242157 0.0121520745749 -0.0549872319389 -0.00122626840711 -0.00431999053079 0.998476959309
1659006338.770583630 -0.267974128112 1.22297703782 0.0110343619818 -0.0896418017014 -0.00173591960324 -0.00433916911232 0.995963104529
1659006338.871454716 -0.286943394877 1.20956263158 0.00908946475186 -0.123663339837 -0.00236109492362 -0.00412507492291 0.992312847527
1659006338.972298145 -0.30841153094 1.19384313741 0.00805496691346 -0.159560963027 -0.00186666840813 -0.00473079642593 0.987174976482
1659006339.073228836 -0.329359941596 1.17332941777 0.0100938950119 -0.196574628688 -0.00290250092925 -0.00385798938956 0.980476979211
1659006339.174018383 -0.349596527616 1.15425006422 0.00757809983953 -0.231072032933 -0.00293457646973 -0.00403636962196 0.972923846751
1659006339.274899483 -0.364379156314 1.13348617438 0.00996796465527 -0.263584176851 -0.00377404177376 -0.00344417535065 0.964622867228
1659006339.375729561 -0.375484759792 1.11550186452 0.00715414774612 -0.29552963467 -0.00359608110344 -0.00382280536695 0.955319155776
1659006339.476593494 -0.385968018818 1.09320967454 0.00804546678118 -0.327558876097 -0.00395522823407 -0.00291108841312 0.94481800598
1659006339.577473640 -0.397401973065 1.06879126065 0.00931875938192 -0.359259281106 -0.00386844994321 -0.00292775128286 0.933225177707
1659006339.678341389 -0.404901745829 1.04171467161 0.012177039581 -0.389915814206 -0.00360126417439 -0.00235958376941 0.920840442798
1659006339.779234886 -0.413871417728 1.0116391364 0.0142192460205 -0.419709502581 -0.00348396691781 -0.00194693955084 0.907649714837
1659006339.880037785 -0.425706756482 0.979366164551 0.0139357378581 -0.449435077064 -0.00343164701712 -0.00209376156392 0.893303952451
1659006339.980919361 -0.433242052071 0.947358046385 0.0143922827044 -0.477329543543 -0.00321815767189 -0.0016438672803 0.878716932819
1659006340.081773281 -0.443339774344 0.918335260037 0.0139907524893 -0.502969071905 -0.00286251109005 -0.000715812318311 0.864299373105
1659006340.182629585 -0.453698094189 0.879233023094 0.00836310846323 -0.52670063296 -0.00125173066863 0.00134772087869 0.850048857454
1659006340.283473969 -0.45876107192 0.835696894959 0.00481180225511 -0.548505186646 -0.000556714641548 0.000696444801979 0.836146676879
1659006340.384357929 -0.46263519675 0.78722086143 0.00790680015837 -0.56574196182 -0.000595299521256 0.000207118510671 0.824582097402
1659006340.485144615 -0.466434449673 0.739156659116 0.00870103533139 -0.578224488633 -0.00114844155092 -1.6968369814 0.815876903423
1659006340.586023331 -0.469724734178 0.689140692804 0.00771981512616 -0.58717134116 -0.00167534802128 -0.000203111792426 0.809460912012
1659006340.686872482 -0.475741065749 0.633799767647 0.00666639785887 -0.593423781127 -0.00186992249372 -0.000748078078997 0.804887669033
1659006340.787806511 -0.476334678687 0.578166516073 0.00660992279865 -0.594960042201 -0.00148173146956 -0.000752325815411 0.803753560902
1659006340.888589859 -0.478552149927 0.523725501298 0.00393977067915 -0.593362900377 -0.00168255342013 -0.00141571185779 0.804932067463
1659006340.989475727 -0.485237389073 0.468937078817 0.00344114981334 -0.590567201954 -0.00278642703989 -0.000928854759912 0.806983118181
1659006341.090290546 -0.492222975577 0.413011446499 0.00441768428159 -0.585294402551 -0.00271058587018 -0.00110681482511 0.810815570909
1659006341.191157341 -0.5010352725 0.357328022225 0.00405805139537 -0.575081782132 -0.00149775876935 -0.00142175486277 0.818093319366
1659006341.292018890 -0.514204348374 0.299936334525 0.00660290727472 -0.560651619172 -0.00244713658213 -0.00178770010005 0.828046241203
1659006341.392914295 -0.534391285296 0.249670200913 0.00628881214847 -0.545840622276 -0.00193384688467 -0.00191469456604 0.837884603782
1659006341.493650675 -0.56013717253 0.196927963816 0.00519428930222 -0.532352767633 -0.00104684872058 -0.00169837693251 0.846520259898
1659006341.594614267 -0.587080334117 0.148943590647 0.00747239845092 -0.518392635088 -0.0013982992178 -0.00234365506257 0.855138367709
1659006341.695363283 -0.617234812018 0.0988321825335 0.00862584122595 -0.50201306837 -0.0018493263843 -0.00221758318517 0.864855214185
1659006341.796308279 -0.643623551721 0.043920369473 0.00623203338608 -0.483448704055 -0.0012716236241 -0.00237428714584 0.87536854883
1659006341.897041321 -0.678863215849 -0.00524007547889 0.00529152487919 -0.462050852098 -0.00089085511882 -0.00146107160706 0.886851781146
1659006341.998032570 -0.715783276799 -0.0514639361785 0.00416519253402 -0.43862846867 0.000423522318041 -0.00146858631219 0.898667196661
1659006342.098935366 -0.766286147032 -0.096861697808 0.00262109102852 -0.412116005623 0.000473823535936 -0.00251072100528 0.911127800959
1659006342.199688435 -0.814567618663 -0.138229381828 0.00393857623354 -0.386602276858 -0.000118651644028 -0.00333022900892 0.922240519076
1659006342.300578356 -0.875922272567 -0.180592517549 0.00669795133518 -0.359153522252 -0.000780659498203 -0.00143649121644 0.933277062033
1659006342.401490927 -0.935862086975 -0.221178243024 0.00929546656332 -0.330928801197 -0.000655617925184 -0.00132878532684 0.943654562344
1659006342.502323151 -0.995196189646 -0.256582359071 0.00923384958101 -0.299111937486 0.000122204345639 -0.0006111595304 0.954217826497
1659006342.603186607 -1.05363713713 -0.29052862266 0.0116951063235 -0.266314851154 -0.000868172599087 -0.000259362023179 0.963885667008
1659006342.704006195 -1.10754938869 -0.314622351378 0.00866799974878 -0.232683285196 -0.0010457315016 0.00032550847495 0.972551946829
1659006342.804893255 -1.17021407211 -0.337329991069 0.00750559104825 -0.198585405524 -0.00064903585269 0.000378864747531 0.980083298463
1659006342.905754566 -1.22993226525 -0.351846591457 0.0110481063776 -0.164695458602 -0.000946381308696 0.000914851099816 0.986343587867
1659006343.006577730 -1.28822470494 -0.363552649987 0.0135828786667 -0.129024821431 0.00179111385566 -2.07728343075 0.991639746764
1659006343.107460499 -1.34186817513 -0.366381467005 0.0132970532553 -0.0956874305609 0.0012726785617 0.000617963628771 0.995410424922
1659006343.208311081 -1.39609080238 -0.363878432679 0.0161959618533 -0.0670624413907 0.00663869008857 0.000942181337464 0.997726249551
1659006343.309096336 -1.45077429663 -0.352666018149 0.018509158486 -0.0402362011638 0.0030632057231 3.86198470013 0.999185499992
1659006343.410051346 -1.50913747435 -0.341608347587 0.0160242046597 -0.0160607267043 0.00328050880485 0.000775094681892 0.999865336207
1659006343.510866880 -1.56874434408 -0.334535849658 0.010627448723 0.0101739307947 0.00379498726686 0.000783611142372 0.999940735823
1659006343.611750841 -1.62497579038 -0.319839141989 0.0134376033045 0.0384920006633 0.00337511342942 0.00111550628873 0.999252585756
1659006343.712601185 -1.68426329417 -0.306921756285 0.0110985392254 0.0684035496613 0.000192583440927 0.00126698510028 0.997656910994
1659006343.813461781 -1.74603269598 -0.293288987248 0.0108116249004 0.0965217316216 -0.000669515995194 0.000430000239417 0.995330559248
1659006343.914287090 -1.80917518708 -0.272877819007 0.012696586817 0.12646902277 -0.000966248087017 0.000956255467327 0.991969625654
1659006344.015079260 -1.8648216614 -0.254990972605 0.0151451379914 0.156849448064 -0.000330304485561 0.00042877607749 0.987622376059
1659006344.116010427 -1.91942581617 -0.232736867134 0.0139962215319 0.187262509065 0.000315350850585 0.00013572012779 0.982309846654
1659006344.216910839 -1.96533413828 -0.207456433155 0.0140929070152 0.215342421364 4.6706208951 0.00151951689054 0.976537419984
1659006344.317758560 -2.01303431501 -0.182179336001 0.0130033358982 0.244885152484 7.3984303217 0.000293108639214 0.969552046415
1659006344.418547630 -2.05798035848 -0.154879993187 0.0110975900605 0.274093765778 0.00063169479615 -0.000598852252549 0.961702578711
1659006344.519438028 -2.09739228876 -0.12345070816 0.00933700567295 0.30144869092 -9.11111773392 -0.000401844974038 0.953482310776
1659006344.620257139 -2.13483917271 -0.0872953922151 0.00801557923782 0.327843723312 0.000123139838737 -0.000403837364015 0.944731874574
1659006344.721180916 -2.16996547306 -0.0520634071659 0.00816607915056 0.354586271753 -0.000160436992514 -0.0002282419402 0.9350232607
1659006344.821971416 -2.204480956 -0.0124619426854 0.0105495235362 0.380393567263 0.00039356259025 -0.000291199576578 0.924824574877
1659006344.922891855 -2.23449745991 0.0263544332035 0.0110400217514 0.406111361869 0.0017987377181 -6.43697475899 0.913821821889
1659006345.023727417 -2.26329447845 0.0712245091607 0.0117481020353 0.431672897033 0.000736271813636 -0.000520261881752 0.90202976514
1659006345.124579430 -2.28696002157 0.117416636554 0.0124157443262 0.459080935144 -8.50868190899 -0.00041149535015 0.888394348484
1659006345.225453377 -2.31118775289 0.168966840574 0.0143648684054 0.486027561216 -0.000291609618202 0.000497653986368 0.873943291663
1659006345.326349735 -2.32991596764 0.225576266122 0.017824172826 0.514921171511 -0.000281697137507 0.000762030538449 0.857237147519
1659006345.427209854 -2.35002953606 0.279894890798 0.0208185540587 0.544312034553 -0.00139467688079 0.000796477707622 0.838881296454
1659006345.528013706 -2.36230614575 0.332967896669 0.0182143026311 0.576703211176 -0.00141036434551 0.000329815702484 0.816952451685
1659006345.629162312 -2.3752228666 0.396643471426 0.0164809983457 0.606403524382 0.000287144832439 -0.000452560783966 0.795156889144
1659006345.729742527 -2.38064331697 0.4562641464 0.0166752394 0.634921833588 -0.00100296522329 -7.76302458334 0.772575726559
1659006345.830590248 -2.3799271818 0.503401831148 0.0166386514452 0.662864639035 -0.00016995424835 -0.000458823163108 0.74873909402
1659006345.931454182 -2.37834099585 0.549846151111 0.0173540638579 0.688917293293 0.00065685714856 -0.000114022605747 0.724839650225
1659006346.032288551 -2.36828234045 0.600979094918 0.0152434888818 0.713743505995 0.000530524104757 0.000226489933954 0.700406935215
1659006346.133179426 -2.35372151961 0.65007030598 0.0171546565847 0.737335714703 -4.96309986372 -0.000409185151835 0.675526368048
1659006346.234035969 -2.33750563881 0.699351416515 0.0151461511093 0.758394259738 0.000623572341141 0.000462881616897 0.651795630313
1659006346.334919930 -2.32507153261 0.748647388773 0.0154810108615 0.774763644384 0.00128937514332 0.000476878988153 0.632249480378
1659006346.435724020 -2.30366311177 0.794699584189 0.0189070085968 0.790082660955 -0.000581745799154 -0.000162957804821 0.613000019474
1659006346.536689281 -2.27895505488 0.840935071484 0.0168988992959 0.806209108177 5.36080615192 0.000339357851774 0.591630590703
1659006346.637440205 -2.25803130795 0.87977808533 0.0185878701013 0.821435605367 0.000836538130125 0.000388512291197 0.570300530858
1659006346.738316774 -2.22952171156 0.922191417784 0.0186610203262 0.835208771362 0.00111982493089 0.000649832431642 0.549931479322
1659006346.839143515 -2.2046534058 0.96593600426 0.0198702172169 0.847868447828 0.00108762212767 0.000723992015585 0.530205043442
1659006346.939997196 -2.18397445774 1.00553595245 0.0191441001833 0.854491797011 0.00214611738655 0.00185563609404 0.519457139363
1659006347.040817738 -2.16717844387 1.04311013878 0.0199889129404 0.856108155218 3.49337938692 0.00122099083748 0.516795253975
1659006347.141775131 -2.14919346087 1.076009179 0.0182374758488 0.856271304161 0.000771822979412 0.00179289026256 0.516522645684
1659006347.242590904 -2.13145798152 1.10520516629 0.0195887818054 0.855453130343 -0.000824667671111 0.00192552137458 0.517876002608
1659006347.343459129 -2.11526813221 1.13150439388 0.0193374211409 0.855474585244 0.00104698141052 0.00181748365541 0.517840549383
1659006347.444307327 -2.10052129569 1.15675282936 0.0174119908735 0.854932735163 0.0012231930693 0.00241096184508 0.518731828028
1659006347.545169592 -2.0826201182 1.17836457077 0.0149967235624 0.854850355494 0.00149541509307 0.00299549419143 0.518863816872
1659006347.646018982 -2.07123792932 1.20431519852 0.015212085558 0.854513128901 -0.000758625536147 0.00293681029196 0.519420939286
1659006347.746759176 -2.05474309941 1.23379883432 0.0170751032605 0.854308585428 -0.00029910380543 0.0033960286949 0.519754959947
1659006347.847729206 -2.0430283033 1.26324758269 0.0215025673972 0.853962536139 0.00045670224571 0.00271690130789 0.520327201616
1659006347.948585510 -2.02883245172 1.29406020702 0.0211544636776 0.853349100451 -6.62441179598 0.00168638918626 0.521337188835
1659006348.049476147 -2.01599445032 1.32572623194 0.0224306404588 0.85283349148 0.000150706178767 0.00185444831092 0.522179637787
1659006348.150321484 -1.99959001079 1.35476636317 0.0170192695432 0.85285715054 -0.000407013944036 0.0023447937112 0.522138886749
1659006348.251145363 -1.9829714881 1.38412453244 0.0184481079861 0.852244353646 -0.000752966563477 0.00145092382791 0.523141366688
1659006348.352065563 -1.96522868124 1.41990616211 0.0185436057609 0.851627649906 -0.000536161759128 0.00270338927531 0.524140010047
1659006348.452873230 -1.9500751219 1.46315722569 0.0172234444616 0.850022643729 -0.00104762645545 0.00337391149715 0.526734301473
1659006348.553720951 -1.92491224743 1.51286580809 0.0149501288888 0.848216769663 0.000526465362843 0.00199743864132 0.529645206469
1659006348.654616356 -1.89932225957 1.56299712145 0.0123189654763 0.847321222618 0.00012311320067 0.00226685224844 0.531075881514
1659006348.755467892 -1.87303170932 1.61233501799 0.0117751013236 0.846885788385 0.00129219371979 0.0028462302507 0.531765635068
1659006348.856286049 -1.85392238483 1.6612136916 0.0163465243591 0.843077572364 -5.73349246292 0.00252998284413 0.537786019599
1659006348.957173824 -1.84319033261 1.7064659759 0.0190942851799 0.835069262767 0.00271567805419 0.0016313444363 0.550135701613
1659006349.057998657 -1.82332774801 1.74943736246 0.0205769102242 0.824818168347 0.00335861333553 0.000744168140673 0.565387614912
1659006349.158887386 -1.80750191431 1.78907773533 0.0244958546397 0.812257729357 0.00260335618128 0.000333579251331 0.583292801568
1659006349.259793520 -1.79544411152 1.83226288863 0.0222741828402 0.79824722551 0.00304462034651 0.000490992950695 0.602322053539
1659006349.360595942 -1.79267919587 1.88039525257 0.0202709738552 0.782408954557 0.0021432643983 0.000601306818881 0.622761007673
1659006349.461490154 -1.79069385008 1.92709465697 0.020595162396 0.764093457086 0.000636996428761 0.00111211385058 0.645104291007
1659006349.562320709 -1.79548630264 1.98012408911 0.0183140792136 0.7479630688 0.000363936840039 0.00108421369868 0.663739361302
1659006349.663182735 -1.79398975046 2.03150075366 0.0159263117677 0.739522119797 0.000580555805723 0.00172092760804 0.673129805977
1659006349.764042616 -1.7905988115 2.08325615306 0.0151491620548 0.742911462072 0.000677755846565 0.00140854416071 0.669387866766
1659006349.864810705 -1.78903166875 2.13973356319 0.0168456299365 0.752237371199 0.000392287772972 0.00169039165011 0.65888991953
1659006349.965736866 -1.79101662328 2.19027641778 0.0175649373801 0.768309720568 -0.000159630734611 0.00213403561389 0.640074678214
1659006350.066624165 -1.78428839355 2.23083619958 0.0183659847939 0.788757406202 -4.91901219683 -0.000273652369554 0.614704544359
1659006350.167471409 -1.77154032783 2.27210853915 0.0208150374337 0.810020085361 0.000336448002345 0.000432698703304 0.586401876606
1659006350.268351793 -1.74999360967 2.30736093813 0.021142936379 0.82949413142 0.000261340065063 0.00069001920503 0.558514942965
1659006350.369184494 -1.73033562183 2.35183306564 0.021445660874 0.84617995313 0.000703022490795 0.000522244164187 0.532896537745
1659006350.470110893 -1.70809688856 2.40036775318 0.0203511279359 0.858896567353 0.00030660525098 0.000342225944505 0.512148880175
1659006350.570884466 -1.68361433374 2.44450719252 0.0187527980505 0.869662732158 0.000825777101742 0.000322111704567 0.493645567823
1659006350.671734810 -1.65285113198 2.48091540656 0.0200919436742 0.879724520443 0.00166419497367 0.000334748642074 0.475480689965
1659006350.772611618 -1.62217481927 2.51845174668 0.0190809160014 0.889350933977 0.000842849837118 0.000150807986055 0.457224434052
1659006350.873448372 -1.59200533212 2.55116587504 0.0201053767686 0.897763034229 0.00146413028613 0.000945883110343 0.440475306912
1659006350.974220276 -1.56000326826 2.5860316599 0.0213493844978 0.904979510796 0.0014218545988 0.000675969758672 0.425452237547
1659006351.075214148 -1.52104718663 2.62214673404 0.0206595979387 0.910064398467 0.00138624740524 0.00171291900054 0.414461017311
1659006351.176000118 -1.48967060659 2.65847778986 0.0186147898713 0.911405187139 -7.22173467443 0.00186390222171 0.411505899727
1659006351.276881218 -1.45550056704 2.70235389399 0.0168395137223 0.909610749453 -5.89587943685 0.00602741310456 0.415417803296
1659006351.377751350 -1.4246261979 2.74523420984 0.019426799959 0.906635888081 -0.000875022131559 0.00615121998409 0.421868182343
1659006351.478620529 -1.38378818053 2.79966253604 0.018912504436 0.902575362925 -0.00107902039166 0.00574157223213 0.430492258124
1659006351.579453945 -1.34325651251 2.84478989673 0.0167966536193 0.900507843191 0.00168958670294 0.00450678835947 0.43481313056
1659006351.680335522 -1.30720511322 2.88823390689 0.0113713285663 0.901626401123 0.00206790774895 0.0050365609019 0.432481432676
1659006351.781164169 -1.27686290922 2.92706668123 0.0142567237285 0.902296290053 0.00248857284201 0.0037802943574 0.431092706197
1659006351.882121563 -1.24861119081 2.97127950972 0.0162903845538 0.902126108173 0.00226588501609 0.00287910724595 0.431456905681
1659006351.982910156 -1.22902941527 3.00147875397 0.0183828546249 0.902044564528 0.00393532556439 0.00331595033238 0.431612234873
1659006352.083767653 -1.21548515374 3.01870926425 0.0190426060493 0.902282541462 0.00256789623797 0.00514720239127 0.431106863306
1659006352.184539318 -1.21034729772 3.01679133353 0.0157227323656 0.90206820829 0.00292871058548 0.00568544277059 0.431546111079
1659006352.285475731 -1.22164309421 2.99482688524 0.0158039121313 0.901408738526 0.00336958136779 0.00412287116717 0.432936408683
1659006352.386341810 -1.23813381353 2.97344054349 0.0201591104261 0.899820691553 0.00355838048024 0.0027174736319 0.43623694974
1659006352.487125397 -1.25407680612 2.95890582402 0.0168083684417 0.896057552396 0.00113823411873 0.00213057252745 0.443931332391
1659006352.588053703 -1.26908831323 2.93866818362 0.0139680685887 0.894820538625 0.00205098772604 0.00221733779586 0.446415815711
1659006352.688913345 -1.28794126363 2.91891501384 0.0136513662153 0.890557101264 0.00173900312828 0.00233444022535 0.454862150156
1659006352.789687157 -1.30351358085 2.90014593107 0.0121801616903 0.878538558177 0.00281130927055 0.00363107220477 0.477649362661
1659006352.890621662 -1.31657409242 2.88242046564 0.0110263953189 0.861307628006 0.00205685662964 0.00263019133511 0.508072850458
1659006352.991476536 -1.324411589 2.86496019228 0.0112010926595 0.842818601537 0.00225171383729 0.0034861214798 0.538181736632
1659006353.092338085 -1.33682028706 2.85662022751 0.0117522272583 0.82596346226 0.00249113387112 0.00321185438547 0.56370900051
1659006353.193178415 -1.34389237172 2.85630621004 0.0141352623123 0.817479298519 0.00181781999062 0.00202432650813 0.575951555363
1659006353.294052124 -1.35528036885 2.86464683694 0.0164123014225 0.81415323426 0.00123618371127 0.00203723876164 0.58064518654
1659006353.394836664 -1.36050596235 2.88452464026 0.0151132246768 0.80869734074 0.00177812722201 0.00211661032049 0.588218470726
1659006353.495754242 -1.35519164127 2.92040839574 0.0159908254107 0.79944370407 0.00397172034733 0.00298166028678 0.600720483388
1659006353.596582890 -1.3462432371 2.9728999631 0.0176246507343 0.793297222989 0.00487490136577 0.00215136072525 0.608811237561
1659006353.697461605 -1.33691501945 3.03196231711 0.0164471210664 0.791921762428 0.00414242217704 0.00244115929341 0.610603638438
1659006353.798319340 -1.32979253883 3.09301998525 0.0137658852181 0.795336408796 0.00321701023954 0.00298217138175 0.606152418409
1659006353.899191380 -1.31759378269 3.1511244717 0.0131535508416 0.799322469595 0.00372200545964 0.00226887738449 0.600886502154
1659006354.000028610 -1.29801137592 3.20783830312 0.0113573635694 0.801755514714 0.00344743985916 0.00237461338209 0.59763749129
1659006354.100910664 -1.28312620663 3.27136908251 0.0104986510857 0.801136438791 0.0044763696693 0.00337936283437 0.598455469072
1659006354.201745987 -1.26735065827 3.3328430494 0.0105531675741 0.799252520022 0.00354491479914 0.00324228319926 0.600976147961
1659006354.302740335 -1.24676299471 3.39154791275 0.0132175063816 0.798540709836 0.00369961004834 0.00294878977147 0.601922214458
1659006354.403517008 -1.23224495852 3.45602880321 0.0157403277123 0.792170327686 0.00561182596813 0.00279454082475 0.610267867321
1659006354.504314899 -1.21571272462 3.51911614965 0.015210243151 0.781081213679 0.00467118893534 0.00322534232294 0.62440364733
1659006354.605037689 -1.20978254982 3.58254906031 0.0130532072465 0.763853777629 0.00409773398117 0.00209479071818 0.645372936239
1659006354.706062794 -1.20743285059 3.64455425291 0.0149751823356 0.743435365188 0.00441397011931 0.00167455660073 0.668791126224
1659006354.806882858 -1.21055025694 3.69793795813 0.0142216201684 0.723001389376 0.00466660395725 0.00242444596906 0.690826559876
1659006354.907792568 -1.21252404005 3.7304123929 0.0149630399498 0.706516312806 0.00489480723137 0.00250144341485 0.707675408208
1659006355.008650303 -1.21501912398 3.74702973015 0.0157197236098 0.691540766731 0.00406476383089 0.00258831389744 0.722321359421
1659006355.109467268 -1.22116006645 3.74302399638 0.018797038816 0.68374934561 0.00392133322293 0.00116230699269 0.729705491665
1659006355.210354805 -1.22557597267 3.72339432827 0.0188576282375 0.685179427207 0.00479557528111 0.000713646211242 0.72835818503
1659006355.311215162 -1.23111841775 3.70057320023 0.0191719846823 0.681217464434 0.005804630002 0.00168951013778 0.732056157665
1659006355.412150860 -1.23272422674 3.67051036997 0.0190076205289 0.668107267798 0.00430027451653 0.00125425769905 0.744051485579
1659006355.515384436 -1.23910878379 3.64308724244 0.0177266107951 0.653571746744 0.00385719536361 0.00146578420695 0.756853318272
1659006355.613782406 -1.23520099774 3.61158221227 0.0176957026699 0.64314542376 0.00386729500527 0.00214045377905 0.765731301688
1659006355.714584351 -1.2392635168 3.58121618188 0.0146969048221 0.6330690348 0.00402098364337 0.00178278256181 0.774082844761
1659006355.815498114 -1.24226549648 3.54656306798 0.014048664448 0.6200786394 0.00266975386586 -0.000243463258478 0.784535081497
1659006355.916305065 -1.24028931966 3.51244484815 0.0139514989531 0.603041435297 0.00209962907532 -0.000579777335229 0.797706890236
1659006356.017188549 -1.24047179212 3.49081860548 0.0123077190895 0.583953355408 0.00280205587616 -0.000239823377888 0.811782341318
1659006356.118014812 -1.23982517559 3.4825011023 0.0113931187313 0.569492303337 0.00240464402984 -0.000344012747095 0.821993075264
1659006356.218921185 -1.24321158489 3.48395077085 0.0112571590474 0.565460715285 0.00238877368861 -8.77259744767 0.824771765723
1659006356.320331573 -1.25022106364 3.49548118485 0.00938271320822 0.564830178619 0.00180958272664 -0.000441976875171 0.825205065052
1659006356.420624971 -1.26345487428 3.51908069082 0.0114070319503 0.563341224646 0.00331874108374 0.000620735843603 0.826217444296
1659006356.521320820 -1.27601695246 3.55231998167 0.0114596524516 0.560002064209 0.00228580285823 0.00094356182394 0.828487521257
1659006356.622328281 -1.296134768 3.59965484546 0.0113858722429 0.560612140505 0.00287038400657 0.000985554770132 0.828072954211
1659006356.723171711 -1.3165424636 3.65420886606 0.0194718154676 0.570418365863 0.00437855896373 0.00226045779143 0.821339519589
1659006356.824035168 -1.33481982948 3.70012974054 0.0151999269633 0.584964540621 0.00379860659615 0.00176241535929 0.811048056959
1659006356.924875259 -1.35075008897 3.75127973626 0.0146721273594 0.603223442728 0.0039147087987 0.0024182925294 0.79755896651
1659006357.025660038 -1.35984031749 3.8017985402 0.0162755678291 0.62934355579 0.00540068523735 0.00185485157089 0.777106222411
1659006357.126580238 -1.36206122728 3.85692894174 0.0157726027752 0.659288315835 0.00575931825011 0.000920155731126 0.75186760814
1659006357.227499962 -1.35231616313 3.90788015966 0.0153766951131 0.690726373975 0.00640215434014 0.00249339137281 0.723083585565
1659006357.328323841 -1.3384070932 3.95936822851 0.0147768104812 0.718300360892 0.0059438492992 0.00243247622527 0.695703489467
1659006357.429193258 -1.32904365316 4.00939438092 0.0175934942216 0.744042238083 0.00609476303995 0.00233905191222 0.668100689005
1659006357.530064106 -1.30818670877 4.05974206242 0.0213516643872 0.767963189837 0.00748610701303 0.00229486267883 0.640446118626
1659006357.630875587 -1.28454796982 4.10408722877 0.0214454815714 0.791620886153 0.00716535270585 0.00346731822801 0.610960725441
1659006357.731724024 -1.25163275882 4.15194114769 0.0219850935824 0.81300103757 0.00701870166165 0.00422517837601 0.582204602012
1659006357.832566261 -1.21966197844 4.2035339397 0.0229360831354 0.828885786918 0.00731644643123 0.00335414722835 0.55935996599
1659006357.933443069 -1.19227082053 4.25694402504 0.0171615356827 0.839824990243 0.0064843827002 0.00326257093497 0.542808708641
1659006358.034180641 -1.16127316145 4.31550890132 0.0186790688868 0.846294477435 0.00556400294548 0.00669228440286 0.532644264649
1659006358.135244846 -1.13211238959 4.37712015311 0.0170406126405 0.848951031787 0.00345319077215 0.0048608100678 0.528437880575
1659006358.235942125 -1.11048312169 4.43936491566 0.0163881520256 0.849775861681 0.00411984341062 0.000886099752544 0.527127334352
1659006358.336911678 -1.0832524945 4.50285756821 0.0134169264211 0.849011102543 0.00469176291467 0.00356868887261 0.528342123609
1659006358.437744617 -1.05853503466 4.57110385339 0.0114031736597 0.848189672311 0.00410934370989 0.0034274523467 0.529665597948
1659006358.538624763 -1.040521784 4.64111661906 0.0125405757893 0.847711240276 0.00380714644788 -0.000530975928846 0.530444037398
1659006358.639450550 -1.01367590081 4.71078089929 0.015158487334 0.845581120414 0.0032430848105 -0.000581435466519 0.533836785106
1659006358.740364790 -0.992123038519 4.78016826013 0.0202531463558 0.840200227906 0.00460821145605 -0.00102331023142 0.542255746167
1659006358.841086388 -0.980611551717 4.84348109867 0.021517048186 0.830690456999 0.00428348746547 -0.00130991112937 0.556716535159
1659006358.942032814 -0.972647836311 4.91055835544 0.0213181389403 0.817377022079 0.00268607381276 -0.000528222749225 0.576096614958
1659006359.042947292 -0.975396165815 4.97999893022 0.0206186113078 0.798975328787 0.00324364383355 -0.00113638100815 0.60135398178
1659006359.143675804 -0.972957118773 5.04435393567 0.0200137861605 0.778191538573 0.00410724037504 -0.000507162981961 0.628013377768
1659006359.244576454 -0.976071122013 5.10825302184 0.0210090308656 0.756403890339 0.00427156281381 -0.000957531015855 0.654090201399
1659006359.345426559 -0.974857211574 5.17503502975 0.0234111034026 0.734973640661 0.00388599284997 -0.00175029573867 0.678082283398
1659006359.446373940 -0.975391423681 5.24165858257 0.0225273955121 0.71346467437 0.00361137403845 -0.00277924518032 0.700676381934
1659006359.546985388 -0.980590025821 5.3012082732 0.0219658927312 0.691442455021 0.00406225147797 -0.00203491052797 0.72241725384
1659006359.648063421 -0.994413868192 5.35719147023 0.021333877389 0.668477785007 0.00329228508824 -0.00236933065292 0.743721048568
1659006359.748882294 -1.01242243736 5.40119714559 0.0192808888864 0.645151848238 0.00353498980751 -0.0021988468957 0.764043036507
1659006359.849729538 -1.0218285966 5.4405004595 0.0194871051368 0.623953251675 0.00298131912011 -0.00125377503441 0.781454975996
1659006359.950682402 -1.03156133209 5.46702257426 0.0187894486402 0.604355578023 0.00108488969277 -0.00151372549683 0.796712537219
1659006360.051483631 -1.02920436458 5.47011958484 0.0212755380564 0.586984260489 0.000844408293346 -0.000683333046896 0.809597614849
1659006360.152372122 -1.01427036459 5.46013878136 0.0248531130042 0.575653722919 0.000106071146322 -0.00177774297204 0.817691640943
1659006360.253167868 -0.99710930708 5.43629024868 0.0272714805683 0.57081781636 -0.000393060062723 -0.00143588495759 0.821075394994
1659006360.354015112 -0.983872831936 5.39621251421 0.0277709084164 0.563444977243 0.000462409699721 -0.00225015301246 0.826150398298
1659006360.454879284 -0.986600774216 5.34278557909 0.0304469296177 0.546046082331 0.000769300594223 -0.00305648987063 0.837749211887
1659006360.555754662 -0.994985150662 5.28892559716 0.0306783498088 0.516785262337 0.00113006154604 -0.00385992312664 0.856105610649
1659006360.656621933 -0.987754297799 5.24403997885 0.0299266857806 0.483057539002 0.00138902451848 -0.00359580256708 0.875580124733
1659006360.757485867 -0.98181285439 5.21035017114 0.02911318395 0.450299675865 0.00088108712252 -0.00313606561974 0.892871542101
1659006360.858335495 -0.963043662177 5.18819765918 0.0249585831374 0.423461381869 0.000461449391388 -0.00233254964173 0.905911035556
1659006360.959200859 -0.933087539755 5.17096490269 0.0239682290196 0.40849140603 0.000820638719409 -0.00222388829228 0.912759087642
1659006361.059949875 -0.907906313211 5.15127714437 0.02450613253 0.397193715005 0.00140528038016 -0.00281171085079 0.917729411226
1659006361.160814285 -0.88984668379 5.13700064619 0.0235967720124 0.384978377085 0.00173038259077 -0.00389594416201 0.922915747277
1659006361.263735771 -0.881120549951 5.13323286371 0.0218224426117 0.374424984837 0.00184537678634 -0.00345556671792 0.927248933336
1659006361.362719297 -0.876865743396 5.13738660473 0.0202974612385 0.369750866204 0.00124087261112 -0.00369346606252 0.929122766638
1659006361.463454008 -0.876705633324 5.14894768638 0.0203293213839 0.371168271771 0.00125514272771 -0.00355306837921 0.928557975763
1659006361.564307451 -0.889160796549 5.16606178958 0.0207084589824 0.375935864184 0.000968181147656 -0.00356304550502 0.926638329313
1659006361.665160418 -0.912382906488 5.18820210737 0.0223618021188 0.378356902496 5.11241715127 -0.00363452067118 0.925652657307
1659006361.765902996 -0.937596282115 5.22023079775 0.0231584730811 0.379932332882 0.000299741572842 -0.00336434957919 0.925008115498
1659006361.866868019 -0.954611119834 5.26195653857 0.0234501849368 0.390594433789 0.00105458712307 -0.00279318312482 0.920558023303
1659006361.967731476 -0.956048975323 5.30859277256 0.024143807443 0.416098067277 0.00131265351879 -0.0032654000999 0.909312934314
1659006362.068502903 -0.965647720204 5.35128270154 0.0214077182347 0.447380969205 0.00062120651777 -0.00213820885472 0.894340712793
1659006362.169471264 -0.98552211034 5.39955881546 0.0235391421665 0.474964553963 -0.000610351971442 -0.00225126746413 0.880001836216
1659006362.270228863 -1.0186650318 5.4405846524 0.0243118673879 0.498579362723 -0.000283711078702 -0.00264821060625 0.866839965366
1659006362.371179104 -1.05652345184 5.48211671412 0.0229242474415 0.520730439181 -0.000431168438547 -0.00213249672202 0.853718382291
1659006362.471930504 -1.10241698979 5.52692793027 0.0215825728816 0.544245202881 3.57346847689 -0.00108466635165 0.838925492901
1659006362.572763920 -1.13242432849 5.56700822338 0.0198451314374 0.562253499955 -3.76480225575 -0.000780709924061 0.826964564454
1659006362.673761606 -1.15340741413 5.61213936747 0.0209511029645 0.566817701681 0.000798505303447 -1.80634976313 0.823842858271
1659006362.774624348 -1.17212871427 5.65814416238 0.020776437095 0.559253962553 0.00021271059252 9.38978174578 0.828996351805
1659006362.875465870 -1.18683688308 5.70520123294 0.0198041901909 0.543013302117 0.00289078141253 0.000125420002945 0.839719108617
1659006362.976320267 -1.20699386817 5.7407182007 0.0246655650745 0.520412556566 0.0011026472685 -0.000264962965861 0.853914214036
1659006363.077247620 -1.22928003692 5.77760389861 0.0271678687573 0.500509553684 0.00245842085572 -0.00159980868035 0.86572604411
1659006363.178641319 -1.25168728208 5.80802695495 0.0211205620852 0.483551977791 0.0014011802473 -0.00083542929282 0.875314128485
1659006363.278966427 -1.27675657277 5.84165477813 0.0216141022891 0.465836018144 0.00243668559185 1.34003497684 0.884867711346
1659006363.379741192 -1.31166892432 5.87634791219 0.0248470974587 0.447652709097 0.00277250850295 0.000658609005787 0.894202958768
1659006363.480648041 -1.35505923989 5.91122804385 0.0262074531822 0.432484979033 0.00355814646595 0.000888584461863 0.901633680006
1659006363.581516981 -1.3943413547 5.94614690623 0.0258229724015 0.421129226545 0.00263186691085 0.000756360118782 0.906996513635
1659006363.682310581 -1.43312458007 5.98086125746 0.0264068903941 0.417552897096 0.00402031701936 0.000301671594029 0.908643672829
1659006363.783165455 -1.47361957807 6.02060975536 0.0302209946469 0.419335618921 0.00534957652131 0.00242328709798 0.907812286993
1659006363.883894205 -1.5146400963 6.06281568329 0.0288590582351 0.423252469933 0.00458920741745 0.00113700002814 0.905999444317
1659006363.984893560 -1.55815646827 6.10796340597 0.0316412436755 0.436649119843 0.00438591916505 0.000966233401518 0.899620684648
1659006364.085644722 -1.59389361507 6.15656448061 0.0329185615519 0.456656993404 0.00448542485248 0.00094302858942 0.889631037024
1659006364.186590433 -1.6256238501 6.21855365972 0.0327135819845 0.475096373994 0.00422035928906 0.000514708372918 0.879923496141
1659006364.287464142 -1.65577498074 6.2859801368 0.0337791215973 0.493246924621 0.00574643460676 0.000484122250471 0.869870229096
1659006364.388317585 -1.67908974298 6.35640528617 0.0308684184442 0.511556666705 0.00145695807424 -0.000347541159967 0.859248237262
1659006364.489188671 -1.70904957878 6.41921468715 0.0344240963758 0.53312404992 0.00165162673097 -0.000733920231315 0.846035153458
1659006364.589946032 -1.72686361338 6.48360685095 0.0307501909045 0.557699095194 0.0027628621401 8.59741481871 0.830038600561
1659006364.690764904 -1.73628914451 6.53998804975 0.0336796707718 0.58603998879 0.00197409568539 0.000956976584814 0.810279160957
1659006364.791749477 -1.74747271021 6.5847685735 0.035405024371 0.614852006481 0.00077870882194 2.71437870606 0.788642126063
1659006364.892639160 -1.7556882608 6.6216121142 0.0339313007962 0.642682615709 0.00167881731495 0.00148244367876 0.766129257631
1659006364.993424892 -1.75750596277 6.6575770298 0.0331648768642 0.670178094268 0.00118890902644 0.000233768323433 0.742199335631
1659006365.094399929 -1.75935937065 6.70483428346 0.0302041030303 0.695439201457 0.000965762872709 -0.000665063132688 0.718583984006
1659006365.195091724 -1.76591004755 6.76096757801 0.0303976782423 0.725635459178 0.0020673527062 -0.000239553545005 0.688076194218
1659006365.296025991 -1.75961180599 6.82896635965 0.0328235433378 0.753157404065 0.00248895738777 0.000878726175168 0.657835053515
1659006365.396801472 -1.74382688674 6.89902564869 0.035280529771 0.780455641231 0.00378406844269 0.000321980725519 0.6251996235
1659006365.497787952 -1.72560046072 6.96581312883 0.0314676971171 0.80456431165 0.00267543384341 -0.00105986913355 0.593858558202
1659006365.598589659 -1.69579208434 7.02205709338 0.0337389807858 0.824862970436 0.00349486330175 0.00105750974301 0.565320924437
1659006365.699447155 -1.66595254223 7.0790038687 0.0367463992299 0.843011238393 0.00308247913621 0.000234768209439 0.537887065422
1659006365.800331593 -1.62776253663 7.13621058516 0.037347515276 0.86091393179 0.00267819324729 0.000431070005281 0.508743396526
1659006365.901195288 -1.58563586405 7.19263969612 0.0366166474141 0.877295104362 0.00282799549309 0.0019026559834 0.479939248452
1659006366.002077103 -1.53661703594 7.24374378321 0.0363484477782 0.891290983344 0.00374315341842 0.00209351900018 0.453411500726
1659006366.102896214 -1.49228740068 7.29321729525 0.0346820939718 0.902066485671 0.000694682849819 0.00470893173396 0.431570850275
1659006366.203751564 -1.44294790398 7.34833982637 0.0360618597875 0.911742170527 0.00137373973676 0.00690310016268 0.410702659513
1659006366.304610252 -1.39314126426 7.39127293304 0.0291623846751 0.919176636191 0.00227676955352 0.0043052691201 0.393815429432
1659006366.405451775 -1.34250212558 7.4318052032 0.0273926865578 0.925710649652 0.00464954388874 0.00297028271181 0.378192216054
1659006366.506317139 -1.29158142364 7.46671433666 0.0293409543525 0.931528799094 0.005105745456 0.00293924030869 0.363619840888
1659006366.607239485 -1.24237502832 7.50397442407 0.0249430774461 0.936311056154 0.00205297840305 0.0073108293634 0.351089651198
1659006366.708044052 -1.1890734605 7.54683431418 0.0247254200275 0.939867294318 0.00565658083403 0.00416436569121 0.34146761226
1659006366.808882713 -1.13440988141 7.59181859214 0.0212475768694 0.943400899586 0.00523901234574 0.00212830606666 0.331606341501
1659006366.909688473 -1.07901060811 7.63054653855 0.0231882474457 0.948461061586 0.00357068952052 0.00246014670033 0.316864028424
1659006367.010626793 -1.02672127377 7.66630466454 0.0235719228091 0.954004165379 0.00475215057933 0.00276859551229 0.299742897135
1659006367.111460924 -0.975295474253 7.69886554743 0.0253852708676 0.960763080711 0.00381962637583 0.00293940277029 0.277328457083
1659006367.212379456 -0.934108511951 7.72105745565 0.0276734596767 0.967158409733 0.00291456501799 0.00140811492364 0.25415375859
1659006367.313171387 -0.889739376762 7.73499324327 0.0294940801409 0.971505147644 0.00307577532228 0.00111200325724 0.236995888481
1659006367.414134026 -0.864239520592 7.74155021249 0.0299808789605 0.974700838448 0.00295919344783 0.00416697927942 0.223455040189
1659006367.514775276 -0.867383827885 7.74303435926 0.0320908460094 0.976545061476 0.0024076521964 0.00249034043541 0.215285262669
1659006367.615774870 -0.883012404809 7.73709002884 0.0335016098279 0.974943057551 0.00271767894043 -1.36546501273 0.222437965663
1659006367.716494083 -0.895183537313 7.73212844541 0.0324383409587 0.972092462244 0.00305103895859 0.00233757069183 0.234566561499
1659006367.817563534 -0.913859249796 7.72561940396 0.0335349188694 0.969053002833 0.00382926994881 0.00152943650622 0.246818304055
1659006367.918308735 -0.934775399799 7.72138046976 0.0352671811811 0.964856730045 0.00292668114875 -5.29063162246 0.26276019909
1659006368.019209385 -0.946057954468 7.71919361946 0.0364516765309 0.959700126538 0.00349481302497 0.000437925656062 0.281004024217
1659006368.120024204 -0.964969601001 7.71385963153 0.0356287745887 0.952475879588 0.00305100616745 0.000669156778443 0.304598001296
1659006368.220882893 -0.991342518807 7.70671917084 0.0338904156985 0.942876972753 0.00263429197552 -0.000780380556157 0.333129803175
1659006368.321756363 -1.01990076212 7.69466833108 0.0346303686812 0.932408771475 0.00324244059282 0.000474670556293 0.361390570081
1659006368.422626495 -1.04579825861 7.68622662929 0.0321106299948 0.920821550063 0.00369869345619 9.83072565892 0.38996664337
1659006368.523579597 -1.05019505187 7.68241795807 0.0361008694124 0.911007528906 0.00390097821666 -0.000391955855085 0.412371084118
1659006368.624351025 -1.05462444097 7.67662404865 0.0362344282311 0.90868440386 0.00414297806604 0.00196112219207 0.417458553528
1659006368.725166798 -1.07135821459 7.65959983981 0.0372009322633 0.906172420701 0.00423382448075 0.00163378662376 0.422884085102
1659006368.826026917 -1.07822355587 7.63720396754 0.0378243863837 0.904435298777 0.00412304729393 0.00119902885186 0.426589208884
1659006368.926879883 -1.08996556617 7.60601390479 0.0347452957995 0.905159504032 0.00339140801348 0.00164644651798 0.425055360896
1659006369.027871609 -1.10595394558 7.57629621229 0.0365739830898 0.90829342879 0.00367124820344 0.000493037648665 0.418317255283
1659006369.128616810 -1.11807966638 7.54565187835 0.0331017418575 0.912821891748 0.00336204178142 0.00148822357357 0.408341371664
1659006369.229445934 -1.13956437246 7.51588525649 0.0317400261779 0.917957920111 0.00468257506622 0.00299636810676 0.39663881829
1659006369.330358744 -1.15774705705 7.48862639379 0.0331308210235 0.922018368963 0.00515112045929 0.00404052896435 0.38709077408
1659006369.431198120 -1.16814532732 7.46136380823 0.0321952951169 0.926049217706 0.00467607700243 0.00338256646002 0.37735863437
1659006369.532045364 -1.18941902609 7.43546443895 0.0306099877409 0.930120047489 0.00415586009728 0.0041635052056 0.367208512035
1659006369.632917881 -1.20467042901 7.41263187594 0.0318681785804 0.934462414256 0.00451615229793 0.00431773826645 0.3560069632
1659006369.733814240 -1.21563631947 7.39374476709 0.0274616196713 0.938885121262 0.00269855787908 0.00535815194727 0.344178350664
1659006369.834624767 -1.2340960874 7.36786595524 0.0252620046239 0.945241753427 0.00255743053308 0.00597177488651 0.326306336182
1659006369.935504436 -1.24942775822 7.34422710866 0.0227232885314 0.952856300405 0.00232559351641 0.0065182221778 0.303342999216
1659006370.036307335 -1.26190680622 7.32175398714 0.0254537993674 0.96077725122 0.00344807262599 0.00564020424711 0.277242443411
1659006370.137224674 -1.28418171658 7.30442249709 0.0214602232281 0.967114467662 0.000985760143571 0.00505491697423 0.254289367708
1659006370.238057613 -1.30660949136 7.28798967077 0.028267438326 0.973321758394 0.0022392910871 0.00611745458895 0.229351949985
1659006370.338925838 -1.33182026348 7.2668758773 0.0274463115436 0.978373403419 0.00156273488028 0.00635030749019 0.206743113394
1659006370.439584970 -1.36311986145 7.2490623179 0.0294351632797 0.982280161086 0.00120459464714 0.00533439695369 0.187338672723
1659006370.540606499 -1.39996830592 7.23056668529 0.030467839573 0.984670631618 0.00113494187084 0.00580729850433 0.174323648481
1659006370.641453743 -1.44298467021 7.21302839567 0.0311377051623 0.986727465963 0.000671070893747 0.00575737345366 0.162281576988
1659006370.742285728 -1.49683326705 7.19198742439 0.028150023368 0.98853382909 0.00258190444818 0.00107950105336 0.15097363078
1659006370.843201637 -1.54978780052 7.17614745425 0.0282194338094 0.990710016543 0.000987697821939 -0.000319019050922 0.135987447217
1659006370.944107056 -1.60732419398 7.15764995691 0.0305821140119 0.993248895531 0.00112154795797 0.000341214338851 0.115996798359
1659006371.044808865 -1.65750607618 7.14042409233 0.0313581768508 0.995224876243 0.00108164053365 -0.000555082945965 0.097601063748
1659006371.145776272 -1.67940860847 7.13194919179 0.0352823992824 0.996449778534 0.00193082701305 0.000152529552007 0.0841670214567
1659006371.246509075 -1.68231831223 7.13295996414 0.0365612693569 0.996980499073 0.0021814763724 0.00125245532727 0.0776115776443
1659006371.347509861 -1.65647669552 7.13903316672 0.0352872648701 0.99689622069 0.00266812154976 0.00226260533781 0.0786491380697
1659006371.448313236 -1.62175921548 7.14734182119 0.0319510904292 0.995950544104 0.00192688696339 0.00193830457478 0.0898612473781
1659006371.549043655 -1.57698345644 7.16162663502 0.0323004505427 0.994103982025 0.00134643828376 0.00177999497977 0.108407986995
1659006371.650147438 -1.51917711903 7.17909245332 0.0282281465319 0.991887115455 0.00188956708569 0.00162582063791 0.127097350236
1659006371.750873566 -1.46065108904 7.18757721132 0.0289902563674 0.99138863416 0.00151819382054 0.00164135019684 0.130933483555
1659006371.851908207 -1.40815833592 7.19129545168 0.0252281313761 0.993420763726 0.00153519854444 0.00329922371603 0.114463725638
1659006371.952630520 -1.346431945 7.19176213447 0.0195658239431 0.996321309936 0.00237440535916 0.00647915946861 0.0854179726927
1659006372.053462505 -1.28398465252 7.19035471206 0.0190925871866 0.99854351478 0.00126783127331 0.008048583714 0.0533334978687
1659006372.154355049 -1.21662694529 7.19090848997 0.0260849839649 0.999676875491 0.00196068495065 0.00943804656067 0.0235207057825
1659006372.256871462 -1.14903902133 7.19208159604 0.0291890832374 0.999990841284 0.00203605489984 0.003515655601 -0.00134610322626
1659006372.356026173 -1.09176578863 7.19372055886 0.0261415371966 0.99973361946 0.00204407419059 0.00316903566873 -0.0227699164636
1659006372.456900597 -1.03881594081 7.19240436562 0.0273402688054 0.999046355198 0.00258275684957 0.00315073291175 -0.0434716277028
1659006372.557770967 -0.982760412401 7.1853123587 0.0309805563627 0.998116356385 0.000437706200352 0.0020450498225 -0.0613136632583
1659006372.658601046 -0.931729025299 7.17305001598 0.0313552344813 0.996496882558 0.00299366896171 0.000488399431462 -0.0835748913518
1659006372.759509087 -0.871228329957 7.15392184614 0.0288700021177 0.994465590685 0.00281457058596 0.000710481580575 -0.105022675421
1659006372.860278606 -0.812118641515 7.13475346106 0.0244656652718 0.991837022334 0.00291872650607 0.00199269478887 -0.127463058692
1659006372.961188316 -0.756568106435 7.115499881 0.0234607931363 0.988764482431 0.0025919142291 0.00195753348226 -0.149446473112
1659006373.062055111 -0.704820688945 7.09516811637 0.0253856452002 0.985531933922 0.00264842061081 0.00169185061633 -0.169460705564
1659006373.162955046 -0.653333023802 7.06969590207 0.0291969080601 0.981723847293 0.00321447077952 0.00129101034205 -0.190279500015
1659006373.263742447 -0.596640259749 7.04111510384 0.0329999325211 0.978372586262 0.00326420579224 0.00141478030757 -0.206819790658
1659006373.364649296 -0.534754271823 7.01962645486 0.0319402874402 0.976429150252 0.00336323597586 0.00219835464894 -0.215800765568
1659006373.465311527 -0.474130788198 6.99974600161 0.0301590301693 0.97782321728 0.00414985652105 0.00254043366701 -0.209375453755
1659006373.566243649 -0.403783884582 6.98495815724 0.0326775072966 0.982248149427 0.00413199262357 0.00223835892747 -0.1875273029
1659006373.667222977 -0.318664391281 6.97247007091 0.0341052509271 0.987271025528 0.00364788259753 0.00168843236232 -0.158996114107
1659006373.768119097 -0.243431688084 6.95993044315 0.0349346272965 0.99159821211 0.00422618480711 0.00226661631912 -0.129267117062
1659006373.868944645 -0.163442613874 6.94286698734 0.0340876768539 0.994695699272 0.00427898169127 0.00314585903624 -0.102724192557
1659006373.969630241 -0.0832987589306 6.92907319423 0.0336424207652 0.996870460553 0.00354968920202 0.00156939624232 -0.078957086939
1659006374.070523262 -0.0212255822229 6.92667044314 0.0311126245503 0.998375104253 0.00320255012919 0.00176332385641 -0.0568663834782
1659006374.171432972 0.0353085890353 6.92776877239 0.0330119755332 0.999376797218 0.00256888139592 0.00197505364685 -0.0351499245231
1659006374.272387981 0.0682391058339 6.93215272239 0.0363812141276 0.999860061375 0.00310947625723 0.00256078965604 -0.0162367232422
1659006374.373188019 0.0802818940583 6.93972963919 0.0402033938408 0.999974368286 0.00335109230798 0.00276374869691 0.00569162935869
1659006374.474061966 0.0662293390005 6.94305508308 0.0415294105239 0.999738060952 0.00357083057368 0.00126528869025 0.0225711695862
1659006374.574905872 0.0441882598994 6.94519234807 0.0397501766758 0.999195379783 0.00354068799592 0.00140685859535 0.0399258975819
1659006374.675814152 0.0046445415412 6.94757829138 0.0399227211275 0.997719983222 0.00329550441922 -0.000171580499402 0.0674087923779
1659006374.776627064 -0.030645317901 6.95262492962 0.0370055032889 0.994784250056 0.00372244063484 0.000567657279878 0.101931923564
1659006374.877509594 -0.0689924102035 6.94951102371 0.0369089718042 0.990230179736 0.00362065181109 0.000873582392008 0.139392678694
1659006374.978342295 -0.109640279582 6.9481813488 0.0412537968832 0.985223486697 0.0041884541667 0.000983538797112 0.171219656473
1659006375.079226732 -0.153056840095 6.94037868621 0.0410299426595 0.979652932992 0.00444564928381 -0.00028657626993 0.200649657254
1659006375.180083275 -0.184321724752 6.9295698474 0.0408658389324 0.974660295554 0.0036289628774 -0.00179386771782 0.223653573494
1659006375.280911207 -0.206695269914 6.91912395973 0.0402550006431 0.971010366192 0.00394405281216 -0.00109715189516 0.23900232102
1659006375.381774902 -0.225276708576 6.9147524141 0.0379585161342 0.969290320943 0.00355332323101 -0.00124829409819 0.24589040116
1659006375.482660294 -0.233812941456 6.91802693868 0.0372024826249 0.970307444543 0.00358821484011 -0.0014691194747 0.241843812131
1659006375.583460808 -0.225471614566 6.91973094854 0.0308153048439 0.973200332285 0.00327811813182 -0.000998260406601 0.229933404831
1659006375.684201241 -0.214355896219 6.92475612675 0.0343185976413 0.97801703666 0.00385649310462 -0.000623241960839 0.208488405034
1659006375.785230398 -0.194701414135 6.93094052622 0.0300973785883 0.984015522886 0.00304380784418 -0.000241698051725 0.178056529044
1659006375.886084080 -0.16527967949 6.94218120881 0.0317816090695 0.989388671801 0.00338831343162 0.000874580220631 0.14525085388
1659006375.986977339 -0.111545082825 6.95603513008 0.0329349181492 0.994343753582 0.00289622422381 0.00224502833909 0.106146462233
1659006376.087836504 -0.0458802005906 6.96730054571 0.0343098227741 0.997203400203 0.00332516882949 0.00171441995101 0.0746416950548
1659006376.188594818 0.0217923895562 6.98110790886 0.0326444472611 0.998068085537 0.00328323290465 0.000335182725471 0.062041958922
1659006376.289280415 0.0960471946183 6.99954874343 0.0282631815884 0.99755795826 0.00333893248346 0.00154830975846 0.069746499405
1659006376.390321255 0.175646096108 7.02044733245 0.022850528745 0.995634428908 0.00330088853896 0.00154689076286 0.0932673320938
1659006376.490950108 0.242271487709 7.0418321007 0.0264787760699 0.992312199013 0.00343795459395 0.000877982655785 0.123708970185
1659006376.595368385 0.302652315889 7.06832847416 0.0262894208482 0.987660453206 0.00338137405324 0.000680014002824 0.156572453078
1659006376.692909002 0.350430301501 7.08606168963 0.0252708577031 0.981998513279 0.0028072904632 0.00134916175582 0.188862963017
1659006376.793752193 0.375080845045 7.10401793215 0.0278425449629 0.975680818799 0.00353945251795 0.00105322006652 0.219165012792
1659006376.894622326 0.387474158031 7.1121889189 0.0336549499875 0.968266385415 0.00391263653076 -0.000565691745803 0.249889131704
1659006376.995475292 0.391628479478 7.12061943446 0.0366571874152 0.958060028221 0.00392200962925 -0.000657663195664 0.286539993099
1659006377.096306801 0.390756758366 7.1308474293 0.034963791963 0.94298700535 0.00456025907877 -6.08608967432 0.332798304895
1659006377.197195768 0.400412935995 7.14076587407 0.033644735459 0.926405552341 0.00396450953188 -0.000180627224985 0.376506311541
1659006377.298066616 0.406807007975 7.15739568325 0.0287427470349 0.910682512714 0.00344344588515 0.000341499779349 0.413092467972
1659006377.398900509 0.420760594292 7.18701188787 0.0273156365012 0.893870090984 0.003156193596 0.000150174824191 0.448314929858
1659006377.499795437 0.43634801615 7.22939517325 0.0303669816903 0.876896951029 0.00296217129741 -4.19477431408 0.480669284495
1659006377.600601196 0.447843406401 7.27209054622 0.0264401186461 0.859435407353 0.00238294121951 -7.07370623452 0.511238786846
1659006377.701496601 0.448980263421 7.31731806657 0.0222643671689 0.840585799095 0.00240910777762 -0.000511514586713 0.541672824602
1659006377.802318096 0.455359893038 7.3608839913 0.0208360665298 0.819022095914 0.00304522742457 -2.47250346976 0.57375389531
1659006377.903271198 0.454468414712 7.40585504802 0.0231763185321 0.796752801287 0.00170204236988 -0.000985132331225 0.604302164655
1659006378.004053593 0.457788055232 7.44487811825 0.0176908281764 0.775764777392 0.0020937845484 7.62299169495 0.631018716373
1659006378.104926109 0.449759001862 7.48571948775 0.019070964107 0.758729122412 0.0016923817172 -0.00131673863928 0.65140273322
1659006378.205802441 0.443961191092 7.52441270653 0.0201007450614 0.752703631685 0.00175293314077 -0.0013128099476 0.658355866233
1659006378.306811810 0.442827812449 7.55802094717 0.0237633523487 0.75660938123 0.00145940240167 -0.00242324884143 0.653861026706
1659006378.407406807 0.438204039422 7.58423977566 0.024550487638 0.762053972975 -0.000123520554384 -0.000423277158505 0.647513357277
1659006378.508342266 0.430854291435 7.59581978937 0.0262899823917 0.767639648166 -0.00115715168617 -0.000864712274059 0.64088008538
1659006378.609064579 0.425276533991 7.59515042252 0.0276556406681 0.767394635883 0.0015432108957 -0.0030620689387 0.641165902908
1659006378.710044384 0.428112061656 7.59873615224 0.0298083715011 0.764711826025 0.00239695315906 -0.00316891794437 0.644360175455
1659006378.810934067 0.426545207349 7.60336079959 0.0309250874288 0.764682553378 0.00056725468056 -0.00253534589183 0.644401926443
1659006378.911808729 0.42452218151 7.60749115746 0.0316940355191 0.766045726467 0.00118660826743 -0.00267469857786 0.642779420105
1659006379.012619972 0.424130716781 7.60868923481 0.0319035992641 0.765543011476 0.000886765668379 -0.00337181578781 0.643375273137
1659006379.113480091 0.428938670978 7.60705939819 0.0329895359375 0.766024364805 0.000747511297292 -0.00297842978112 0.642804202466
1659006379.214355707 0.428107531947 7.60305638104 0.0304626863395 0.766054374205 0.000998149550119 -0.00288997478925 0.642768502265
1659006379.315225124 0.43002885156 7.60563889125 0.0290925677954 0.765284394453 0.00100763598684 -0.00285259061621 0.643685204897
1659006379.416069508 0.43316526326 7.60482577249 0.028752877011 0.765777724427 0.00147048076564 -0.00247689150523 0.643098887782
1659006379.516929150 0.439145992906 7.6025170612 0.0266508761967 0.765952687469 0.000699434899358 -0.00283500660819 0.642890312641
1659006379.617774963 0.442481996139 7.60126133452 0.0258053154049 0.765378304025 0.00124877103398 -0.00266482401915 0.643573920395
1659006379.718415260 0.446296328105 7.59806293194 0.0260692170156 0.765962165323 0.00139722044319 -0.00236288679664 0.642879791124
1659006379.819397688 0.444436667968 7.59738493878 0.0276353909057 0.76550860958 0.00102561843034 -0.00279107493838 0.643418780163
1659006379.920350552 0.440450142951 7.59819731275 0.0299986716758 0.765649662414 0.00126321149943 -0.00264422480626 0.64325112267
