1659006387.182045460 -0.00240543629409 -0.000976675413073 0.0104592707936 0.99999807591 -0.0017073806465 0.000940777255624 -0.000219010312639
1659006387.282908201 -0.00710900496641 -0.00167543944333 0.00915145502603 0.999997756281 -0.00172203561878 0.00115968395906 -0.000420904019969
1659006387.383755207 -0.00253291197735 -0.0057612375332 0.0211260588682 0.999997220846 -0.00226983507531 0.000637137411607 1.43366009644
1659006387.484600067 0.000564928536182 -0.00626214340571 0.0207425544786 0.99999784712 -0.00204855221272 0.000247256001698 -0.000219211851124
1659006387.585366011 -0.000537585787154 -0.0078839568137 0.0190485633426 0.999993077451 -0.00339015979721 0.000407290312421 -0.00147850617169
1659006387.686346054 -0.00403679104207 -0.00791017277843 0.0186147348119 0.999985038995 -0.00341567736055 5.51689903358 -0.00427222310012
1659006387.787201881 0.000323505099139 -0.0082203962454 0.0210046916927 0.999970601602 -0.00264126345147 -0.000265284926805 -0.00719369744325
1659006387.888073921 -0.00180002221132 -0.00518074436971 0.0192098298242 0.999902544381 -0.00276380428 0.000133298364717 -0.0136837625428
1659006388.089744568 -0.00849641711154 0.00430972330044 0.0156773577868 0.999391481039 -0.0030439057145 0.000537681502618 -0.034743534111
1659006388.190613747 -0.00550225332364 0.00354078123415 0.0174381553156 0.998927622708 -0.0029188453918 0.000527797212498 -0.0462039647958
1659006388.291429520 -0.00310249934768 0.00206507726485 0.0155753257994 0.998493788933 -0.00305919676764 8.38869403847 -0.0547794463358
1659006388.392340660 -0.00255299080955 -0.00370347306888 0.0134591198031 0.998186899465 -0.00244504648767 0.000694857047662 -0.0601369491822
1659006388.493212223 -0.00342669761213 -0.00620403714731 0.0145393207761 0.997854533939 -0.00302837081194 0.000203397841549 -0.0653996689302
1659006388.594020844 -0.00211856778069 -0.00576060932357 0.0133275138729 0.997383783304 -0.00252399976683 0.000415861530203 -0.0722429601176
1659006388.694927692 -0.000113462290186 -0.0091419362162 0.0166359657176 0.996895420627 -0.0021769291571 -0.000373040380968 -0.0787060490264
1659006388.795791388 -0.00272239636743 -0.0128331816272 0.0182934300347 0.996422261742 -0.00289275162871 -0.000267333543071 -0.084464411591
1659006388.896526337 -0.00218506465721 -0.0169455785454 0.0184621870315 0.995957036878 -0.00289256806733 -0.000150986654817 -0.0897841352747
1659006388.997463703 -0.00118450892607 -0.0205630763719 0.0162993825875 0.995454378038 -0.00329192315357 0.000547042016983 -0.0951811180429
1659006389.098348618 0.000134738080833 -0.0228875667852 0.0200700113901 0.99491609285 -0.00367096857547 0.00012943826509 -0.100640327025
1659006389.199198723 -0.000809753216496 -0.0249210087478 0.0200521187443 0.994222897699 -0.00280758890027 -0.00020202524041 -0.107298212111
1659006389.300055504 -0.000103220936698 -0.0278175999377 0.0220338860447 0.99350290501 -0.00341047731473 -0.000257720694541 -0.113755351352
1659006389.402751207 -0.00194365223029 -0.0299493292065 0.0250545619967 0.992468955387 -0.00355245515638 -0.000514419495489 -0.122443815805
1659006389.501812935 -0.00238793216346 -0.0308783879751 0.0230023714285 0.991392655288 -0.00339922230833 -0.000420862702 -0.130877313553
1659006389.602625847 -0.00239195848241 -0.0316486940445 0.02424638801 0.990467805736 -0.00312984202499 -0.000542361974569 -0.137707791115
1659006389.703511238 -0.00330511374392 -0.0377691600994 0.0261356341324 0.989704236067 -0.00344813809812 -0.000338154067211 -0.143085712445
1659006389.804247856 -0.00513678000793 -0.0450618152605 0.0273209160351 0.988593689645 -0.00368026235761 -0.00056797832031 -0.150561116704
1659006389.905267239 -0.00535236796096 -0.0511515854379 0.0277952947055 0.987237446107 -0.00398145602129 -5.77039186153 -0.159205432325
1659006390.006057262 -0.00636020435415 -0.0552797620035 0.0260307026448 0.985911129755 -0.00329766272388 -0.000774851294269 -0.167235669796
1659006390.106936455 -0.00669361333144 -0.0565514539893 0.0219332190619 0.984730316978 -0.00335342032816 -0.000333951133812 -0.174054146383
1659006390.207748890 -0.00656125508836 -0.0598305163692 0.0199208460836 0.983602232845 -0.00228683290506 -0.000291248734518 -0.180336721476
1659006390.308674335 -0.00358820858001 -0.0665945137674 0.025732099358 0.98215888041 -0.00320649407614 -0.000784544921371 -0.188024031755
1659006390.409353733 -0.00465085935928 -0.0673739415104 0.027582628564 0.980359968242 -0.0038187936314 -0.00059202685979 -0.197178596676
1659006390.510327339 -0.00116336925555 -0.0687355822423 0.0294584854781 0.97884828845 -0.00367428377943 -0.000729626586623 -0.20455316053
1659006390.611436844 -0.00067706857992 -0.0696658626369 0.0293129154718 0.97767985452 -0.00268491732473 -0.00141677032915 -0.210078285518
1659006390.712079048 -0.000652363032336 -0.0695641873178 0.0254211772551 0.976380894451 -0.00266821153934 -0.000398390125326 -0.21603951232
1659006390.812976837 -0.0020241332724 -0.0709284035154 0.0202740317718 0.974634064052 -0.00264557232694 -0.000131979547175 -0.223788794889
1659006390.913812637 -0.00371522034848 -0.0746652636717 0.0230139554025 0.972623195062 -0.00306530985132 -0.000587506473889 -0.232366906291
1659006391.014621258 -0.00280961615298 -0.0776667507728 0.021974223146 0.970759637813 -0.00255758401821 -0.000403952042374 -0.240039624185
1659006391.115520477 -0.00217363304764 -0.0787205474643 0.0224047631002 0.96943756426 -0.00266220539341 -0.000622113820484 -0.245322919104
1659006391.216335535 -0.000925038587149 -0.0831863231668 0.0265263102764 0.967922742212 -0.00354282456875 -0.000766142319249 -0.25122186714
1659006391.317234993 -0.00261403406894 -0.0849114382094 0.0266511268501 0.965642857159 -0.00302439931628 -0.000801895247192 -0.259853963584
1659006391.417925358 -0.00434329934058 -0.0872676921244 0.0286764690198 0.963461362947 -0.00315544522602 -0.000854691187222 -0.26782739736
1659006391.518849134 -0.00706511060515 -0.0902365503052 0.0285435149765 0.961835389702 -0.00348687771251 -0.000892276424214 -0.273605059607
1659006391.619780779 -0.00820722576048 -0.0929614544487 0.0323230461574 0.96026084642 -0.00372639227408 -0.00101470648031 -0.279077392856
1659006391.720603943 -0.00752472738232 -0.0971704604972 0.0337960677879 0.958210273415 -0.00315583924615 -0.00122720430807 -0.286044763229
1659006391.821389198 -0.00770006137264 -0.0980702680122 0.0340485891193 0.955729472936 -0.00324583196958 -0.00109926328853 -0.294226835549
1659006391.922250509 -0.0105873739039 -0.0982455814457 0.0338265803846 0.953176322315 -0.00323430856818 -0.00115138667927 -0.302395621885
1659006392.023227692 -0.0136665247389 -0.100267319246 0.0316045584648 0.951034869202 -0.00370613176406 -0.0011601855205 -0.309059211348
1659006392.124036789 -0.0145893162183 -0.0983785648196 0.0284552611719 0.949165093035 -0.00355145557685 -0.000871156858676 -0.314757453309
1659006392.224953175 -0.0150228746596 -0.100223264928 0.0288345104065 0.947168516188 -0.00378300337953 -0.00127548464807 -0.320711496467
1659006392.325761795 -0.0157784127642 -0.10007205459 0.0299057027552 0.944692160125 -0.00312148985191 -0.00112132090542 -0.327941643495
1659006392.426617146 -0.0166026943938 -0.105212899817 0.030104282725 0.942108889052 -0.00418456175574 -0.00110257211624 -0.335279159726
1659006392.527488232 -0.0168400028457 -0.108193973959 0.0308921228286 0.939529398789 -0.00321712276759 -0.00131633669951 -0.342450618616
1659006392.628367901 -0.0175213512359 -0.112708426553 0.0283656361994 0.937186378439 -0.00359941300118 -0.00162791231167 -0.348806660195
1659006392.729197025 -0.0191334693301 -0.114227090674 0.0318957535397 0.934751662555 -0.00377326666534 -0.00179156900196 -0.3552771905
1659006392.830063820 -0.0213252190341 -0.113870552123 0.029501629398 0.931728886551 -0.00281572071208 -0.00119583243786 -0.363141740464
1659006392.930921078 -0.0232282636151 -0.114525544841 0.027969736854 0.928561752605 -0.00286008095213 -0.000989096274159 -0.371165614281
1659006393.031789064 -0.0243685433657 -0.114966763524 0.0246198522775 0.926356737339 -0.00339667604098 -0.00127849069007 -0.376629822557
1659006393.132609844 -0.0248301344249 -0.118203788255 0.0239415632855 0.92403718399 -0.00337524909678 -0.000811041009915 -0.382286845849
1659006393.233365059 -0.0283745364915 -0.12219254077 0.0207261942235 0.921623306669 -0.00374019002087 -0.000720562142537 -0.388066968929
1659006393.334327698 -0.0289802173471 -0.125515567135 0.0263877491404 0.918335848922 -0.00325722503467 -0.00123098066754 -0.395786740248
1659006393.435233116 -0.0295448176604 -0.129062818987 0.0271811864944 0.915172866265 -0.00419599637079 -0.00136328276613 -0.403037417528
1659006393.536044598 -0.0319553422723 -0.127636450525 0.0304966915672 0.912090571612 -0.00378821939523 -0.00136994646033 -0.409968976651
1659006393.637047052 -0.0333835476522 -0.12891805268 0.0297486058775 0.909513831172 -0.00427965237664 -0.00127198200193 -0.415649681276
1659006393.738037586 -0.0349131870869 -0.130710599889 0.0295520462007 0.906433683139 -0.00342155625372 -0.00102084584163 -0.422333078148
1659006393.838516235 -0.0371721963437 -0.136038998942 0.0278326269317 0.90298213548 -0.00353029516038 -0.00103100334097 -0.429662352379
1659006393.939339161 -0.0370269160116 -0.136941568443 0.0344141835477 0.89973300102 -0.00337136546934 -0.00147199899875 -0.436425244446
1659006394.040246487 -0.0383922048869 -0.137710681651 0.0322396360363 0.896938255466 -0.00403643843629 -0.00146097952143 -0.442134977789
1659006394.141187668 -0.0388511410406 -0.138201507798 0.0331521982605 0.894338090594 -0.00431637004413 -0.00174940311202 -0.447367509159
1659006394.242037296 -0.0398057708221 -0.138892325718 0.0308623847215 0.891081413865 -0.00411365206319 -0.00144025725937 -0.45382256157
1659006394.342808723 -0.0418833023026 -0.138146331507 0.0272858907263 0.887118193474 -0.00390505486688 -0.00148169215901 -0.461523418628
1659006394.443801880 -0.0451567764061 -0.13889228622 0.0245948481966 0.882998510145 -0.00324516212593 -0.00136355184853 -0.469362589829
1659006394.544538021 -0.0474150265807 -0.140383679453 0.0195848024423 0.879802074861 -0.00368787925369 -0.0009179905618 -0.475325010819
1659006394.645523071 -0.0496403234028 -0.1407631296 0.0183672567311 0.876892519478 -0.00355169735595 -0.000920278368883 -0.480672495382
1659006394.746335030 -0.0514808903494 -0.142054354216 0.0173612871917 0.873589058408 -0.00377542671219 -0.00120169876668 -0.486648188226
1659006394.847187042 -0.0534725048773 -0.143867631787 0.0207870173978 0.869860482337 -0.00410331306108 -0.00143600087745 -0.493278665656
1659006394.948044538 -0.0567285755249 -0.144950971008 0.0257832302877 0.866011057031 -0.00424494223645 -0.00177193398573 -0.500003689802
1659006395.048973799 -0.0593409905478 -0.14247283153 0.0275411539268 0.861588298203 -0.00392671933682 -0.00167700727324 -0.507589768339
1659006395.149811506 -0.0657894303021 -0.140231477879 0.026061044106 0.856335107176 -0.00374117867851 -0.00156470671502 -0.516404627684
1659006395.250627995 -0.0690179522273 -0.138378081606 0.0237896331232 0.85093544785 -0.00376577751908 -0.00157541080742 -0.525254415111
1659006395.351474047 -0.0738251035396 -0.136319026889 0.0234462399315 0.84556489922 -0.00358826099512 -0.00124235040019 -0.533859140743
1659006395.452353477 -0.0780353098779 -0.138996118354 0.0230013066472 0.840501399206 -0.00277434500591 -0.00101670689391 -0.541801317136
1659006395.553197861 -0.0829668723606 -0.142698558264 0.020966699434 0.836325236856 -0.0035139544104 -0.000629472824148 -0.548221993436
1659006395.654045105 -0.0882186366196 -0.145619829 0.0236182894747 0.831014159071 -0.00373921069312 -0.00135837348245 -0.556237036297
1659006395.754918814 -0.0919541668624 -0.146707084602 0.0301950004608 0.824951514629 -0.0039044693998 -0.00172074107754 -0.565187396074
1659006395.855771542 -0.0926479870865 -0.147822521146 0.0312306236851 0.819276143092 -0.00371139312627 -0.00235406174056 -0.573382320372
1659006395.956608295 -0.0863831440027 -0.147728991559 0.0302913143986 0.814115848086 -0.00388863487093 -0.00197797534557 -0.580686104558
1659006396.057513237 -0.0857044329114 -0.147841867609 0.0248429619641 0.80861653042 -0.00349016180011 -0.00130306669562 -0.588324253723
1659006396.158338547 -0.0887763976873 -0.149194552642 0.0228306501536 0.802508371012 -0.00375744811927 -0.00145077788334 -0.596627263275
1659006396.259195328 -0.0931344707081 -0.148786398887 0.0254284230301 0.796746104766 -0.00366140757845 -0.0015891388427 -0.604301012139
1659006396.360050201 -0.0977864191931 -0.151200654147 0.0280828596729 0.791443875384 -0.00386928811049 -0.00209218123135 -0.611226016711
1659006396.460953712 -0.101599486268 -0.152173672464 0.0271110025477 0.78465110989 -0.00363127099009 -0.00214529359062 -0.61992325923
1659006396.561783075 -0.104305165633 -0.150879227007 0.0253125926888 0.777880449178 -0.00350097999043 -0.00194443584009 -0.628399529834
1659006396.662501812 -0.104280847575 -0.150518369759 0.024916329141 0.771689039085 -0.00360993181533 -0.0018511853693 -0.635987081992
1659006396.763502359 -0.105230452495 -0.15082905984 0.0255075351508 0.766688183618 -0.00321925080077 -0.00205833238033 -0.642008277823
1659006396.864282131 -0.107494248585 -0.15058762547 0.0245284161125 0.760619985435 -0.00351399674357 -0.00211975093581 -0.6491844085
1659006396.965207815 -0.109065808523 -0.149708710536 0.0247853741037 0.753732130713 -0.00322591651762 -0.00225717923352 -0.657169973245
1659006397.065933704 -0.110446294212 -0.151034036208 0.0230064985623 0.74716843734 -0.00324035906361 -0.00238292907001 -0.66462256053
1659006397.166939259 -0.116720752561 -0.149476730295 0.0259187348025 0.741078644868 -0.00364345278691 -0.00267520802007 -0.671403016552
1659006397.267745018 -0.11908107924 -0.147467385353 0.0293936864043 0.734379414334 -0.00384874717314 -0.00302674483829 -0.678721520038
1659006397.368679523 -0.121493698692 -0.145443587076 0.0311010848589 0.727660461051 -0.00355109778649 -0.00289106802033 -0.685922214871
1659006397.469456911 -0.123989756636 -0.1470573051 0.033590073032 0.721040623061 -0.0035861115243 -0.00356670479916 -0.692874330826
1659006397.570374966 -0.126496291488 -0.151213255927 0.0336500059995 0.715054233144 -0.00385972929937 -0.00326847213526 -0.699050687176
1659006397.671159506 -0.129697298701 -0.147301526977 0.0349348848634 0.708500407884 -0.00384897915598 -0.0034989721623 -0.705691231759
1659006397.772058249 -0.131766235622 -0.147355838865 0.0350431748026 0.700881459089 -0.0033802952101 -0.00333861891901 -0.713261948749
1659006397.872907162 -0.13470209655 -0.147163430438 0.0341230940316 0.694168266895 -0.00367702504714 -0.00319478586568 -0.719796283726
1659006397.973769188 -0.136829734033 -0.14710296094 0.0324630267619 0.687332109951 -0.00370706285511 -0.00368985686755 -0.726324454546
1659006398.074634075 -0.139024292033 -0.148652584319 0.036456100243 0.679959634029 -0.00380193269922 -0.00385768104339 -0.733229540932
1659006398.175510883 -0.141218908372 -0.151279904878 0.0343497440576 0.673408054614 -0.00404430881213 -0.00382947094685 -0.739250005545
1659006398.276335955 -0.143255881087 -0.151682806421 0.0354396314911 0.666570001059 -0.00337543160948 -0.00390741581111 -0.74542455839
1659006398.377244473 -0.14351605543 -0.150378416976 0.0379902725411 0.658608710822 -0.00380137904295 -0.00412783242488 -0.752464667972
1659006398.478225946 -0.143372838673 -0.153490794089 0.0397383640274 0.652291034603 -0.00416432409302 -0.00442261280398 -0.757944262514
1659006398.578879118 -0.143804093066 -0.159347684567 0.0384995035254 0.648436237449 -0.00406436051708 -0.00449252153926 -0.761244864802
1659006398.679766655 -0.146198353061 -0.157941020995 0.0367735412906 0.643419799717 -0.00364883266247 -0.00381458706142 -0.765495327404
1659006398.780518055 -0.151909776955 -0.159426391374 0.0352666025526 0.635266248925 -0.00362937470741 -0.00406382426312 -0.772273983731
1659006398.881590605 -0.154332245216 -0.159248342193 0.0334616601533 0.627825400666 -0.00337416057413 -0.00391536935149 -0.778337042162
1659006398.982357502 -0.156371370281 -0.15750092263 0.0312208266031 0.621373546755 -0.00343912978269 -0.00334351035327 -0.783499782207
1659006399.083202600 -0.160144979775 -0.160404280838 0.0304424083901 0.614775149415 -0.00337018681354 -0.00323453387398 -0.78868859209
1659006399.184102058 -0.161976556223 -0.162492944176 0.0277053418152 0.607706144331 -0.00386078472372 -0.00403824141634 -0.794142322943
1659006399.284937620 -0.158687137623 -0.16559119604 0.0268615977478 0.599603710924 -0.0031554646328 -0.00309909407856 -0.800284842106
1659006399.385771036 -0.160999402986 -0.163352724239 0.0260102914821 0.591170124058 -0.00302862535815 -0.0032479847277 -0.806534662891
1659006399.486628532 -0.160077813034 -0.16201539338 0.0246412786186 0.579373385564 -0.00266431719784 -0.00300632551388 -0.815052356307
1659006399.587494373 -0.165774948948 -0.160931838319 0.0223518016508 0.56300099986 -0.00323577021794 -0.00333451305988 -0.826443152897
1659006399.688381195 -0.169133997542 -0.159939930414 0.0248750837959 0.550306852165 -0.00305683477094 -0.00334359419031 -0.834950204862
1659006399.789255857 -0.172368102443 -0.155546145601 0.0220172212786 0.543388600417 -0.00319579147979 -0.00320476740026 -0.839469085386
1659006399.890042305 -0.176288807766 -0.153224134916 0.0204601019678 0.536612137848 -0.00305703243858 -0.00322987464338 -0.843817300117
1659006399.990928173 -0.178351165356 -0.15589182639 0.0242468993672 0.526940405383 -0.00282842169724 -0.00337444615386 -0.849890829647
1659006400.091757774 -0.183478741159 -0.154970142414 0.0251786586146 0.515687012436 -0.00270429632072 -0.00338808361032 -0.856766078271
1659006400.192595959 -0.186272713109 -0.15417014364 0.0276587240605 0.504474002265 -0.00246731301037 -0.00337024031232 -0.863416779363
1659006400.293470383 -0.190478081766 -0.153767688209 0.0289047972284 0.495619193578 -0.00306269279061 -0.00426239556142 -0.868524073848
1659006400.394289255 -0.191183966913 -0.154374666774 0.02949956377 0.487214667617 -0.00274103927471 -0.00434016156535 -0.873267151197
1659006400.495192051 -0.195511906193 -0.152620551423 0.0277676163772 0.477419143261 -0.00315755927755 -0.00447595509068 -0.878658612485
1659006400.596044540 -0.1974692701 -0.15127070981 0.0287175188117 0.466778096681 -0.00269119727843 -0.00399654793273 -0.884361347822
1659006400.696901321 -0.200440672565 -0.152929658001 0.0296299713503 0.456160574351 -0.00293240015947 -0.00439148508447 -0.889881815915
1659006400.797753334 -0.20428251919 -0.152477054709 0.0287406040915 0.446148718495 -0.00267716578112 -0.00403801776271 -0.894945723595
1659006400.898669720 -0.207110349835 -0.150453485727 0.0339388495367 0.436350568398 -0.00260380826082 -0.0047038647116 -0.899760676679
1659006400.999475002 -0.208020924621 -0.152810693898 0.0311745791026 0.425736301074 -0.00277163136485 -0.00448972981235 -0.904831897279
1659006401.100367069 -0.210201296994 -0.1536753006 0.0300095041773 0.412924995836 -0.00245405586047 -0.00467873100714 -0.910749710348
1659006401.201204538 -0.211572154692 -0.151860076115 0.0292383616058 0.399676734778 -0.00270221520538 -0.0043718761664 -0.916641747036
1659006401.302121162 -0.215969880295 -0.145617379273 0.0280320494254 0.388116274577 -0.00237542015296 -0.00430672327297 -0.921597291078
1659006401.402892590 -0.21905291036 -0.145743142353 0.0265438608366 0.377288027915 -0.00284595649281 -0.00459253773367 -0.926080208795
1659006401.503774643 -0.221845494189 -0.14351852118 0.0288957086229 0.365662048542 -0.00224511759588 -0.00451378014283 -0.930734039075
1659006401.604628086 -0.222700651415 -0.140750166222 0.0299981936096 0.353033818497 -0.00224658890174 -0.00484146879439 -0.935595337748
1659006401.705507755 -0.223724262905 -0.139209295897 0.0289875359793 0.338798161209 -0.00234758125744 -0.0044882695413 -0.940845444406
1659006401.806268692 -0.224349026661 -0.137620396163 0.027122086686 0.327063055299 -0.00232196692038 -0.00468695982102 -0.944988041583
1659006401.907241344 -0.228506378081 -0.132015749404 0.0246087021517 0.316595241234 -0.00212827569169 -0.00443845105035 -0.948547955468
1659006402.008055687 -0.230720845291 -0.128610315168 0.024569717037 0.304459591111 -0.00210319425245 -0.00450502573018 -0.952512277452
1659006402.108946085 -0.234695454658 -0.126668685698 0.0212492937408 0.292112770286 -0.00203893676437 -0.00350723903659 -0.956375277518
1659006402.209773540 -0.238101916706 -0.12418185219 0.0196899081607 0.279553859217 -0.00299237638717 -0.00515900798677 -0.960111488379
1659006402.310681343 -0.240074680512 -0.120554020221 0.023152706418 0.266321281891 -0.00225348478946 -0.00460327933396 -0.963870689687
1659006402.411489010 -0.243441532499 -0.115786060129 0.0193458365741 0.254609730165 -0.00234088306232 -0.00455164571528 -0.96703034497
1659006402.512330532 -0.243247842186 -0.112316407669 0.0210541634196 0.243266273563 -0.00227024436971 -0.00414128529296 -0.969948048038
1659006402.613193274 -0.245440740841 -0.112224466617 0.022655900464 0.230040067357 -0.00217146350224 -0.0047709069286 -0.97316704147
1659006402.714133739 -0.246009071962 -0.10789106716 0.022728803015 0.217760402602 -0.00224643445442 -0.00461303986085 -0.97598877066
1659006402.815480947 -0.249315655536 -0.103420808385 0.0270990435566 0.205110207964 -0.0015659011174 -0.00416198762238 -0.97872878184
1659006402.915789604 -0.249762460535 -0.0982852398963 0.0307451204208 0.192998775757 -0.00167354981435 -0.00487505739731 -0.981185459331
1659006403.016617775 -0.248998984059 -0.0968644756181 0.0334492517105 0.181086009578 -0.00131625700647 -0.00499536026574 -0.983453695391
1659006403.117424011 -0.250856789285 -0.0926249194807 0.0331046450172 0.167279507682 -0.00167087989134 -0.00539338866074 -0.985893344043
1659006403.218333721 -0.255110570108 -0.0921565395654 0.0334760471651 0.154110346415 -0.00146459659671 -0.00525329476936 -0.988038591847
1659006403.319277525 -0.259491996655 -0.084933157587 0.0339437454342 0.140866873714 -0.00145169809253 -0.00632816360212 -0.990007257957
1659006403.420347452 -0.262422344711 -0.0752790171308 0.0334290098329 0.127513112286 -0.00116688909222 -0.00578645767179 -0.991819318965
1659006403.520868301 -0.268772549331 -0.0653954125655 0.0340965830167 0.113678912989 -0.000951699382337 -0.00610150896495 -0.99349834957
1659006403.622172832 -0.273417530739 -0.0583976575091 0.0336077536823 0.0996962625873 -0.000477610725863 -0.0051982711728 -0.995004223655
1659006403.722704172 -0.279012598595 -0.0561242289636 0.0319349583319 0.0861818484509 -0.000659718591221 -0.00492375434308 -0.996267037702
1659006403.823498249 -0.282060417205 -0.0549093062468 0.0341348105968 0.0737703020433 -0.000846257994078 -0.00669284480441 -0.997252441567
1659006403.924220562 -0.280990051357 -0.0503627028179 0.0332641226762 0.062297310435 -0.000997866709311 -0.00594094972736 -0.998039455378
1659006404.025201321 -0.279113406513 -0.0457414731433 0.0364875500017 0.0496183248415 -0.000454741336803 -0.00609738815087 -0.998749536625
1659006404.126069069 -0.277482000251 -0.03987563807 0.0373992131462 0.0379296668028 -0.000132924160206 -0.00585016322887 -0.999263277769
1659006404.226938486 -0.278094453555 -0.0341119714807 0.0352428304985 0.025627421578 -0.000398980657144 -0.00711297133436 -0.999646178263
1659006404.327810287 -0.273746318931 -0.0294775580185 0.0304721765353 0.0144624742116 -0.00062586083439 -0.0062624006817 -0.999875606001
1659006404.428645849 -0.271610936472 -0.0239316050986 0.0293665431042 0.00310335150507 -0.000692810279356 -0.00612235894922 -0.999976202689
1659006404.529470444 -0.272029613982 -0.0184474275353 0.0280150200791 -0.00790111639329 -0.00062808516853 -0.00576678270255 -0.999951959889
1659006404.630345345 -0.269501294667 -0.0146942718278 0.026253291886 -0.0205130560668 -0.00057253008382 -0.00558622586463 -0.99977381483
1659006404.731202602 -0.270893932923 -0.0111913680071 0.0221483063847 -0.0327335084145 -0.000996195891525 -0.00554962935423 -0.999448211082
1659006404.832078457 -0.269042563759 -0.0130216961377 0.022005047994 -0.0429933390866 -0.000458807102658 -0.00559009094192 -0.999059614424
1659006404.932896614 -0.266571043855 -0.0112058544724 0.0236639753043 -0.0537991119291 -0.000704217854756 -0.00523955238337 -0.998537784324
1659006405.033818007 -0.268435259716 -0.00708807659738 0.0261825399702 -0.0658449692011 -0.000409561565926 -0.00537069199709 -0.997815327582
1659006405.134629965 -0.268819814393 -0.00149544700168 0.028230944892 -0.0781471458297 -0.00029449897907 -0.00611647356683 -0.996923028935
1659006405.235489845 -0.269629444878 0.0087923556076 0.0293549557179 -0.0906430388928 -0.000169618861758 -0.00605082224747 -0.995865050235
1659006405.336343050 -0.270231249022 0.0172871329172 0.0317337021636 -0.102858586808 0.000466025334876 -0.00620791301921 -0.994676508095
1659006405.437087059 -0.270779689543 0.0217490453194 0.0305344498284 -0.112358391919 0.000110679242636 -0.00592992082583 -0.993650046825
1659006405.538068295 -0.270183974487 0.0275725003725 0.0300468765217 -0.122308885191 0.000138967711681 -0.00668357262142 -0.992469569885
1659006405.638912678 -0.27211245168 0.0349739009002 0.0315613860315 -0.134697530786 0.000585941693345 -0.0060791821933 -0.990867940452
1659006405.739690781 -0.269463808243 0.0382747141792 0.0304086404404 -0.146979449586 0.000586315672861 -0.00616372590453 -0.989120167682
1659006405.840645790 -0.267143935997 0.0372348085313 0.0346619105702 -0.15727952446 0.000571892716576 -0.00594153830115 -0.987536086554
1659006405.941509247 -0.266808303264 0.0382998528895 0.0352871693075 -0.165606476308 0.000787201037206 -0.00624920775584 -0.986171801829
1659006406.042347908 -0.266889826375 0.038069677608 0.0341632127632 -0.174275458992 0.000675503756787 -0.00667731707636 -0.984674068677
1659006406.143210173 -0.266831422689 0.0435506379309 0.0350767821529 -0.184670644001 0.00115101026941 -0.0063663743705 -0.982779170362
1659006406.244037867 -0.266390834673 0.0508110487545 0.0333165679132 -0.197773542734 0.00104581453501 -0.00677175989799 -0.980223788394
1659006406.344951153 -0.26803416352 0.0595705531762 0.032064915098 -0.215578968602 0.0011816777408 -0.00692475499454 -0.976461140907
1659006406.445706844 -0.265391473592 0.0585601406266 0.0291795386341 -0.227251405183 0.00103666526672 -0.00591106117528 -0.973817633607
1659006406.546615839 -0.262360876648 0.0516706781933 0.0307910611728 -0.234273376184 0.00106072431312 -0.00570078774896 -0.972153465814
1659006406.647505760 -0.262704772669 0.0507720769861 0.0306881620271 -0.243565041417 0.000912291694974 -0.00600862575968 -0.969865524049
1659006406.748333931 -0.262951716012 0.0525900400973 0.0277761032932 -0.255705386408 0.000840202349356 -0.00612957968088 -0.966734957305
1659006406.849256516 -0.261721823417 0.0540674333024 0.0269001310687 -0.267715442712 0.000914052424179 -0.00640361503576 -0.963476310013
1659006406.950040817 -0.259688756298 0.0556790106596 0.0265217183969 -0.279374740158 0.00112398973151 -0.00618365583 -0.960161576824
1659006407.050962210 -0.259045706647 0.0536363243231 0.025963275262 -0.290160380083 0.000953952537909 -0.00582566191164 -0.956959824375
1659006407.151762486 -0.257859255314 0.0508957506394 0.0270153800034 -0.300919360646 0.001281366306 -0.00585538961948 -0.953630751864
1659006407.252641201 -0.255503761186 0.052569712572 0.0272875921485 -0.312002767656 0.00129067749987 -0.00566001203965 -0.950063456507
1659006407.353536367 -0.254035564978 0.0547663359546 0.0282685794003 -0.324407180141 0.00145151519163 -0.00577785401285 -0.945898774172
1659006407.454380274 -0.250232051251 0.0565611213991 0.0274446848427 -0.334708631632 0.00146854987687 -0.00567048037921 -0.942303465411
1659006407.555202007 -0.245132210368 0.0589036137447 0.0264688137697 -0.34456395286 0.00146756979909 -0.00566947372737 -0.938744579583
1659006407.656101227 -0.239026482294 0.0588319059926 0.0277691084073 -0.35569039178 0.00189244426505 -0.00546811624537 -0.934585931605
1659006407.756921768 -0.232424268605 0.0597330460385 0.0278881832585 -0.365869663227 0.00184994958397 -0.00598054717845 -0.930645045263
1659006407.857839584 -0.2291014367 0.0620471240538 0.0276696162314 -0.376169601667 0.00219863845064 -0.00602989032892 -0.926528594914
1659006407.958589554 -0.226825567714 0.067878025345 0.0289576898562 -0.387705379959 0.00249680455258 -0.00650255626666 -0.921757029309
1659006408.059549570 -0.224562289955 0.0717046245965 0.027666588356 -0.398784677218 0.00248990215087 -0.00533426050947 -0.917025696078
1659006408.160421848 -0.225663725547 0.0757566174497 0.0279423221561 -0.408280604662 0.00258200440752 -0.00604312377566 -0.912832822463
1659006408.261133671 -0.222899245466 0.0794075862023 0.0304840440777 -0.418829298578 0.00269601727985 -0.0060744223014 -0.908040666235
1659006408.362097502 -0.220856128167 0.0836101111789 0.0280055381167 -0.429259567688 0.00273877202637 -0.00582375132332 -0.903158240064
1659006408.462951660 -0.218877382908 0.0830120115729 0.0290194712886 -0.438987872158 0.00272005478868 -0.00580137674642 -0.898470140532
1659006408.563703537 -0.216033971746 0.0811370702265 0.031443487557 -0.450020523924 0.00349358778071 -0.00576924456738 -0.892992742809
1659006408.664636374 -0.211966717441 0.0798601195971 0.0315096713842 -0.460839779571 0.00296792044056 -0.00546970035037 -0.887461532344
1659006408.765385151 -0.211473550493 0.0819573475219 0.0342322821867 -0.470244363617 0.00325659860966 -0.00553928606693 -0.882512860734
1659006408.866361618 -0.208199475397 0.0811404010696 0.0334758255125 -0.478789952667 0.00349563825246 -0.00529125949785 -0.877906580629
1659006408.967215538 -0.203832257566 0.0839789608476 0.0298529150317 -0.488669284042 0.00307504171674 -0.00564265321968 -0.872445434063
1659006409.067933083 -0.202171936825 0.0858496794883 0.0319210837981 -0.499499760711 0.00325178456782 -0.00520230233693 -0.86629230113
1659006409.168799877 -0.199448082259 0.0860300444083 0.0286313419993 -0.509258786813 0.00261047119297 -0.00489527721269 -0.860595555273
1659006409.269773483 -0.199169164848 0.0887687148154 0.0307633792522 -0.51838224788 0.00306525594445 -0.00486323024208 -0.85512969676
1659006409.370520353 -0.195431404884 0.0929715805068 0.030439306222 -0.527254790687 0.00335494586382 -0.00524304020104 -0.849684435874
1659006409.471483707 -0.192743035354 0.0939568071747 0.0296425909542 -0.535882319524 0.00329089186669 -0.00533894617445 -0.84426939143
1659006409.572364092 -0.189475079147 0.0952611725941 0.0318120193963 -0.545667272978 0.00300587842017 -0.00484444422393 -0.837982531593
1659006409.673193455 -0.186028862459 0.0936674516523 0.0263687724222 -0.555697459794 0.0027487912068 -0.00485731409848 -0.831365854377
1659006409.774083138 -0.183526830868 0.0960336731994 0.0268886696908 -0.566516185338 0.00355112504839 -0.00500388624786 -0.824027767969
1659006409.874935389 -0.180708610602 0.0980870873017 0.0238124045929 -0.575666142075 0.00284308114466 -0.0042883143198 -0.817668649343
1659006409.975781918 -0.175978303841 0.0984289024052 0.0242741520844 -0.58651194068 0.00341961835423 -0.00486037171788 -0.809918777679
1659006410.076658487 -0.172467436117 0.099423152019 0.0237676003153 -0.597204413572 0.0032108087088 -0.00454988458967 -0.802069746137
1659006410.177504539 -0.170811833275 0.0983379131165 0.0235935924228 -0.608529621611 0.00309079921776 -0.004579411182 -0.793511925289
1659006410.278386593 -0.168708926848 0.0986233344404 0.0257428213982 -0.619203524826 0.00348125480303 -0.00479356349364 -0.785208187334
1659006410.379078865 -0.165249570906 0.0985091514836 0.0255741140102 -0.629573549182 0.00339265021833 -0.00450290935093 -0.776920433444
1659006410.480062485 -0.160379364565 0.100006201754 0.0283767009743 -0.641276030609 0.00323287610141 -0.0042269163042 -0.767291818187
1659006410.580930233 -0.156501245891 0.0991086281861 0.0273488470289 -0.653452929346 0.00383811455841 -0.00430041917331 -0.756945205679
1659006410.681765795 -0.151910557368 0.0991754002167 0.0260417904513 -0.664427660242 0.00348685232195 -0.00418369113815 -0.747332739076
1659006410.782674551 -0.14656957507 0.102354575985 0.0264342534587 -0.67477261442 0.00380439016191 -0.00431344887408 -0.738003278856
1659006410.883515835 -0.139586778317 0.106641553208 0.0263071751931 -0.686407584143 0.00339049273357 -0.0036920020175 -0.727199767679
1659006410.984337330 -0.135619945037 0.104273197674 0.0258040296405 -0.699056694796 0.00399297297142 -0.00464487891551 -0.715040011976
1659006411.085216522 -0.133007125349 0.108883502646 0.0262544177119 -0.711266514967 0.00361200372923 -0.00393239857975 -0.702902151339
1659006411.186099529 -0.130281919467 0.110406755823 0.0302777580222 -0.722395373618 0.00405769063922 -0.0039363664359 -0.691457131239
1659006411.286958218 -0.127092102353 0.116307215326 0.0297028629492 -0.733568429351 0.00460317095655 -0.00418623374391 -0.679587114153
1659006411.387787819 -0.122443546237 0.120304703152 0.0276904204821 -0.745505328296 0.00407633286693 -0.00348957159928 -0.666478065567
1659006411.488578558 -0.118933135698 0.124038739686 0.0258574496561 -0.756528605445 0.00392721002557 -0.00305081979336 -0.653941693627
1659006411.589483738 -0.121323124083 0.127953057483 0.0262137330903 -0.765516901394 0.0043990180623 -0.00342712781816 -0.643391620333
1659006411.690230370 -0.123193248497 0.130337920299 0.0298888363567 -0.772745394324 0.00450070518688 -0.00326066938004 -0.634691789169
1659006411.791217804 -0.125855303059 0.133942907365 0.0284606798512 -0.783573216585 0.00491373013036 -0.00331058542016 -0.621271204492
1659006411.892076254 -0.120901705396 0.132276616256 0.026776276946 -0.797513159925 0.00391246131668 -0.00278112055146 -0.603282452721
1659006411.992996216 -0.115596976438 0.131556743461 0.0278740613683 -0.809857372575 0.00366763400841 -0.00227725890358 -0.586610943163
1659006412.093723297 -0.107607264625 0.128899564863 0.0266736027264 -0.818961967583 0.00375335076717 -0.00273697906993 -0.573828996266
1659006412.194644451 -0.0972736879987 0.128331613742 0.025996894499 -0.827805531819 0.00426833614206 -0.00299429608744 -0.560990924157
1659006412.295471668 -0.086219265811 0.130067780881 0.0277492054622 -0.836848609876 0.00431655250524 -0.00306233890059 -0.547408799348
1659006412.396387577 -0.0776279463687 0.127122301508 0.0239202567112 -0.84587655825 0.00400366342938 -0.00280090235095 -0.533356329135
1659006412.497077465 -0.0714837752999 0.128481163278 0.0223480370722 -0.855603725182 0.00393452154885 -0.00299901609537 -0.517607757764
1659006412.598103523 -0.0645877872916 0.1237383656 0.0201467146351 -0.864993145329 0.00400383219016 -0.00269662504598 -0.501760456866
1659006412.698924065 -0.0625748183066 0.122109152101 0.0211900304198 -0.874640183238 0.00418031849126 -0.00288844528223 -0.484746048655
1659006412.799781084 -0.0544444402157 0.11950673129 0.0212483199384 -0.883648440559 0.00412248614213 -0.00236956640304 -0.46812693125
1659006412.900636196 -0.05054952113 0.118336865445 0.0236948441527 -0.892393021544 0.00420116724922 -0.00253984245015 -0.45123230657
1659006413.001493216 -0.0513619861582 0.126259393396 0.0233260053456 -0.900702996181 0.00521204798024 -0.00281300832999 -0.434395020933
1659006413.102353096 -0.0490870354474 0.132318220413 0.0272473477476 -0.908968194552 0.0045902374865 -0.0022197208211 -0.416834288239
1659006413.203198910 -0.0456790325299 0.137877098488 0.0286071290492 -0.91755642754 0.00521480088373 -0.00229298335608 -0.397564775048
1659006413.304071665 -0.0436809301058 0.141293753997 0.0313617383328 -0.925714603697 0.00559463380174 -0.0022748662935 -0.378174559638
1659006413.404919624 -0.0446470162429 0.141821585973 0.0282595075137 -0.934017361474 0.00500837944151 -0.00208513291393 -0.357186417466
1659006413.505795240 -0.040246563863 0.141265641575 0.0289260401433 -0.940948937679 0.00552201631724 -0.00204617675135 -0.338497292719
1659006413.606664658 -0.0346595862596 0.138480761326 0.0306389000435 -0.947661628211 0.00535249561924 -0.0021555078052 -0.319224283215
1659006413.707504272 -0.0301256219529 0.1356435754 0.0283513013515 -0.954736334811 0.00577266066937 -0.00220855239612 -0.297389188904
1659006413.808197021 -0.0245056322791 0.125380048462 0.0308406406736 -0.961549947415 0.00513869851248 -0.00192462395625 -0.274575286993
1659006413.909230709 -0.0183890732846 0.119125409479 0.0290525659902 -0.967389757031 0.00505230062398 -0.00150337991781 -0.253237580344
1659006414.010091782 -0.0142705574572 0.109893722428 0.0284223092589 -0.973441112037 0.0050042928541 -0.00120979859495 -0.228879651426
1659006414.110972166 -0.00852067050032 0.101352933182 0.0269140508881 -0.979050966261 0.00497063163737 -0.000813304995636 -0.203553031958
1659006414.211775303 -0.00817668559483 0.0910485914464 0.0269535817263 -0.983977668977 0.00558187288557 -0.00085034093124 -0.178202319203
1659006414.312674046 -0.00858873751969 0.0761429279778 0.0293143863342 -0.988749008861 0.0054993438044 -0.000711315087806 -0.149481265463
1659006414.413412571 -0.00560097887811 0.0495229392133 0.0284355390415 -0.992761887209 0.00442151318434 -0.000572243247876 -0.1200164908
1659006414.514317989 -0.00738606168278 0.0365329518545 0.0241594658691 -0.995800978071 0.00506498548045 -0.000540846848845 -0.0914027651673
1659006414.615202427 -0.00507488740085 0.0211114974481 0.0259003984699 -0.997899478655 0.00484160428389 -7.09406242012 -0.0646001883604
1659006414.716084242 0.0017807579493 0.00770512438813 0.0284384373365 -0.999308511501 0.00498020111484 2.96675155417 -0.0368469206025
1659006414.816948891 0.0093514381934 -0.00250455448 0.0249750839825 -0.999929531941 0.00585802561483 -0.000247373082326 -0.010322475225
1659006414.917823315 0.0198209194774 -0.0146431531462 0.0257168642883 -0.999839437051 0.00477638342845 0.000224043133924 0.0172695131173
1659006415.018569469 0.0231465646431 -0.0189937276488 0.0289239633324 -0.999017184735 0.00462831875034 0.000521229600594 0.0440791514249
1659006415.119428396 0.0238686357485 -0.0249228479946 0.0270395177464 -0.997534285098 0.004967487506 0.000600524765497 0.0700022391956
1659006415.220255852 0.0245224094072 -0.0327218652952 0.0270689367215 -0.995313936226 0.00432349817467 0.000909762526648 0.0965952796475
1659006415.321195841 0.0201473642766 -0.0406937424427 0.0230953462464 -0.992466825155 0.00395887705592 0.000692044932233 0.122447741234
1659006415.422061443 0.0164978463507 -0.054104423873 0.0253575593283 -0.988757922391 0.00477037156455 0.000670789226873 0.149447530949
1659006415.522879124 0.015893675858 -0.0629591738715 0.0259689977346 -0.984211925619 0.00341326443915 0.000819405327642 0.176959214707
1659006415.623839378 0.011740634493 -0.0734675639211 0.0268327724054 -0.978867273061 0.00368127322382 0.0010701006549 0.204460668202
1659006415.724654198 0.00359170820252 -0.0790477446925 0.026609312959 -0.972856500926 0.00467475801906 0.00141652858081 0.231357663996
1659006415.825490952 0.00373326680193 -0.088171488993 0.0263685531548 -0.966371146564 0.00416053017017 0.00110837342728 0.257115282675
1659006415.926347733 -0.00223638328721 -0.0927941233791 0.0262624230693 -0.958813337194 0.00433334597784 0.00137467327865 0.284000557753
1659006416.027243137 -0.00363541105733 -0.100938634005 0.025506809816 -0.950911674131 0.00368808040463 0.00113390737306 0.309438362711
1659006416.128136873 -0.00709619802635 -0.115005936457 0.0265086599551 -0.941751859768 0.00330140970924 0.000951071880816 0.336290991227
1659006416.228924751 -0.00713042795015 -0.120176649681 0.0334593639286 -0.932489438085 0.0037734732573 0.00149211712317 0.361174448633
1659006416.329788446 -0.0123823116105 -0.128267505478 0.033461201691 -0.922053631232 0.00431434980843 0.00169467691425 0.387034385536
1659006416.430641651 -0.0194190330797 -0.134139012187 0.0340263388827 -0.911560728965 0.00423417212061 0.00195104576199 0.411139030761
1659006416.531532288 -0.027743446174 -0.138554361874 0.0360027086019 -0.900099520012 0.00396377198088 0.0020380712909 0.435661553103
1659006416.632370949 -0.033536739261 -0.139834691257 0.0370244307355 -0.887912395176 0.00460550084737 0.00237333656947 0.459983407448
1659006416.733243465 -0.0412678901803 -0.141122979889 0.0324454161283 -0.875581261636 0.00404553219544 0.00213302777021 0.483049208811
1659006416.834071636 -0.0461484823937 -0.143325467026 0.0323258132411 -0.861986995919 0.00335250231928 0.00195758314631 0.506915523004
1659006416.934934616 -0.0521746308074 -0.146833443143 0.0334639104928 -0.848362827639 0.00443655212489 0.00264192296186 0.529390073508
1659006417.035773516 -0.0602844826028 -0.150316347786 0.0361336201901 -0.833714130209 0.00361846474525 0.00281260358199 0.552177276845
1659006417.136678934 -0.0697215007014 -0.150942274551 0.0330710155446 -0.817957960243 0.00348240113907 0.00273331588362 0.575260964382
1659006417.237495422 -0.0761300681913 -0.1525069419 0.0339695992574 -0.801636272386 0.00385828109998 0.00281666075402 0.597792996684
1659006417.338274479 -0.0838842454265 -0.155642728068 0.0334689368571 -0.786607521 0.00370707259405 0.00326700877912 0.61743355284
1659006417.439239979 -0.0912023311373 -0.157193964706 0.0308121586237 -0.770285365111 0.00384365842726 0.00305262643699 0.637680456073
1659006417.540098190 -0.0951951191989 -0.155728511984 0.0308653727629 -0.753405603957 0.0035762771871 0.00313860056409 0.657538862239
1659006417.640824795 -0.104643471145 -0.151606426041 0.0293569079663 -0.737116952882 0.00351679011691 0.00356212406476 0.675746654623
1659006417.741803169 -0.118762121025 -0.152214478563 0.0277721599122 -0.717685576189 0.00341936317408 0.00339293282485 0.696350637031
1659006417.842618227 -0.132780263016 -0.149959678931 0.0282147242005 -0.69922788555 0.00320530096586 0.00359960732079 0.71488260081
1659006417.943488121 -0.145139144548 -0.155449435355 0.0287828814124 -0.679246988595 0.00317595543387 0.00342773262264 0.733894878331
1659006418.044405460 -0.154731499679 -0.155659508583 0.0311494892736 -0.660315645916 0.00333052510186 0.00367290831019 0.750971813789
1659006418.145297289 -0.157828735103 -0.15891588043 0.0312624493053 -0.640076637657 0.00291697154135 0.00372047933667 0.768296522988
1659006418.245914459 -0.15506771342 -0.154354542779 0.0277202475726 -0.617814809573 0.00326844493055 0.00337695518379 0.786309592027
1659006418.346924305 -0.153082747501 -0.149326751972 0.0251664150298 -0.595706507121 0.00309081139208 0.0028988301883 0.803191011555
1659006418.447819710 -0.157147680301 -0.146327331541 0.0214053002781 -0.57122015097 0.0025761924956 0.00199820253752 0.820790417552
1659006418.548642874 -0.162697465116 -0.142849529515 0.0189012120745 -0.54588997563 0.00354165594741 0.00286063195534 0.837844501065
1659006418.649516582 -0.172896183928 -0.141785565753 0.0175107563738 -0.518886059602 0.00303098198354 0.0019255079372 0.854835868877
1659006418.750421762 -0.182541025263 -0.137488912316 0.0149496070587 -0.491108379202 0.00326204842886 0.00274857240553 0.87108803474
1659006418.851221085 -0.196615285447 -0.129782197805 0.0166067223706 -0.46087020587 0.00278365742898 0.00258481584966 0.887459420661
1659006418.951979399 -0.210970485393 -0.112614111921 0.0221174057951 -0.42820857129 0.00311012992187 0.00373463257724 0.90366686289
1659006419.052942276 -0.219506130311 -0.0977920122753 0.0235502324039 -0.39797838554 0.00241189593828 0.00340652505801 0.917385296911
1659006419.153635502 -0.228954720718 -0.0824294313943 0.0231228498285 -0.369921359863 0.00247147262358 0.00360214678474 0.929052799295
1659006419.254661083 -0.237971138624 -0.0701847507223 0.0291378192945 -0.339881685695 0.00232819985378 0.00426423620051 0.94045565313
1659006419.355519772 -0.243199186144 -0.060499450419 0.0310519315048 -0.310878040165 0.00183842890002 0.00424721684106 0.950438543764
1659006419.456361294 -0.245834785118 -0.0546111577129 0.0291028920028 -0.280987041103 0.00195576814087 0.00430928408836 0.959699894641
1659006419.557254314 -0.254258810095 -0.0468976390364 0.0257416937443 -0.249186879509 0.00197255923116 0.0041593486842 0.968444478486
1659006419.658085108 -0.262232097707 -0.0430447561532 0.0254740568964 -0.215468910904 0.00193386290485 0.00413064596638 0.976500049345
1659006419.759033680 -0.266161078869 -0.0489109872802 0.0229496104509 -0.181549471405 0.00191644404054 0.00418688062077 0.983371032065
1659006419.859790564 -0.268562980876 -0.0544852327967 0.0240116522139 -0.148463448023 0.0019228849856 0.00489545627423 0.988903909196
1659006419.960687160 -0.272465773452 -0.0599612161688 0.0248237421187 -0.111921316204 0.00110064824795 0.00410556715033 0.993707981185
1659006420.061519623 -0.27404262196 -0.0647427225921 0.0253453558371 -0.0771255425593 0.000834277897924 0.00439635014036 0.997011347363
1659006420.162536144 -0.279612482434 -0.0717848802693 0.0290258110732 -0.0414625168942 0.000649250111375 0.0047693738272 0.999128465834
1659006420.263200283 -0.280069308198 -0.0670204822034 0.0332838250785 -0.00704885688569 0.000271825192078 0.00558862033633 0.999959502705
1659006420.367367268 -0.273640204976 -0.0551274203136 0.0311212972061 0.0257300690349 0.000284809691465 0.00561909540832 0.999653093927
1659006420.464936256 -0.267065191391 -0.0512685703869 0.0321065411255 0.0582305819391 -7.96452604545 0.00561516210982 0.99828736491
1659006420.566988468 -0.260573364723 -0.0346324090555 0.0319844613615 0.0910270407106 -0.000185619169763 0.00585045430928 0.995831218425
1659006420.666669369 -0.257105435108 -0.0273457149144 0.0257806816423 0.124420575787 -5.31772691812 0.0051021551435 0.992216450935
1659006420.767435074 -0.25067297239 -0.0178595002822 0.0255305975217 0.158813424854 -0.000462530674314 0.0052950413629 0.987294305001
1659006420.868398190 -0.248561897531 -0.00457739383056 0.024848980625 0.193171141072 -0.000743415817444 0.00500381500915 0.981152036855
1659006420.969084263 -0.244750226775 0.00300333288997 0.0262545116226 0.227410713862 -0.00112067644152 0.00559856485837 0.973782197094
1659006421.070321083 -0.240029380936 0.00920071583554 0.0225110563719 0.261502230899 -0.00107734727739 0.0051777828693 0.965188382194
1659006421.171534061 -0.233825157067 0.0163706135974 0.0190557895632 0.294591772209 -0.0008910119372 0.00452602936108 0.955612059835
1659006421.271799088 -0.233433722687 0.0284614291192 0.0206314658772 0.329025403116 -0.00145299355935 0.00509524913272 0.94430620635
1659006421.372644424 -0.232357811592 0.034479947632 0.0191530439847 0.361341778994 -0.00129143707456 0.00534910971788 0.932417201669
1659006421.473494530 -0.225917596869 0.0407705344064 0.0197087554548 0.392818531149 -0.00179417091902 0.00549461506369 0.919597842397
1659006421.574352980 -0.216932708707 0.0465933196471 0.0232707070188 0.425550680049 -0.0019931916901 0.00528618121348 0.904916958723
1659006421.675215483 -0.203426176444 0.0534447895 0.0249102736162 0.458833964272 -0.0023160574832 0.00532691921154 0.888503040535
1659006421.776098728 -0.195826084556 0.058239092171 0.0258831310039 0.489492326657 -0.00255161241567 0.004728760873 0.871991049403
1659006421.876912594 -0.190135716741 0.0627878816213 0.0252383690409 0.518830953288 -0.00292020241164 0.00480454015248 0.854858368809
1659006421.977784157 -0.185742051209 0.0649013076105 0.0267192520834 0.549264191798 -0.0029528314966 0.00491858594252 0.835629065978
1659006422.078648329 -0.177132654731 0.0704227751746 0.0295404077913 0.578845997047 -0.00344901869309 0.00465048599459 0.815416328603
1659006422.179361820 -0.166667579103 0.070061436374 0.0292600538628 0.607263069857 -0.00366706674957 0.0041703560982 0.79448141875
1659006422.280391693 -0.155979538199 0.0701978106492 0.0286621087445 0.635110722891 -0.00397042939332 0.00424050662091 0.772399264281
1659006422.381253004 -0.145666287961 0.0782499428086 0.0264074720206 0.662859348142 -0.0042076767295 0.00460185197259 0.748717972934
1659006422.482062817 -0.134756962132 0.0844882696907 0.0263274935001 0.688908516658 -0.00443574530888 0.00455645137868 0.72482040437
1659006422.582926273 -0.129360740092 0.0877734810903 0.0262681582274 0.713060595346 -0.00405209515464 0.00385283419611 0.701080112083
1659006422.683789253 -0.1185893954 0.0968487207093 0.0274012869195 0.73884508349 -0.00467177947734 0.00405002532855 0.673846951743
1659006422.784565210 -0.111124753253 0.104132441536 0.0289171060495 0.758338580605 -0.00453189001564 0.00357164458227 0.651835333879
1659006422.885501862 -0.103389302219 0.107520894082 0.02919203966 0.777414816915 -0.00472073513019 0.00363949637547 0.628959991707
1659006422.986385107 -0.0981783543269 0.111479427138 0.0269684679444 0.792350780809 -0.00426038201022 0.0029287414956 0.610043860529
1659006423.087241411 -0.094022523029 0.112594121824 0.0291326938343 0.80634626581 -0.00494993466082 0.00246463430742 0.591417892306
1659006423.188082933 -0.0955742326893 0.115994560703 0.0304865890546 0.820815743351 -0.00484246059265 0.00271554231292 0.571166080814
1659006423.288901567 -0.097358161648 0.114062691668 0.0363105929368 0.835018937013 -0.00568491158057 0.00342223666103 0.550181192796
1659006423.389674664 -0.0944129410574 0.110929987325 0.0384481219888 0.847843175938 -0.00523206921637 0.00280772709028 0.530213816432
1659006423.490648746 -0.085042517227 0.110460054729 0.0331819656741 0.862754356678 -0.0056628833979 0.00324810397253 0.505581152343
1659006423.591499567 -0.0708063503079 0.11081466435 0.0329434242654 0.876103178714 -0.00516094110121 0.00320498077453 0.482085379402
1659006423.692336559 -0.0554533905584 0.111666033173 0.0285611532866 0.890194020139 -0.00412597811806 0.00254189238357 0.455555838066
1659006423.793206215 -0.0446113074139 0.110609236506 0.0253944273394 0.902023453423 -0.00474177983081 0.00258257043869 0.431653258215
1659006423.893999577 -0.0372320089567 0.111279576641 0.0195629475878 0.914120536703 -0.00413774758785 0.00250237845435 0.405413691833
1659006423.994949102 -0.0312206396113 0.113446882679 0.0201593257552 0.924834010935 -0.00400226867409 0.00223074828363 0.380343342028
1659006424.095714569 -0.0262403605502 0.11253312603 0.0220863504861 0.935501566681 -0.00458196749715 0.00192355869173 0.353287594225
1659006424.196676254 -0.0228342131558 0.108154365904 0.0241425566373 0.944694614835 -0.00436360555747 0.00199483631174 0.327916245826
1659006424.297490120 -0.0185459235043 0.10340218558 0.0249284348254 0.953835909932 -0.00435064515546 0.00155769298342 0.300292694555
1659006424.398357391 -0.0136318496403 0.0970041939073 0.023697250241 0.961396479489 -0.00368881905594 0.00121576956821 0.275139462356
1659006424.499118805 -0.00867957805784 0.0930048047272 0.0254549972026 0.968942429529 -0.00418631264545 0.00120282407924 0.247248046017
1659006424.600148916 -0.00593156713623 0.0905121968622 0.0261008464453 0.975306671484 -0.00431578103885 0.000971583933763 0.220810612558
1659006424.700921297 -0.00449148981999 0.0854366876817 0.0275894489853 0.981314067915 -0.00466535179756 0.00104635500461 0.192353424055
1659006424.801807404 -0.00233374469033 0.07353885553 0.0294747134154 0.985886777045 -0.00455644814376 0.000693875791742 0.167349993024
1659006424.902767181 -0.00115832501553 0.0648450846654 0.0274169066672 0.989982125386 -0.0048204558879 0.000931015542612 0.141107362785
1659006425.003574610 0.00198995190807 0.052449499421 0.0292501788999 0.993182804755 -0.00473614425999 0.000565730376123 0.116469589273
1659006425.104413748 0.00538851095347 0.0421379924149 0.0296524276908 0.995896334952 -0.00471035625068 0.000310744371736 0.0903781279465
1659006425.205113888 0.0069058939224 0.026355622518 0.0274081873364 0.998029883159 -0.00454231004932 0.000455560981535 0.0625740537743
1659006425.307199001 0.00566367157725 0.0072103198879 0.0241734988476 0.999269937074 -0.00476316874152 0.000692696418027 0.0379002012684
1659006425.406949520 0.00593471896293 -0.00766170618507 0.0248362779523 0.999963196199 -0.00420991782179 0.000425184080336 0.00746338112415
1659006425.507790565 0.00458176090724 -0.0261358999729 0.0243009478964 0.999745984901 -0.004321476913 6.62870814927 -0.0221198127918
1659006425.608621359 0.00335542136849 -0.0424864290077 0.0251323346847 0.998758788077 -0.00384156949111 -8.32906943092 -0.0496600306652
1659006425.709379435 0.000971640088394 -0.0562818736734 0.0273503853896 0.9967437272 -0.00481002847902 -0.000162148168839 -0.0804908666954
1659006425.810407162 0.00547504140333 -0.0721130770061 0.026287166202 0.994003304939 -0.00432405967805 -0.000450325815871 -0.109263578034
1659006425.911275148 0.0117320471619 -0.0788622231154 0.0262350944039 0.990222618521 -0.0045127907734 -0.000653591093218 -0.139421566866
1659006426.012085438 0.0168855601976 -0.085206547949 0.0280307343908 0.98574676727 -0.0037659965257 -0.000747816844685 -0.168192059436
1659006426.112982512 0.0195088400913 -0.0893118849953 0.0296744417374 0.980902369121 -0.00412723056299 -0.000974132441324 -0.194454517269
1659006426.213650703 0.0188256141089 -0.0947872598304 0.0304334511814 0.974963087778 -0.00424036760759 -0.00141760076787 -0.222321809909
1659006426.314533234 0.0145709040891 -0.0998265517677 0.0307743546347 0.968241351588 -0.00481673050378 -0.00135345106992 -0.249967302568
1659006426.415518999 0.0125397440357 -0.107005338797 0.0322440641558 0.960759794769 -0.00399522646307 -0.00156013542684 -0.277348554887
1659006426.516388893 0.0036394305445 -0.11235489553 0.0303591428009 0.952377396402 -0.00420180329874 -0.00142569361978 -0.304889499768
1659006426.617351055 -0.00027332204171 -0.11699840238 0.0277347264368 0.944000375181 -0.00365276612344 -0.0011728852833 -0.329922071554
1659006426.718073606 -0.00304392594408 -0.122853182828 0.0297439917616 0.934736339597 -0.0034744842713 -0.00175112021987 -0.355320752242
1659006426.818807364 -0.00803153929053 -0.12886163499 0.0306210565988 0.925751468848 -0.00358588559404 -0.00194505274526 -0.378110534263
1659006426.919790983 -0.0123774019347 -0.135590881671 0.028950925306 0.916296679906 -0.0036786089818 -0.00161195257475 -0.400480041746
1659006427.020591259 -0.0200042933925 -0.144656136594 0.0303299213772 0.905721922855 -0.00402769897197 -0.00188653930312 -0.423849049865
1659006427.121496677 -0.0270788877264 -0.149046089581 0.0295685780806 0.894107218596 -0.00341509890705 -0.00157543660588 -0.44783717661
1659006427.222375631 -0.0323047366612 -0.154543009308 0.028782985022 0.882929294515 -0.00334353490404 -0.00168380682974 -0.469491050454
1659006427.323246241 -0.0400786069407 -0.160997418327 0.0292369339825 0.870763011198 -0.00311487916088 -0.00169282041792 -0.491690156722
1659006427.424066067 -0.0464386958852 -0.167079317113 0.0294810100966 0.857263021111 -0.00414829058466 -0.0023137385939 -0.514856825665
1659006427.524958134 -0.0534605589084 -0.175100803845 0.030850100114 0.843703348061 -0.00385329395933 -0.00216990587363 -0.536791490343
1659006427.625857353 -0.0550115202491 -0.18059952516 0.0335169601423 0.829624672744 -0.00393002524007 -0.00269990488241 -0.558301144356
1659006427.726718664 -0.0607693301642 -0.17928799593 0.0354879863086 0.815800479454 -0.00372693860687 -0.00304045598174 -0.578313447257
1659006427.827488899 -0.069035233561 -0.18338815174 0.0318331263969 0.801267271914 -0.00321792410682 -0.00253776584961 -0.598292540207
1659006427.928272247 -0.0774609090514 -0.182585033605 0.030435489363 0.78536356613 -0.00309240392293 -0.00268646357416 -0.619021234649
1659006428.029205322 -0.0854300489984 -0.182365629622 0.0302898947265 0.76891438556 -0.00379396311366 -0.00307375808997 -0.639333109994
1659006428.130123138 -0.0913894679841 -0.182912815683 0.0291427838903 0.751761415075 -0.0038712417185 -0.00338211329252 -0.659415157243
1659006428.230915070 -0.10015028633 -0.181425802629 0.0269154287236 0.735479824399 -0.00433758393755 -0.00355305197656 -0.677523423277
1659006428.331852436 -0.109511279011 -0.179672724226 0.0284670542197 0.718064890145 -0.00308708834958 -0.00291988585573 -0.695963187025
1659006428.432623386 -0.118103246873 -0.178229392632 0.0291639591265 0.699112330817 -0.00376710291604 -0.00335898302356 -0.714994038484
1659006428.533609152 -0.121297108683 -0.180249321908 0.0295112972468 0.681223050846 -0.00283863919481 -0.00338486752907 -0.732062592813
1659006428.634269476 -0.129322810107 -0.1778921276 0.0287243215562 0.66183033827 -0.00292723554345 -0.00314760537266 -0.749641332384
1659006428.735224247 -0.134726045178 -0.17389723644 0.0297367044372 0.642100001653 -0.00319139251736 -0.00385734005197 -0.766604542002
1659006428.836058617 -0.145389563366 -0.167955003077 0.029996314335 0.620891774317 -0.00257723178425 -0.00367832145355 -0.783883430373
1659006428.936934233 -0.157494987932 -0.159341373346 0.0299319644481 0.599080887526 -0.00271462381268 -0.00355904070689 -0.800675998297
1659006429.037673950 -0.168359722466 -0.155803024568 0.029104478579 0.579054720391 -0.00254814810109 -0.0034771451321 -0.815277282399
1659006429.138690472 -0.184108466876 -0.155309794595 0.0277777733778 0.559210984861 -0.0027993540774 -0.00368327866574 -0.82901246763
1659006429.239404440 -0.195692193351 -0.154741968954 0.0264290576202 0.539133123099 -0.00314792333228 -0.0039111344421 -0.842205597929
1659006429.340473652 -0.201041490357 -0.149250594393 0.0252017565999 0.517323071129 -0.00239759958124 -0.00320880595584 -0.85578081023
1659006429.441224098 -0.202465248141 -0.145115534083 0.0266234185866 0.493866265862 -0.00232951663194 -0.00338022345736 -0.869528181766
1659006429.542075157 -0.205475108278 -0.134708866551 0.0244940637873 0.46972402961 -0.00274820494264 -0.00334813291779 -0.882802680888
1659006429.642896175 -0.208567918562 -0.124479052883 0.023641610905 0.447322272529 -0.00306547233079 -0.00375295784714 -0.894359716605
1659006429.743723392 -0.212408696793 -0.120785490625 0.0251710106742 0.426031930732 -0.00253984622813 -0.00347554409459 -0.904697885358
1659006429.844640255 -0.213565065236 -0.116161967 0.0276157736462 0.404610031236 -0.00261695479752 -0.00376863148379 -0.914477813612
1659006429.945498943 -0.217798840235 -0.108784226318 0.0271676188737 0.378395350213 -0.00223048865805 -0.00337765302176 -0.925635228002
1659006430.046374798 -0.222997734204 -0.10717947795 0.0276006100783 0.352977023357 -0.00198049052334 -0.00371050411114 -0.935622536496
1659006430.147214890 -0.228915280151 -0.100719503125 0.0297529292966 0.327539332601 -0.00211945134758 -0.00402770164762 -0.944826582577
1659006430.248092175 -0.237307027468 -0.0951359541756 0.0295573204129 0.302326113296 -0.00196994686029 -0.00411506855598 -0.95319363549
1659006430.348921776 -0.242304113854 -0.0877059960285 0.0280809872263 0.276672998725 -0.00197408511368 -0.00426929309197 -0.960952614805
1659006430.449850321 -0.250183193084 -0.0841237345842 0.0250937156195 0.252661193512 -0.00225656477563 -0.00468161939208 -0.96754085787
1659006430.550688267 -0.256417338297 -0.0721178199045 0.0296631578217 0.222661488848 -0.00197657497674 -0.00504115378439 -0.974880783124
1659006430.651491404 -0.259850074412 -0.0603597690079 0.0330289392924 0.196745898049 -0.00146760208384 -0.00510444842115 -0.980440126857
1659006430.752279282 -0.26170692044 -0.0508075461361 0.0278828103264 0.170342238256 -0.00169061893995 -0.00527420334384 -0.985369395939
1659006430.853242159 -0.265595443537 -0.0412150569768 0.0260575364052 0.144187726544 -0.0016980118806 -0.00473012469031 -0.989537590084
1659006430.954094410 -0.266952279129 -0.0359629244238 0.0255587894821 0.117548073157 -0.001219124499 -0.00438159781125 -0.993056778756
1659006431.054948092 -0.269446321845 -0.0345905627069 0.02444573215 0.0910182984906 -0.00114167693054 -0.00441648578252 -0.995838772376
1659006431.155653954 -0.269395592983 -0.0375319599188 0.0241641545623 0.0668875527968 -0.000924887510056 -0.00503592601707 -0.997747382514
1659006431.256668568 -0.269715688146 -0.037049814799 0.0252203889942 0.0420945089938 -0.000850160868191 -0.00490802047929 -0.999101216531
1659006431.357532024 -0.270894750931 -0.0416324273717 0.0243823506131 0.0171844495847 -0.000752482863331 -0.0047740876444 -0.999840655579
1659006431.458473682 -0.270193052532 -0.0452271881693 0.0266386625746 -0.0101276740556 -0.00053872312226 -0.00471648522497 -0.999937445425
1659006431.559217453 -0.270798097615 -0.0456820821517 0.0262943607857 -0.034556852119 -3.3919319943 -0.00512446451974 -0.999389595045
1659006431.660089493 -0.271755158768 -0.0431858478429 0.0287876572453 -0.0594685761057 -3.07962938424 -0.00500621690458 -0.998217624688
1659006431.760914803 -0.27242686173 -0.0412609347841 0.0316885368648 -0.0836452461512 0.000128166475747 -0.00628165041066 -0.996475788586
1659006431.861840487 -0.268978255914 -0.0331635933383 0.0299770367995 -0.108552129862 0.000130162318107 -0.00615490441672 -0.994071695257
1659006431.962598324 -0.267465157131 -0.0260108402518 0.0306816493833 -0.133877997371 0.000370569571157 -0.00630962585428 -0.990977665298
1659006432.063512087 -0.262626437943 -0.0173651798398 0.0299319087942 -0.156771464454 0.000477839390672 -0.00602901252062 -0.987616388387
1659006432.164352894 -0.256753631656 -0.00953672765777 0.0278274413985 -0.178994065791 0.000396181270349 -0.00520241196834 -0.983836318887
1659006432.265221596 -0.253307711786 -0.00286708165408 0.0283712957079 -0.202281737766 0.000549482797491 -0.00496681135688 -0.979314621263
1659006432.366101742 -0.249034903624 0.00555888605479 0.0275369033083 -0.226142319369 0.000898562528509 -0.00559453598524 -0.974077792141
1659006432.466820717 -0.245072276468 0.012085907418 0.0273141357284 -0.249327510198 0.00104642165288 -0.00506463985603 -0.968405414629
1659006432.567771196 -0.244099841663 0.0207261350412 0.0266784632301 -0.273699830696 0.00112115310618 -0.00502775548437 -0.961801365859
1659006432.668542385 -0.241577007086 0.0255462107976 0.0226477515766 -0.295491501308 0.000753489885102 -0.00483338487223 -0.955332844248
1659006432.769501448 -0.2399348593 0.0313704427723 0.0243440381532 -0.317377791428 0.00137749276437 -0.00465671638617 -0.948286747252
1659006432.870220423 -0.234988949089 0.0360919132638 0.0256464793513 -0.339883745246 0.00141167775385 -0.00521557663817 -0.940451936382
1659006432.971199989 -0.230165846188 0.0428842480817 0.0268262081353 -0.361891360978 0.00185751954019 -0.00554753028533 -0.932201918781
1659006433.072115183 -0.226816153504 0.0497410338415 0.0282068086852 -0.385482337365 0.00212726768034 -0.00528854718559 -0.922697606793
1659006433.172932148 -0.223431907921 0.0513484317419 0.0262656571355 -0.406903484418 0.00200834170044 -0.00550723318521 -0.913452347588
1659006433.273865223 -0.21931121132 0.0565580131408 0.024485912589 -0.42864542207 0.00188530727594 -0.00512274380431 -0.903456310649
1659006433.374711037 -0.214524166374 0.0572527869201 0.0243852025854 -0.450554626229 0.00184788359268 -0.00439636921018 -0.892736123413
1659006433.475522041 -0.209107374217 0.0628269007093 0.0235034765542 -0.471727998315 0.00221043886933 -0.00420753429192 -0.881731311807
1659006433.576350212 -0.206050252153 0.067492592902 0.0241546213595 -0.492218528033 0.0022418592363 -0.00457562438724 -0.87045675274
1659006433.677278996 -0.203817930992 0.0717723433067 0.0242303011982 -0.512746070186 0.00219062683356 -0.00387090179072 -0.858528790887
1659006433.778107643 -0.195906594796 0.0749008153532 0.0264890182973 -0.532046671317 0.00290923622058 -0.00437545832654 -0.846698725197
1659006433.878962278 -0.187484265632 0.0748455012402 0.0281118270889 -0.552086694796 0.00322294622186 -0.00466651485576 -0.833767424218
1659006433.979840279 -0.181458682736 0.0782589533758 0.0289154152403 -0.572222218546 0.00321919938061 -0.00473444419409 -0.820078626959
1659006434.080643892 -0.176406061788 0.0835758695218 0.027295383791 -0.592013510742 0.00343961263026 -0.00475311578302 -0.805906681977
1659006434.181529999 -0.170069559649 0.0877365610019 0.0258036554438 -0.61207756 0.00337486645237 -0.00453129904995 -0.790777552887
1659006434.282378912 -0.165409409833 0.0937703861811 0.0235859088988 -0.631493733385 0.00340646184484 -0.00449761676015 -0.775360453052
1659006434.383224487 -0.159164625908 0.0979012311563 0.0217685597719 -0.650169792834 0.00339806756904 -0.00431117804226 -0.759769114512
1659006434.484062672 -0.149820293398 0.101911022735 0.0237841482735 -0.668178304261 0.00364182148883 -0.00390714361278 -0.743982005884
1659006434.584936619 -0.146509075393 0.105954415012 0.0240387611526 -0.686880736564 0.00386708303994 -0.00431200987043 -0.72674707153
1659006434.685778141 -0.142593308817 0.109735919127 0.023207669047 -0.704187748006 0.00354011816662 -0.00367319745792 -0.709995486424
1659006434.786657572 -0.139458517698 0.112937779591 0.0211636477497 -0.721307629545 0.00353419685017 -0.00382919106451 -0.692595228332
1659006434.887539148 -0.132526999516 0.116797114586 0.0228581030095 -0.738713740677 0.00353912297536 -0.0033732991034 -0.67400156142
1659006434.988322258 -0.127882599155 0.117318704614 0.0228117552294 -0.75480869885 0.0031989319179 -0.00303569580077 -0.655930163604
1659006435.089125872 -0.123751871732 0.120886053595 0.0255653955769 -0.77302332642 0.00350616716929 -0.00303354150701 -0.634360655486
1659006435.190112114 -0.119107018731 0.117014097708 0.0232155814077 -0.789209150038 0.0040511361312 -0.00328235840856 -0.614102379018
1659006435.290920019 -0.113391717063 0.118392793405 0.0273768431406 -0.804594551316 0.00455544825403 -0.00278930217344 -0.593800535262
1659006435.391722441 -0.107536305481 0.121546715082 0.0297666123764 -0.818848357581 0.00427101181393 -0.00275661945131 -0.57398739254
1659006435.492662907 -0.0970518049896 0.122298723766 0.0265435089317 -0.833847752613 0.00472543927575 -0.00338180725007 -0.551963911017
1659006435.593489170 -0.0868479277278 0.12811273501 0.0197556725255 -0.847681883527 0.00412418457092 -0.00318601654745 -0.530479278332
1659006435.694360733 -0.0764280369724 0.131070645014 0.0164475006908 -0.861250808434 0.00402905058982 -0.00331794083693 -0.508153326262
1659006435.795206547 -0.0692305640642 0.130266741475 0.0158083017724 -0.872482228039 0.00395132940994 -0.00296859055325 -0.488620851194
1659006435.896119118 -0.0604930881371 0.128472334557 0.0177397569824 -0.885696272675 0.00452623545883 -0.00289854289921 -0.464234018799
1659006435.996935606 -0.0520891441221 0.124646337372 0.0198634712569 -0.897381063722 0.0038818360255 -0.00230326258293 -0.441233331474
1659006436.097808838 -0.0463816146736 0.121287496877 0.0190289595385 -0.909759130413 0.00433304697803 -0.00231385277485 -0.41510745045
1659006436.198644638 -0.042285564535 0.118101784464 0.0197940245701 -0.91966936535 0.00437830194744 -0.0020116788041 -0.39266403204
1659006436.299563169 -0.0388983476614 0.111901786867 0.0229194851798 -0.929452126341 0.00457244503242 -0.00208460837571 -0.368908514396
1659006436.400382757 -0.0346121746025 0.109711834343 0.0234140181274 -0.93865048342 0.00472938034505 -0.00195158642057 -0.344831979733
1659006436.501217842 -0.0298608263959 0.104949801886 0.0217992675447 -0.947202928127 0.00467837968042 -0.00197469810006 -0.320594488846
1659006436.602123499 -0.0270021037418 0.0986442882569 0.0226607525509 -0.955419147068 0.0041096102253 -0.00176987355434 -0.295218956144
1659006436.702956438 -0.0213353218726 0.0923277941501 0.0235470831306 -0.963140330246 0.00435132846817 -0.00139033657995 -0.268960660988
1659006436.803795338 -0.0181194253277 0.0872435671555 0.0229770576531 -0.970564701604 0.00435062765113 -0.0013061643995 -0.240797686811
1659006436.904663563 -0.0134652901421 0.0806080725898 0.0239172605186 -0.976704501788 0.00444559275238 -0.00102888503337 -0.214540192711
1659006437.005519867 -0.00939815271798 0.0714922230548 0.022536320695 -0.982156654518 0.00402445865892 -0.000992204619719 -0.188018949172
1659006437.106361866 -0.00834693577171 0.0592366640702 0.0202160559328 -0.986442505566 0.00427015188177 -0.00119208012409 -0.164047334513
1659006437.207272530 -0.00264694744204 0.0446890335015 0.0220529147893 -0.990440233099 0.0045724257922 -0.000873368229474 -0.137863972118
1659006437.308079720 -0.00149931368471 0.0341617119202 0.0218871641403 -0.993768234264 0.00494291651539 -0.00102973552403 -0.111351712105
1659006437.509772778 -0.0027749780204 -0.00552240812323 0.0214792672017 -0.998322905348 0.00464859390867 -0.00070175910124 -0.0576998679906
1659006437.610685825 -0.00521272078258 -0.0260279288763 0.0240090076013 -0.99952004132 0.00506669761444 -0.000390948889075 -0.0305591677524
1659006437.711528778 -0.00220299318189 -0.0427591308419 0.0224767497348 -0.99997122764 0.00516885949817 -0.000354520217512 -0.00554085732257
1659006437.812366247 -0.00166313659199 -0.0526357163849 0.0224857044144 -0.999780153944 0.00411676438709 -0.000231584652923 0.0205582683789
1659006437.913124561 0.00217515852564 -0.0572254703952 0.0208375261808 -0.999007926737 0.00415338066723 -0.000132939248863 0.0443384040394
1659006438.013979912 0.00520707360514 -0.056688490552 0.021588170416 -0.997581126539 0.00454393901317 2.78445057881 0.0693631644634
1659006438.114975929 0.0113359506665 -0.0589888807744 0.0222735232069 -0.995512209393 0.00424372868731 0.000499653810978 0.0945366704644
1659006438.215808868 0.0107306754898 -0.0675137315114 0.0208960099343 -0.99273361343 0.00393405206991 0.000264074488953 0.120268143183
1659006438.316680670 0.0133497532316 -0.076498310385 0.0202397139796 -0.988990741948 0.00419572016468 0.000459332750974 0.147917197399
1659006438.417516708 0.0138437547681 -0.0826967312355 0.0249486301885 -0.98491102556 0.00409545293279 0.000882367698086 0.173010752333
1659006438.518274307 0.0113517256975 -0.0863180109858 0.0253843570607 -0.980477459489 0.0040297827386 0.000903492992127 0.196588137957
1659006438.619169235 0.00770485978818 -0.085386314937 0.0252544563256 -0.976978874774 0.00448797057455 0.00104616967679 0.21328629092
1659006438.720006466 0.00264590314378 -0.0818322381688 0.0243056231019 -0.975842122607 0.0041719083518 0.000869044883522 0.218435326098
1659006438.820922136 0.00385952371111 -0.0757041955167 0.0224619154125 -0.976727955552 0.00458391641069 0.000659625475838 0.214431931969
1659006438.921712875 0.00242374675579 -0.07727972933 0.0215503108435 -0.977203661735 0.0038635991076 0.000883975389652 0.212267036254
1659006439.022654057 0.00205355159188 -0.0813994668138 0.023526917606 -0.976590203213 0.00365174933085 0.000878859520391 0.215075492144
1659006439.123494148 0.00191108128674 -0.0843011114938 0.0249224471874 -0.976547123421 0.00386332810535 0.000563602273384 0.215268373864
1659006439.224351406 0.000973818203583 -0.081840400083 0.0240686096342 -0.976805246383 0.00388614900341 0.000837364753438 0.214092753976
1659006439.325099707 0.000917055054642 -0.0806559595577 0.0219218809749 -0.976750534227 0.00320780316408 0.000690182690049 0.214353977184
1659006439.426065922 0.00452016160694 -0.0841083824532 0.0198921115548 -0.976622482094 0.00383951018857 0.000591780694734 0.214926581477
1659006439.526937962 0.00398153193395 -0.0842105057473 0.0212397966313 -0.976737873808 0.00402395377556 0.000644307884166 0.214398037612
1659006439.627789021 0.0038471187466 -0.0846717054394 0.0200330469597 -0.976664543974 0.0043040304212 0.000686714338372 0.214726272938
1659006439.728583813 0.00358959484116 -0.0819803687465 0.0191693199541 -0.976581589209 0.0039471729166 0.000558873952736 0.215110453266
1659006439.829502583 0.00410501048728 -0.0822094598987 0.0223173580657 -0.976644016673 0.00383488962947 0.000729836564653 0.214828363251
1659006439.930373192 0.00312236738937 -0.0838766981377 0.0205465281875 -0.976580208106 0.00370793923931 0.000644333402819 0.215120740879
1659006440.031240225 0.00177609699294 -0.0819925124177 0.0222788492243 -0.976528979088 0.00370143856427 0.000844964235218 0.21535259086
1659006440.132109165 0.000933115827463 -0.079618597567 0.0213973338916 -0.976581327847 0.00378673199089 0.000595084892388 0.21511442684
1659006440.232947588 0.000419425453715 -0.0793931077164 0.0239410959149 -0.976574360951 0.00417382163424 0.000807116007671 0.21513820049
