1659006445.477560520 0.000714214914572 0.00212200527506 0.00623568771355 0.999999790981 0.000630955466935 -0.000117606984158 -7.81153049909
1659006445.578443050 -0.000948532728598 0.00336957935229 0.00669931258357 0.999999928826 0.000177377689336 -0.000332608569647 -1.59946878003
1659006445.679298401 -0.00133733446126 0.0017028494822 0.00816648974507 0.999999812465 -0.000320971094608 -0.000429450824873 -0.000296005650311
1659006445.780149698 0.000263752401903 -0.0018263254846 0.00674051119344 0.999999549134 -0.000906734124811 -4.19651876927 -0.000278935175111
1659006445.881000757 -0.00299637525106 -0.00223185264272 0.0073102218889 0.999999473417 -0.000865909241418 -0.000401389957911 -0.00037716567588
1659006446.082703114 0.0043649213304 -0.00805872871127 0.00222837064872 0.999988375377 0.000331117357386 0.000321227752975 0.00479961309129
1659006446.183514595 0.00727583146451 -0.00772007724079 0.00536700042526 0.99993481619 -0.000242970308539 0.000251780011284 0.0114123154666
1659006446.284378290 0.00457539931362 -0.00634987634987 0.00670871418751 0.999845927399 4.22233171218 0.000640975723128 0.0175416313772
1659006446.385221481 0.00656282298775 -0.00568975575575 0.00289080664304 0.999689384557 0.000722866853766 0.000555975904581 0.024905877977
1659006446.486142397 0.0107876823269 -0.00582100198771 0.002992854172 0.999428717253 0.000213393214343 0.000127538839617 0.0337961140804
1659006446.586794138 0.0105212814544 -0.00454018127295 0.00186055232463 0.999092636128 -8.0721297052 0.000361045897303 0.0425883500962
1659006446.687705755 0.0072277579556 -0.00191763255521 0.00105425007159 0.998747000994 -0.000268254000539 0.000351107293786 0.0500423097938
1659006446.788615704 0.00571005068559 -0.000310712946601 0.00177409675193 0.998398215702 -0.000497480971153 0.000435168202331 0.0565735452639
1659006446.889544487 0.00661855535866 0.00278015456158 0.00695183119358 0.997970378091 -0.000760637628743 0.000144354521916 0.0636751524927
1659006446.990375519 0.00603474634861 0.00360238489663 0.00965818679519 0.997372561604 -0.000617822618714 5.09211672692 0.072440244763
1659006447.091219425 0.00651045503126 0.00506851699579 0.0107145293952 0.996712556922 -0.000759814893958 -0.000117690126153 0.08101535474
1659006447.192075014 0.00454527391076 0.00820664927922 0.0146713698284 0.996079079996 -0.00137791717441 -0.000490155101897 0.0884552287162
1659006447.292875290 0.0042134936146 0.0135226247652 0.0152846739 0.995543103287 -0.0013565332277 -0.0006428463958 0.0942956842295
1659006447.393839359 0.00363700564552 0.0168321155312 0.0140145905351 0.994919572546 -0.00129558812426 -0.000589280738049 0.100662894676
1659006447.494609356 0.00266602999757 0.0170211263811 0.0103951444928 0.994121595289 -0.00112778369692 -0.000152641199518 0.10826337601
1659006447.595530987 0.00235341607129 0.0209655008735 0.00869842709981 0.993158219162 -0.000455827647418 7.26928826828 0.116775590976
1659006447.696357250 0.00226379648764 0.0223410313952 0.0125551089704 0.992108218301 -0.000998257073632 -0.000349457645307 0.125380080325
1659006447.797208309 0.00100970299217 0.0229935806087 0.01311368109 0.990895351826 -0.00160571343791 -0.000226004940638 0.134624560673
1659006447.897932529 -0.000236967130607 0.0268581489274 0.0136557736841 0.989525285566 -0.00138903728467 -0.000637391039509 0.144351562282
1659006447.998937607 -0.00144186599119 0.0291837188628 0.0125473689292 0.988140984638 -0.00206199559939 -0.000427247631193 0.153534882397
1659006448.099811077 -0.00580313000944 0.0328624474268 0.0144448934262 0.986924207986 -0.00225373891642 -0.00059005294732 0.161168173623
1659006448.200670481 -0.00747156093035 0.0353364361839 0.0136855841947 0.985797771466 -0.00146487435626 -0.00022172944669 0.167930219887
1659006448.301459789 -0.00888374666087 0.0340891634968 0.00855038899996 0.984281869557 -0.0020222648017 -7.41909697131 0.176593067959
1659006448.402372837 -0.00794613485068 0.0349882967333 0.00907129294603 0.982442158931 -0.0017771689771 0.000109304676522 0.186558929236
1659006448.503255844 -0.00922025959976 0.0348433219666 0.0103027342941 0.980488295181 -0.00198082300537 7.30209080549 0.196567479561
1659006448.604172707 -0.0109292203105 0.0406300601646 0.00979557286892 0.978808838268 -0.00218823837299 -0.000129417709177 0.204764384091
1659006448.704948902 -0.0122673938966 0.0442613062222 0.00965474722024 0.977016517241 -0.002579718331 -2.38580527212 0.213148000428
1659006448.805845737 -0.0146342182562 0.047409519341 0.00999715861199 0.974656364155 -0.00165040435787 -0.000409014424615 0.223700873234
1659006448.906684875 -0.0169072847272 0.0508786886108 0.00802787345709 0.971873637888 -0.00216409423985 0.000181315820609 0.23549292091
1659006449.007456303 -0.0180706123013 0.0567004079134 0.00572936296947 0.968873530169 -0.00164774697794 0.000312185501042 0.247550540312
1659006449.108380795 -0.0195896138336 0.0606869405792 0.00735484603105 0.965513206605 -0.0018171629316 -7.50460892441 0.260347729313
1659006449.209220409 -0.0210361903407 0.0653841429507 0.0102853484572 0.962364977985 -0.00266203277468 -0.000312000311275 0.271747061412
1659006449.310090065 -0.0233081860428 0.0707851221121 0.0116138680187 0.959435344032 -0.00218390833454 -0.000135122685483 0.28192025984
1659006449.411023617 -0.0238208524902 0.0747542704061 0.0124439258852 0.956359938488 -0.00274846546869 -0.000233504662827 0.292178129687
1659006449.511832714 -0.0283395628497 0.0791159532542 0.0112102188502 0.952883924632 -0.00234712194744 4.47921177157 0.303326087224
1659006449.612506390 -0.032958351259 0.0847530402828 0.0113310965117 0.949285101704 -0.00192524567664 -0.000131141129507 0.314410673982
1659006449.713509083 -0.0348905691501 0.0870091026514 0.0116100258486 0.945420307664 -0.00201402652701 -0.000144945983469 0.32584714905
1659006449.814444065 -0.0407001723707 0.0921637252857 0.0135409863948 0.941156204267 -0.00273083257001 6.76028107319 0.337960851509
1659006449.915231228 -0.041790248271 0.094258976443 0.0186561443995 0.936844322716 -0.0031373109345 -0.000676940166727 0.349731917369
1659006450.015973806 -0.0445823446391 0.0991245200168 0.0174039945677 0.931813627045 -0.00300278374694 -0.000405879797458 0.362924486642
1659006450.116950989 -0.0505553638651 0.101161122273 0.0129077061135 0.926775360563 -0.00253996790803 4.32635399711 0.375607480752
1659006450.217752457 -0.0539817230871 0.102810320155 0.0124445698977 0.921822649269 -0.00308045247413 -7.26307736825 0.387599675995
1659006450.318676949 -0.0597025207839 0.107651971213 0.015111024654 0.91638092193 -0.00305158464176 -0.000175196481275 0.400295719512
1659006450.419564009 -0.0642602851198 0.109643471789 0.0155547662373 0.910504202114 -0.00284921508695 -0.000574860091569 0.413489600162
1659006450.520411253 -0.0681726793039 0.114651365745 0.0137531677672 0.904482190783 -0.00302504474594 5.19195013549 0.426500659981
1659006450.621219397 -0.0719793612967 0.117881387791 0.0138052326461 0.898904922663 -0.00251920652259 -7.22755093287 0.438136495154
1659006450.722106457 -0.0740695888451 0.117199656867 0.0122002868371 0.893961911984 -0.00221823510917 -8.8428988456 0.448137447147
1659006450.822942257 -0.0790700194041 0.119811047912 0.0108229761126 0.888199788287 -0.00287537811558 0.000435599073583 0.45944823271
1659006450.923827171 -0.0872190909575 0.121456191697 0.00410534590561 0.881718608428 -0.002793412431 0.000574675151857 0.47176706344
1659006451.024675369 -0.0899382778947 0.123548460488 0.00519594851337 0.875445209371 -0.00264811586567 0.000949802988076 0.483309187526
1659006451.125520468 -0.0938946683181 0.123664029828 0.00922153591835 0.869180609831 -0.00279884259317 0.000912292759103 0.494485997473
1659006451.226376057 -0.0983617660734 0.12441128876 0.00994537671723 0.861888122641 -0.00198304154662 0.000545272260816 0.50709430511
1659006451.327183723 -0.101719951359 0.12460104972 0.00961045232822 0.853910105373 -0.00288786532398 0.00101057799562 0.520411539945
1659006451.428148270 -0.107360620466 0.125070683365 0.0082634195259 0.845199842976 -0.00350571130365 0.00101907521151 0.534437926149
1659006451.528954506 -0.108141102042 0.128199822425 0.00847452919887 0.837386884671 -0.00232846997833 0.000761924228595 0.546605161959
1659006451.629801512 -0.111123597609 0.129711469793 0.0120624008601 0.830117227013 -0.0026044249498 0.000839897562702 0.55758219211
1659006451.730610132 -0.115724197779 0.130598971179 0.00481707091786 0.823097741471 -0.00316050044274 0.00133151780087 0.567889378561
1659006451.831540108 -0.118550315385 0.130905179862 0.00484239511579 0.816177934848 -0.00287035567413 0.00110731213835 0.577792448537
1659006451.932456017 -0.124673006526 0.131132629148 0.00308784320398 0.807987384827 -0.00326693344087 0.00126881782647 0.589189361078
1659006452.033262730 -0.127961110176 0.129937677896 0.00764543749057 0.799366910037 -0.00371953468098 0.00137699914782 0.600830102502
1659006452.134072781 -0.130944077642 0.13254934348 0.00947373068264 0.791937090496 -0.00325537370275 0.00102193171384 0.610593156606
1659006452.234948158 -0.133389861447 0.131636610582 0.00839811839395 0.784400039033 -0.00363300260487 0.00112988930255 0.620243583931
1659006452.335821629 -0.137085060216 0.135347917184 0.010891633886 0.776048047784 -0.00409490664365 0.00139375271345 0.630658954367
1659006452.436859131 -0.141699006815 0.136993401007 0.00974022501896 0.768115670935 -0.0038467408259 0.00136773242082 0.640298093045
1659006452.537454605 -0.142491446157 0.13504839567 0.0114015081347 0.760615295284 -0.0044046637367 0.0017292351412 0.64918562928
1659006452.638399124 -0.14540950955 0.133836303145 0.0121285771133 0.75387300605 -0.0039371687734 0.00144844320514 0.657006766681
1659006452.739217520 -0.14771885123 0.133014091911 0.015323822903 0.747551297874 -0.00473336428724 0.00141675658516 0.664185700772
1659006452.839940071 -0.152858508903 0.133672044644 0.0166010438483 0.739940678907 -0.00459325232147 0.00145476478253 0.672654872421
1659006452.940981865 -0.155754776934 0.134081092755 0.0162045762144 0.73132973308 -0.00424865338592 0.00131055939301 0.682009569502
1659006453.041745186 -0.157992969826 0.136802937824 0.01461789991 0.723344564524 -0.00363874067857 0.00160415737994 0.690475797707
1659006453.142723083 -0.16113726047 0.136470585677 0.014597724586 0.717386503712 -0.00366247569343 0.00155714917279 0.696664026522
1659006453.243358374 -0.167099579784 0.135241019076 0.0151711246729 0.709147307971 -0.00338316331745 0.00155793723106 0.705050510698
1659006453.344395399 -0.16820800336 0.134561645027 0.0160978006148 0.700728002915 -0.00391745306693 0.001656652314 0.713415849975
1659006453.445215225 -0.168793239026 0.133504602124 0.0157246858141 0.695327206182 -0.00369484165716 0.00158042500141 0.718682076265
1659006453.546104908 -0.165876707415 0.132623160989 0.0155295102094 0.692851092305 -0.00320631130188 0.00153847389462 0.721071921903
1659006453.646946430 -0.170005336385 0.130080510767 0.0179684905005 0.689271972657 -0.00413725345592 0.00157071951312 0.724489174304
1659006453.747806072 -0.171101242441 0.129397682404 0.0168417646788 0.684031658249 -0.00444706860993 0.00167210934777 0.729436850004
1659006453.848742247 -0.172596788671 0.129842573755 0.0185194014896 0.68011856345 -0.0035817354694 0.0015975892682 0.733091644019
1659006453.949493885 -0.174557985509 0.130437671137 0.0171929210407 0.676596646331 -0.00379823373392 0.00145194053808 0.736342612826
1659006454.050372362 -0.178074084674 0.131458017649 0.0148500345721 0.671812672149 -0.00361216058332 0.00166193969005 0.740710418309
1659006454.151253223 -0.18186288549 0.129031780785 0.0179036449378 0.664158806217 -0.00366092355089 0.00172260810485 0.747580571166
1659006454.252110004 -0.179994601746 0.12773407077 0.016030056673 0.658170838205 -0.00366000575881 0.00170896007787 0.752857776442
1659006454.352992058 -0.177681315291 0.129464410064 0.0168852866058 0.656737310182 -0.00396301728535 0.00200264353647 0.75410635147
1659006454.453795910 -0.179104690519 0.130579892128 0.0164230331171 0.653885046084 -0.00379268542215 0.00223163481699 0.756581113861
1659006454.554658651 -0.183284601184 0.13233360924 0.0155821264402 0.6486111742 -0.00421048506743 0.0018951053006 0.761105922388
1659006454.655545235 -0.187054725906 0.13538285979 0.0129867124782 0.641818168822 -0.00377950424521 0.00195841843949 0.766845041788
1659006454.756394386 -0.188993749365 0.134418871945 0.0128818127369 0.635354196609 -0.00316738369902 0.00167179963374 0.772212546918
1659006454.857243061 -0.192137553899 0.133407321888 0.0106917213589 0.628896730621 -0.00331996885335 0.00225656293025 0.777478480696
1659006454.958132267 -0.19323299216 0.131425625008 0.00969322790732 0.623582009751 -0.00288701876204 0.00196392031627 0.781750142472
1659006455.059172630 -0.197406034397 0.1306501956 0.012945146038 0.618252857587 -0.0032994640362 0.00222077468948 0.785969201548
1659006455.159795523 -0.199990276446 0.126412578489 0.0148996079705 0.613618327724 -0.00332157974019 0.00200333726659 0.789593250749
1659006455.260654926 -0.201644974863 0.129077735191 0.0137240913659 0.607007924368 -0.00334786230711 0.00263517147117 0.794684357115
1659006455.361545563 -0.204387288753 0.128688729236 0.0183728134313 0.599311872992 -0.00376748781221 0.0020765728728 0.800504074176
1659006455.462377548 -0.205157185438 0.127112003015 0.0190386579143 0.591979978905 -0.00355993935314 0.00237709890723 0.805941301093
1659006455.563245773 -0.202838150842 0.128142295218 0.0203647644156 0.586469628242 -0.00363263843882 0.00226234900617 0.809959913122
1659006455.664102793 -0.204802480423 0.128388891582 0.0208761825707 0.581856635135 -0.00417777711021 0.00258922343866 0.813276520164
1659006455.764949560 -0.206932054761 0.126336495417 0.0219103004027 0.576845256515 -0.00387492323263 0.00208642349549 0.816841589198
1659006455.865693092 -0.208259126487 0.125230099781 0.0224671003327 0.571759708475 -0.00373238930081 0.00266323148134 0.820408320431
1659006455.966586828 -0.209852302035 0.126232420851 0.0215131993529 0.566513154344 -0.00393395168328 0.00222954403578 0.824040289739
1659006456.067546368 -0.212027074214 0.123349475326 0.0223977011679 0.561439915075 -0.00392492700519 0.00258750521798 0.827504151968
1659006456.168289185 -0.212191954643 0.123188202201 0.0250149398723 0.555196172322 -0.00415546396281 0.00272936783165 0.831704570691
1659006456.269452095 -0.212275428215 0.121053737023 0.0240316012524 0.548780251715 -0.00420215261121 0.00287824450757 0.835951130719
1659006456.370112419 -0.216377367176 0.120339567717 0.0202497870978 0.542112307206 -0.00378244876829 0.00308270894923 0.840291875697
1659006456.471001625 -0.219819443234 0.119780562605 0.0197946010475 0.53476966787 -0.00387188544894 0.00269860837893 0.844984691188
1659006456.571889877 -0.221267572239 0.116324333732 0.0214718696829 0.528232850844 -0.00402286068418 0.0032665221044 0.849083742463
1659006456.672580719 -0.223624545956 0.114230637929 0.022892549788 0.522994671054 -0.0041420992172 0.00316827082709 0.852319998077
1659006456.773555279 -0.224773600516 0.115990781026 0.0214205102613 0.517795399605 -0.00378928813003 0.00273592453421 0.855491718347
1659006456.875390530 -0.227201341491 0.116352547261 0.0247041530289 0.511114313378 -0.00413848560675 0.00282477773551 0.859498139746
1659006456.975260973 -0.23190126886 0.119360970073 0.0204405365017 0.502802789617 -0.00378143665595 0.00290694234822 0.864387994581
1659006457.076140404 -0.234625386082 0.11926655617 0.018430421098 0.493881868357 -0.0036644929943 0.00254416799915 0.869517566705
1659006457.176969051 -0.236116277467 0.115363740983 0.019150182492 0.485430044822 -0.00396507371302 0.00244024155798 0.874263115427
1659006457.277829409 -0.239052366444 0.113464512166 0.0209274543431 0.477648853134 -0.004059914625 0.00258077778708 0.878537665543
1659006457.378675938 -0.24163841503 0.110917333401 0.0191179269263 0.469419202354 -0.00403002173053 0.00297679567545 0.882961216631
1659006457.479983091 -0.244799465388 0.105403128152 0.0184723305624 0.460640099955 -0.00395562818087 0.00310134303013 0.887572776166
1659006457.580424786 -0.245885070472 0.104034255629 0.0168871327797 0.452345075447 -0.00384946052705 0.00277795979429 0.891830363529
1659006457.681220055 -0.247239610997 0.102090079439 0.0168326489192 0.444460188129 -0.00427143175328 0.0028685549399 0.895783828517
1659006457.782080650 -0.24957207258 0.10071804651 0.0186205275674 0.435120521969 -0.00391598784996 0.00315736150604 0.900358166214
1659006457.882941484 -0.252848801705 0.0982268430594 0.0168978991542 0.42590704379 -0.0034140696611 0.00275641868252 0.904756285601
1659006457.983802080 -0.253164152259 0.0973536217425 0.0201511540257 0.41803761272 -0.00379127926685 0.00294629960484 0.908417029712
1659006458.084637642 -0.255974084479 0.0949947335394 0.0202468907861 0.410632636293 -0.00355727015361 0.00291598072273 0.911789274392
1659006458.185563564 -0.257970649533 0.0937181194008 0.0208024604254 0.401203482041 -0.00367904644876 0.00338552446391 0.915975310169
1659006458.286408901 -0.257786290784 0.0925420605698 0.021256738696 0.391778262168 -0.00362810291351 0.00267467026414 0.920048627139
1659006458.387158632 -0.258700951408 0.0882440432128 0.0195129793279 0.383614387508 -0.00328449373059 0.0029450520324 0.923482831712
1659006458.488112211 -0.259761131354 0.0857687877812 0.0196728263678 0.374927318332 -0.00335397261734 0.00281496941504 0.927043867777
1659006458.588951826 -0.262265252601 0.0862938561639 0.0191316526532 0.365174948311 -0.00287524735622 0.00222811842364 0.930931805003
1659006458.689888477 -0.262332728071 0.0813508020802 0.0197852256394 0.355616297176 -0.0031651471732 0.00286801675554 0.93462227959
1659006458.791207790 -0.261026566822 0.0785063126672 0.0198431353887 0.347656788245 -0.00334287003367 0.00284464020239 0.937611588468
1659006458.891455650 -0.262580959184 0.0746893132987 0.0206977116514 0.340350051334 -0.00357929565315 0.0030344091138 0.940287096349
1659006458.992389917 -0.265350608326 0.0740165393056 0.0220233198526 0.331088974714 -0.00347301614219 0.00330032644118 0.943587376361
1659006459.093123913 -0.265833510492 0.0737949776171 0.0205912455933 0.321726191352 -0.00283166796876 0.00223253167343 0.94682588434
1659006459.194088936 -0.264608390341 0.0678054041953 0.0211835314136 0.313911789667 -0.0031018322349 0.00301152283053 0.949442308766
1659006459.294999123 -0.262739299275 0.0645006464251 0.0222554527652 0.308820560075 -0.00324414108369 0.00261969240681 0.951111178798
1659006459.395813942 -0.262718721225 0.0638831434724 0.0215425907485 0.302213262016 -0.00304289578073 0.00238932454074 0.953232487998
1659006459.496683598 -0.262505854519 0.0593964980876 0.0189800767337 0.294052101769 -0.00325501365083 0.00329364079026 0.955778174192
1659006459.597517490 -0.26271361218 0.0556119301654 0.0164720055753 0.287424377429 -0.00281524763348 0.00299346078681 0.957794519108
1659006459.698252439 -0.264880407907 0.0503816276791 0.0196513582171 0.281464938885 -0.0030566864409 0.0032758462417 0.959561052606
1659006459.799255371 -0.262943972416 0.0478110054106 0.0194135154975 0.274386568601 -0.00308803489992 0.00398244924601 0.961606268236
1659006459.899963856 -0.26146327824 0.047530610238 0.0248589808563 0.266501110583 -0.00284740641298 0.00341403217024 0.963824358853
1659006460.000950098 -0.259784639262 0.0503878913338 0.0263031524204 0.257613338782 -0.0037273414611 0.00400283890346 0.966232607547
1659006460.101790905 -0.259127231615 0.0504436412771 0.0251221940797 0.250105548154 -0.00329593041372 0.00329563459593 0.968207359205
1659006460.202667713 -0.259889045928 0.053346611663 0.022865215962 0.244516336354 -0.00293521599502 0.00277635502705 0.9696367555
1659006460.303498745 -0.26177740389 0.0510947561995 0.0217377660756 0.238406172749 -0.00293885539497 0.00349927064733 0.971154784279
1659006460.404394388 -0.263263656045 0.0488660758504 0.0208397406371 0.230672752623 -0.0028802495565 0.00294763521738 0.973022659965
1659006460.505234480 -0.264817108972 0.0460050876825 0.0218421849469 0.222979574932 -0.00310304025346 0.00353582415493 0.974811765548
1659006460.606088638 -0.266295046426 0.0429641960491 0.0220732157989 0.216531864721 -0.00288742157581 0.00318894942845 0.97626607283
1659006460.706993103 -0.265595280156 0.0394118201318 0.0214928328048 0.210016219958 -0.00301881835069 0.0037777899448 0.977685942618
1659006460.807716846 -0.266869964669 0.0379052832231 0.0215231607013 0.2037419144 -0.0030579331651 0.00405833494413 0.979011445939
1659006460.908684731 -0.269856008889 0.0348414961601 0.0244305862896 0.194817034387 -0.00338280120768 0.00406684386748 0.980825336413
1659006461.009418011 -0.27006137245 0.0334407540913 0.0281825232394 0.18652146474 -0.00366988480651 0.00403032877829 0.982435764611
1659006461.110438347 -0.271056912946 0.0310646240469 0.0272880120717 0.180084281532 -0.00359266603618 0.00461116098635 0.983633814735
1659006461.211271286 -0.273014897723 0.0316357673578 0.0255631741435 0.174260107279 -0.00323018493269 0.00382330525727 0.984686936672
1659006461.312137604 -0.274512526127 0.0295334509157 0.0208662975621 0.167372797835 -0.00312035460733 0.00419343599845 0.985879822811
1659006461.412998199 -0.271086497583 0.0262289737121 0.024984050185 0.158161322307 -0.00336557584044 0.00364985109075 0.987400803935
1659006461.513787746 -0.272945209096 0.0256092427778 0.0291836191731 0.149655063256 -0.00336464765796 0.0034583879483 0.988726494406
1659006461.614702702 -0.274223873602 0.019586493032 0.0296818398809 0.141928201141 -0.00350307339403 0.00439234005648 0.989861011227
1659006461.715588570 -0.271986291406 0.0173076529203 0.0298906011153 0.134836445547 -0.00388140155384 0.00439624697074 0.990850513794
1659006461.816300154 -0.271360337841 0.0133957702088 0.0285921197311 0.128368219119 -0.00381950912369 0.00476728961687 0.991707761702
1659006461.917271614 -0.271006386791 0.009699458585 0.0274837541444 0.118729385667 -0.00323298163896 0.00443637367005 0.992911476113
1659006462.018026352 -0.269783126025 0.00811979825429 0.0314932042826 0.107964236794 -0.00359581115795 0.00428251955545 0.994139051512
1659006462.118956089 -0.265145174778 0.0070707062678 0.0296137206571 0.0987271688056 -0.00328263552008 0.00403041893405 0.995100962801
1659006462.219824791 -0.261715052065 0.000422427501258 0.0293548847984 0.0879369688672 -0.00351825877211 0.0045150535138 0.996109595202
1659006462.320818424 -0.258265703689 -0.00449798384706 0.0285013347878 0.0755289430353 -0.00404047138425 0.00485101420718 0.997123623738
1659006462.421528339 -0.25963396528 -0.00983007080092 0.0327241122895 0.0638556248325 -0.00428000973914 0.00503795014641 0.997937252412
1659006462.522435665 -0.261469833536 -0.0140190539196 0.0330997462748 0.0543331895806 -0.00439691501194 0.00533922532054 0.998498905518
1659006462.623291492 -0.264909682787 -0.0163774220828 0.0375966915118 0.0429219575872 -0.00455922061308 0.00538404156381 0.999053517666
1659006462.723968983 -0.267519286909 -0.0196307382287 0.0354457554091 0.031215124367 -0.00390575594973 0.00458475180332 0.999494542823
1659006462.825008392 -0.269677419327 -0.0249993580395 0.0301401255611 0.0197321637654 -0.00353106343195 0.00471447771287 0.99978795102
1659006462.925862789 -0.268980110033 -0.0302412934574 0.0343350446354 0.00881194218138 -0.00391497716763 0.00432466868729 0.999944158376
1659006463.026735783 -0.267531194633 -0.0312203085805 0.0353102897209 -0.00221582149759 -0.00348099685614 0.00441868855511 0.999981723827
1659006463.127408028 -0.269354671177 -0.0342219712589 0.0346015232411 -0.0124450451082 -0.00355894969516 0.00521493052303 0.999902624873
1659006463.228465557 -0.270037154195 -0.0373861795338 0.0358214377726 -0.023143262433 -0.0032382232566 0.00467552760949 0.999715981044
1659006463.329343796 -0.269076089367 -0.0405526855115 0.0374910296224 -0.0341527125387 -0.0029550128957 0.0042375663481 0.999403273537
1659006463.430116653 -0.267356104408 -0.0423334080654 0.0395372760093 -0.0443336671452 -0.00314931771576 0.00482298808995 0.999000173444
1659006463.530859470 -0.264959130724 -0.0456300571025 0.03940254588 -0.0541567852348 -0.0026474596417 0.00424356904526 0.998519917524
1659006463.631810665 -0.261216767554 -0.0498206349058 0.038888944943 -0.0655440320757 -0.00290050920263 0.00445098160872 0.997835535381
1659006463.732604980 -0.257460897851 -0.0547422410021 0.0385202935288 -0.0771600072677 -0.00283593879033 0.00499938244956 0.997002154915
1659006463.833590031 -0.256148359956 -0.0584120737661 0.0392227270847 -0.0877144982927 -0.00301375037821 0.00480482791456 0.996129508511
1659006463.934371710 -0.251908800287 -0.0651000976638 0.0361440125649 -0.0995809635533 -0.0023880641481 0.00457817773594 0.995016064763
1659006464.035311937 -0.250238648021 -0.0663681515719 0.0365153821504 -0.112014227589 -0.00282200316643 0.00433255933985 0.99369315085
1659006464.136417866 -0.252178587283 -0.0718713772983 0.0370879917075 -0.122295219962 -0.00267134037381 0.00472432347096 0.992478928684
1659006464.236941338 -0.248906402185 -0.0744040568177 0.0377531458805 -0.134728974135 -0.00287068830257 0.00521496391593 0.9908646057
1659006464.337823391 -0.247976997521 -0.0794607299226 0.0386922736543 -0.148089608688 -0.002596521096 0.0044300456725 0.98896061629
1659006464.438697815 -0.24836829058 -0.0835390543182 0.0400992163402 -0.162104179018 -0.00263410618547 0.00438582331839 0.986760386914
1659006464.539530277 -0.246091625226 -0.0873992523357 0.0399031290339 -0.176171065434 -0.00223811303052 0.00410871576649 0.984348446948
1659006464.640408516 -0.243992109041 -0.0930498574071 0.0403621219978 -0.189732810373 -0.00230289080935 0.00472063817555 0.98182171138
1659006464.741230011 -0.243277223876 -0.0937809138342 0.0360762090524 -0.201790273364 -0.0021718495387 0.00506432166592 0.979413253581
1659006464.841996670 -0.242420509233 -0.0966753350698 0.0388433476587 -0.213979637998 -0.0024435030529 0.00470283935297 0.976823744141
1659006464.942983627 -0.242180029264 -0.0997950104329 0.0379940263029 -0.22687140607 -0.00214660314212 0.00437515217499 0.973912529566
1659006465.043799877 -0.23909909125 -0.107357706668 0.0324150713661 -0.23991151115 -0.00184152693301 0.00471440333178 0.970781566573
1659006465.144673347 -0.235440319167 -0.111489270267 0.0322518870156 -0.253498349792 -0.0017826531939 0.00472029333467 0.967322659525
1659006465.245565891 -0.236117136836 -0.110896848027 0.0329130987252 -0.266531799448 -0.00184713369025 0.00388227388775 0.963816536447
1659006465.346396446 -0.234254761763 -0.113279824983 0.0349235559591 -0.278758744159 -0.00169166337419 0.0044381211662 0.960349417613
1659006465.447261572 -0.229423136687 -0.117358008569 0.0315945192649 -0.292228664385 -0.00159678037286 0.00460333071065 0.956336064023
1659006465.548114300 -0.224734423624 -0.119926342906 0.0327392420913 -0.305566358163 -0.00135548272109 0.00446968913081 0.952159327689
1659006465.649002552 -0.221013349323 -0.12116253997 0.034839548778 -0.317766138622 -0.00191710075648 0.00359274724022 0.948160375695
1659006465.749809504 -0.220029337989 -0.125362879479 0.0343732556276 -0.32992690937 -0.00181887212229 0.00398443266839 0.9439963191
1659006465.850701571 -0.217711300954 -0.12772710314 0.0351846936094 -0.342890656366 -0.00134600405275 0.00425674248043 0.939364714152
1659006465.951562643 -0.214364352527 -0.130085198829 0.0341021269189 -0.355600677095 -0.00172108506804 0.00374918119772 0.934628878195
1659006466.052415371 -0.210440597524 -0.132760991997 0.0349698952164 -0.368857337934 -0.00179952810027 0.00320150939991 0.929478765916
1659006466.153277397 -0.210776973981 -0.135350109723 0.0373179512842 -0.380944197708 -0.00168660106933 0.00403421611556 0.924587691195
1659006466.254104137 -0.210148972012 -0.138602398791 0.0365826761138 -0.392614509337 -0.00166250177269 0.00349160114748 0.919694999371
1659006466.354979515 -0.207058654062 -0.141661743083 0.0378288751792 -0.405899589062 -0.00148502994606 0.00379489444889 0.913908593384
1659006466.455815315 -0.203180363917 -0.145997735142 0.0404661713819 -0.418909853743 -0.00143164148612 0.00445600788583 0.908015764639
1659006466.556688786 -0.200217406258 -0.147778260612 0.0398000549336 -0.431330622783 -0.00106435692562 0.00441998011099 0.902182478643
1659006466.657497883 -0.196736903974 -0.148135141207 0.0395597240955 -0.443088138513 -0.00106324972003 0.00471106422286 0.896465044987
1659006466.758346081 -0.192488105077 -0.148717815095 0.0380389122031 -0.454182859825 -0.00119886321474 0.00335655597711 0.890901355987
1659006466.859192610 -0.189721425094 -0.148696439186 0.0384980439485 -0.467900156036 -0.00106687766972 0.00321372600919 0.883774845602
1659006466.960013866 -0.186134959588 -0.149288635962 0.0396762886064 -0.48031617702 -0.00105940020695 0.00386515439633 0.877086260493
1659006467.060991764 -0.187483901319 -0.147432800241 0.0389415495101 -0.490829376571 -0.000566084890894 0.00360560758926 0.871248071583
1659006467.161873579 -0.182636291477 -0.14898273261 0.0391734891219 -0.502725629971 -0.000531518461225 0.00384282317432 0.864437326339
1659006467.265361071 -0.177505643386 -0.148628389092 0.0350013924128 -0.514829102777 -0.000795067008314 0.00295841001982 0.857287355915
1659006467.363492489 -0.175989684541 -0.149500879697 0.0333217735083 -0.5263378776 -0.000571407560305 0.00334624188565 0.850268730909
1659006467.464379072 -0.172976012397 -0.154211341128 0.0347402167518 -0.537952329355 -0.000203442724405 0.00411474791186 0.842965194301
1659006467.565287828 -0.168964784652 -0.155622134854 0.0368018038273 -0.548449209775 -9.26594665121 0.00383517251222 0.836175069686
1659006467.666150570 -0.165978211331 -0.154919093019 0.0383333181613 -0.559127161884 -0.000419440337591 0.00394289408511 0.829072430189
1659006467.767033339 -0.161992494636 -0.155800875969 0.0346554868252 -0.570834338881 -0.000555646533709 0.00367771314569 0.821056833135
1659006467.867818356 -0.159858305492 -0.157437701317 0.0332115579168 -0.582255118279 -0.000183360345182 0.00369444835024 0.812997721195
1659006467.968707800 -0.157459631424 -0.157939000196 0.0287500554445 -0.592787842245 9.98305391924 0.0034492327573 0.805351269269
1659006468.069538593 -0.153076472317 -0.157900944552 0.0346996258016 -0.604099010936 -0.000150124738821 0.00390215118898 0.796899702387
1659006468.170396805 -0.148182178766 -0.156661054783 0.0391445776193 -0.615983750058 -0.000301114788525 0.00372641515718 0.787749987512
1659006468.271296978 -0.144064877724 -0.15569625374 0.0391687652637 -0.62889672296 -0.000165833765966 0.00368241640685 0.777480111745
1659006468.372086048 -0.140324673447 -0.151657005698 0.0368860637797 -0.641180804421 -1.41723944896 0.00374895988536 0.767380688538
1659006468.472960949 -0.136972915167 -0.148661567902 0.0373041581003 -0.652388461413 -9.23739718837 0.00368658777929 0.757875778708
1659006468.573809624 -0.134729847651 -0.147818091728 0.0321875455451 -0.663818268373 0.000305087173387 0.00381361815841 0.7478841286
1659006468.674700022 -0.131249066668 -0.147286058438 0.0332059732446 -0.67517373089 0.000477289468133 0.00374372601112 0.737649096676
1659006468.775555134 -0.128019384649 -0.145779523089 0.030765358684 -0.687042623441 0.00021671467282 0.00330610317195 0.726609562483
1659006468.876349449 -0.126559708966 -0.143563780581 0.0280029804668 -0.697820153774 0.000673761965662 0.0032709168448 0.716265230299
1659006468.977231503 -0.124300212481 -0.138431634109 0.0330426790963 -0.70825281094 3.51248575662 0.00310209755281 0.705952074543
1659006469.078104496 -0.121511168297 -0.138032611035 0.0318366502655 -0.717967311718 0.000674754286011 0.00407874027352 0.696064542905
1659006469.178979874 -0.116906073929 -0.137182048827 0.0262607999567 -0.72665587852 0.000626786694467 0.00326783395811 0.686993568101
1659006469.279813290 -0.112613031272 -0.13704404216 0.0255763808755 -0.735728508109 0.000594618229277 0.00307900213312 0.677269317577
1659006469.380664825 -0.110491083536 -0.138167134353 0.0287916710101 -0.743689526076 3.43026107118 0.00280082848887 0.66851929141
1659006469.481524467 -0.111028925947 -0.139086851203 0.0283160131253 -0.752199195266 0.000808980354775 0.00354433636411 0.658925757481
1659006469.582274914 -0.106276309054 -0.138622439565 0.0314072640889 -0.761417038685 0.000403104587423 0.0028081183597 0.64825615707
1659006469.683247566 -0.104753868073 -0.138388922681 0.0285186660388 -0.770419319589 0.000873510245002 0.00314490793188 0.637529151128
1659006469.784095287 -0.103461546444 -0.135909520746 0.0295902187192 -0.77862775522 0.000915316467269 0.00292457151732 0.627478627428
1659006469.884991169 -0.101334143726 -0.135474733827 0.033752273271 -0.78653560256 0.000523044536725 0.00304033429872 0.617537228592
1659006469.985707760 -0.0963492433516 -0.135322363176 0.0326879284265 -0.794248188933 0.00115824588242 0.00317026807161 0.607584086562
1659006470.086682796 -0.0944498847023 -0.133473622257 0.0286687632484 -0.80252790711 0.000558378288128 0.00235650697431 0.596609665861
1659006470.187532663 -0.0924142694524 -0.129702661844 0.0297759336583 -0.810833089675 0.000703805584126 0.00256213925228 0.585271424886
1659006470.288376570 -0.0900398766473 -0.127922849851 0.0271613052637 -0.817888024812 0.00170812308808 0.00304387328154 0.575366836045
1659006470.389266968 -0.0866079453261 -0.125234849362 0.0282313927257 -0.825053913801 0.00118223819104 0.00247510041309 0.565047356875
1659006470.490137100 -0.0830806652654 -0.120833285705 0.0312818672552 -0.832606697897 0.000709769514226 0.00261066880245 0.553858075009
1659006470.590951204 -0.0789716094742 -0.121713434684 0.0320972071489 -0.840001804528 0.00158572719442 0.00330460649139 0.542571224297
1659006470.691717386 -0.0750350401305 -0.120600704398 0.0288103049458 -0.846853691052 0.00141109388401 0.00280434772265 0.531816669915
1659006470.795368195 -0.0727360242816 -0.122230031413 0.0316190163776 -0.853303501183 0.00189420100814 0.00319465218336 0.521401324384
1659006470.893581390 -0.0712699493078 -0.120233312421 0.0309213181734 -0.859572326468 0.00188518710454 0.00330477903357 0.510999941365
1659006470.994401455 -0.0687635123406 -0.117442851121 0.0298514566353 -0.86697242182 0.00165141779128 0.00319710839664 0.498343125888
1659006471.095265388 -0.064146833555 -0.116944742963 0.0316236195189 -0.873556021073 0.00156077940735 0.00303005339492 0.486711681379
1659006471.198776007 -0.0623299506037 -0.116451988456 0.0321041828776 -0.879035399975 0.00141051311145 0.0030026149776 0.47674496363
1659006471.296969891 -0.0608545646868 -0.113177074023 0.0311183056709 -0.885309974789 0.00154214257377 0.00286263008097 0.464989973745
1659006471.397809505 -0.0598652792389 -0.10884078033 0.0294407033443 -0.891504311938 0.00175464392682 0.00268615305497 0.453000847243
1659006471.498689651 -0.0599390858553 -0.104678883684 0.0259175909876 -0.897433535721 0.00141071760993 0.00230270009009 0.441141424501
1659006471.599513531 -0.0569697378794 -0.103316115031 0.0300721425684 -0.903342531976 0.00199880711097 0.00293556658402 0.428905184327
1659006471.700282812 -0.0552836955587 -0.0992148062978 0.0291786822594 -0.908245289385 0.001715436566 0.00218428926162 0.418428943153
1659006471.801292419 -0.0506636594951 -0.0969746684965 0.0293738875023 -0.913274541006 0.00145781273858 0.00215891248535 0.407336257444
1659006471.902113438 -0.0472166479149 -0.0947734222658 0.0315936710985 -0.918936941844 0.00179249089074 0.00257154475614 0.394392027111
1659006472.002945423 -0.0433350891918 -0.0918724490863 0.0333509296871 -0.924075350763 0.00169287996068 0.00277491334683 0.382196520295
1659006472.103768349 -0.0402763229421 -0.0891519851041 0.0312481967026 -0.928896613827 0.00110074407623 0.00215069338424 0.370331262116
1659006472.204681873 -0.0383357380365 -0.0866102748743 0.0345568126062 -0.933650034664 0.00182656388325 0.00271660899421 0.358171601989
1659006472.305566549 -0.0345123507473 -0.0820092695309 0.0362929987772 -0.937952486976 0.00128349155179 0.00263815291734 0.346751387848
1659006472.406375408 -0.0326457474635 -0.0773052260284 0.0357933681667 -0.942628144292 0.00146857008187 0.00260369924269 0.333831163376
1659006472.507266998 -0.0342439971527 -0.071817549245 0.0338814316817 -0.947137661392 0.00146745363247 0.00239795433495 0.320815128645
1659006472.608119965 -0.0308202828098 -0.0711590132955 0.0314559467716 -0.950754307284 0.00176042433455 0.00241324098584 0.309931160672
1659006472.708947897 -0.0301296537777 -0.0690125011538 0.0308115025099 -0.954597883309 0.00178431514345 0.0021844997577 0.297884080412
1659006472.809812069 -0.0277017429952 -0.0654918330441 0.0338873266263 -0.958283469717 0.00207254106572 0.00226581580832 0.285803013138
1659006472.910696983 -0.0238253383472 -0.0620697237814 0.0344802144725 -0.961956684585 0.00155494259725 0.00202890964709 0.273190048615
1659006473.011518478 -0.0222198902754 -0.0582576012769 0.0314813236893 -0.965964467274 0.00230765679956 0.00162421781215 0.258659398826
1659006473.112384319 -0.0228953068151 -0.0536060910287 0.0313430294045 -0.969153626251 0.00230156410452 0.00215960038757 0.246437188047
1659006473.213289022 -0.0215293880803 -0.0515942280391 0.0303647609311 -0.972023774859 0.00204849341179 0.00164205427401 0.234867810567
1659006473.314118624 -0.0187491308526 -0.0479468513372 0.0275016364498 -0.97488927352 0.00199752698962 0.00149443681177 0.222676179506
1659006473.414855003 -0.018864185624 -0.04336810758 0.0242882842107 -0.977823767274 0.00251307688026 0.00165235199474 0.20940781822
1659006473.515834570 -0.0163534759359 -0.0396176728426 0.0273136933378 -0.980586621783 0.00258598531422 0.00187277273403 0.196060405443
1659006473.616703510 -0.0135963965022 -0.0355905050158 0.0271882416364 -0.983109343511 0.00261864877786 0.00168571330013 0.182992676768
1659006473.717533112 -0.0114343240896 -0.0341555879447 0.0285351279872 -0.985176228319 0.00243736235614 0.0016669800477 0.171519910206
1659006473.818308830 -0.0120170247486 -0.0294224906492 0.02945997719 -0.987357549743 0.00246739913366 0.00154696870866 0.158482137148
1659006473.919254541 -0.0122718520833 -0.0236192792607 0.0301446017993 -0.989516145009 0.00254233794387 0.00150738376613 0.14439204645
1659006474.020080566 -0.0111792262087 -0.0197948844762 0.0305296421233 -0.991230070946 0.00220198729095 0.00151534080142 0.13212040511
1659006474.120949745 -0.0107102906501 -0.0147804206148 0.0277096461119 -0.992806559213 0.00210089762333 0.00139653032123 0.119702848405
1659006474.221803665 -0.0113886397826 -0.0112550383716 0.025741653387 -0.994219886261 0.00264156966717 0.00125786766786 0.107323145877
1659006474.322668552 -0.0131687419223 -0.00668631188493 0.0284970123519 -0.995523318025 0.00297770143625 0.00192804259976 0.0944496649743
1659006474.423522711 -0.0140684740321 -0.00204611098544 0.029149776248 -0.996759506948 0.00239086144309 0.00165012721575 0.0803868532203
1659006474.524384022 -0.0115915555673 0.00154666419862 0.030217033031 -0.997689795038 0.00267504139018 0.00144186333515 0.0678663249425
1659006474.625277281 -0.010782249863 0.00450742604089 0.0299382539939 -0.998453786116 0.00248281854148 0.00129897723899 0.0555174320424
1659006474.726099491 -0.0113620098088 0.00663707434552 0.0284505530443 -0.999094649425 0.003227347537 0.00152894735419 0.0423925469681
1659006474.826969624 -0.0122078051639 0.0110218343867 0.0277924428377 -0.999598436304 0.00297967718906 0.00110809876651 0.028157765888
1659006474.927801609 -0.0126048042364 0.018712908458 0.0262209170748 -0.999891327173 0.00260047887587 0.00117765375616 0.014463211473
1659006475.028709888 -0.0107759424235 0.0211732988753 0.0260411199902 -0.999994821941 0.00282449752136 0.00116675658065 0.00100845646895
1659006475.129409790 -0.0109601729841 0.0247143476058 0.0246482972788 -0.99992992093 0.00308259829316 0.00128640114046 -0.0113576401445
1659006475.230400562 -0.0125651198216 0.0296726946118 0.0224794879934 -0.999691385592 0.00303316874398 0.00124732056064 -0.0246247365888
1659006475.331245184 -0.0124352065323 0.0336097320214 0.02219887137 -0.999214710044 0.0031523189502 0.00109774263868 -0.0394819082433
1659006475.432085991 -0.0122577884818 0.0361768417696 0.0276509856074 -0.99861355826 0.00316825788755 0.00150810889557 -0.0525228427296
1659006475.532983303 -0.0141434242637 0.0424798999906 0.0292058337781 -0.997893186211 0.00329896270012 0.00155776442266 -0.0647756059757
1659006475.633819818 -0.0148809628177 0.0497175891743 0.0278390376189 -0.996885093507 0.00299999874915 0.00144081786991 -0.0787974263205
1659006475.734737396 -0.0165977585425 0.0530715631684 0.0277228854963 -0.995700803347 0.00337369454674 0.00149226046967 -0.0925543167938
1659006475.835542202 -0.0169610775854 0.0585087007217 0.0305926946032 -0.994266548776 0.0027760584487 0.00137553368037 -0.106885131763
1659006475.936395407 -0.0176224034746 0.0590680871459 0.0273167182899 -0.992801660672 0.00309545346298 0.00118916960537 -0.119724127101
1659006476.037163019 -0.0186808267433 0.0596284338995 0.0259197542234 -0.991344131941 0.00282890537383 0.00132993571356 -0.131251821441
1659006476.138102293 -0.0201440850815 0.0651414724662 0.0272284105468 -0.989362683393 0.00322306274439 0.00126837701066 -0.145428620963
1659006476.239012718 -0.0224494917165 0.0686384822916 0.0282836252375 -0.987166227762 0.00363171531046 0.00106667329693 -0.159651218655
1659006476.339820862 -0.025787267757 0.0710448025826 0.0275742449158 -0.984977097098 0.00381012293303 0.000883570021849 -0.172640726538
1659006476.440705776 -0.0278282169957 0.0747511467563 0.0263648922423 -0.982666840712 0.00282524815136 0.000821339950354 -0.185357016427
1659006476.541558743 -0.0310828603881 0.0774333222179 0.0216503212003 -0.980114484246 0.00366020186283 0.000559152015554 -0.198398306552
1659006476.642425537 -0.0324913884801 0.0822029778652 0.0190817982203 -0.97742622818 0.00322614198494 0.000503205376822 -0.211251762733
1659006476.743265152 -0.0339713183893 0.0838105742226 0.0216519528105 -0.97429226963 0.00356605179409 0.000477414723369 -0.225259025766
1659006476.843971729 -0.0359207292672 0.0848868309281 0.0202764059034 -0.971343326666 0.00290489342067 0.000406033071024 -0.237662656875
1659006476.945008278 -0.0403852202457 0.0888558244457 0.0213003766188 -0.968070419521 0.00330819035313 0.000433297752795 -0.250656200756
1659006477.045823574 -0.0411810638734 0.0938067992885 0.021886010091 -0.964539050654 0.00345844027333 0.000512721105029 -0.263917024975
1659006477.146676540 -0.0414381190708 0.0954767993116 0.0230974459849 -0.960921535949 0.00357028283035 0.000835265878266 -0.276796598897
1659006477.247476816 -0.044526105238 0.0981862025962 0.0224862526054 -0.957039131822 0.00354939113745 0.000536532016775 -0.289936569127
1659006477.348382711 -0.0476595788611 0.0992330791976 0.0250558168501 -0.952791521977 0.00380690279629 0.000496950226794 -0.303601014789
1659006477.449225426 -0.0481911311919 0.101291286478 0.0278252275857 -0.948788458681 0.0038852360363 0.000725272126782 -0.315887384354
1659006477.550135136 -0.0521248144859 0.103129932235 0.0264716220702 -0.944846494238 0.00358270544995 0.000734169183514 -0.327493095414
1659006477.650960445 -0.0543125255485 0.107500404533 0.0275523987395 -0.94039943439 0.00414831674786 0.000700738825979 -0.340045885481
1659006477.751785755 -0.0562358882019 0.110016401941 0.0272610386947 -0.935749585032 0.0039967461157 0.000628639121965 -0.352641950064
1659006477.852670908 -0.0593765927707 0.111139926288 0.0293812520339 -0.931034417466 0.00388685058399 0.000703376442084 -0.364910004175
1659006477.953585148 -0.06358342545 0.11363483998 0.0276495957248 -0.926100269134 0.00449109532884 0.000320020853044 -0.377250605246
1659006478.054392815 -0.0653505580881 0.116505714393 0.0279416089321 -0.921454457132 0.003080592764 0.000250268061373 -0.388474105631
1659006478.155272245 -0.0705076205312 0.11921358619 0.0273224011818 -0.915833714461 0.00344269926039 0.000188171062371 -0.401542924068
1659006478.256126881 -0.0733601498896 0.12125917221 0.0259119767188 -0.909960234006 0.00422626892212 8.73739832861 -0.414673981705
1659006478.356952190 -0.0741185937098 0.125274493882 0.0226546994576 -0.904650776261 0.00359144915192 -0.00022166363355 -0.426138504912
1659006478.457808018 -0.0752196862496 0.127323786129 0.0222099951887 -0.89920827307 0.0037386136988 -3.37710196935 -0.437504860853
1659006478.558664799 -0.077356859714 0.130969262573 0.0220895764698 -0.893557245261 0.00354401079128 -6.47821763889 -0.448935279559
1659006478.659528255 -0.0820264869103 0.132505327642 0.0205492466629 -0.88712704899 0.00341518241964 1.92528318267 -0.461512659749
1659006478.760367393 -0.0858851947265 0.135192287401 0.0179884537665 -0.880811152829 0.00330901413765 -0.000365218546727 -0.473456048744
1659006478.861236095 -0.087066823808 0.135852258385 0.0198377500653 -0.875088241377 0.00353102921114 -0.000308411955063 -0.483950417418
1659006478.962123871 -0.0892183403958 0.134977760462 0.0217571113769 -0.869063378331 0.00382251043362 -0.000239814910606 -0.494685936072
1659006479.062982082 -0.0932095662865 0.136248687831 0.0233688882571 -0.862161375676 0.00380529055304 -0.00018762675333 -0.506619429999
1659006479.163803101 -0.0994470493496 0.138433037027 0.0240709841957 -0.855020396393 0.00366218287873 -0.000253541826155 -0.518581378267
1659006479.264651775 -0.103444505304 0.140957804508 0.0198092386412 -0.84782564612 0.00390158604616 -0.000428647077952 -0.530260565825
1659006479.365519047 -0.106688643262 0.141702912378 0.02222552334 -0.841303044225 0.00374252413066 -0.000192858259888 -0.540550778462
1659006479.466348648 -0.111798931809 0.143845492775 0.0236748581494 -0.834849261089 0.00410610198752 -0.000672060107483 -0.55046289568
1659006479.567264557 -0.113881539921 0.14523272367 0.0250227131299 -0.826668899457 0.00423591082931 -0.000660433370852 -0.562672330543
1659006479.668202400 -0.113941809606 0.145244242519 0.0249214010479 -0.819260322368 0.00396994991489 -0.000517692428251 -0.57340779179
1659006479.768978596 -0.116907441958 0.144284671092 0.0258222253435 -0.812852166888 0.00472768777382 -0.0007736191702 -0.582450345752
1659006479.869888783 -0.122706323352 0.143393643467 0.023063007645 -0.805429908053 0.00386403234627 -0.000823682952263 -0.592677866985
1659006479.970718861 -0.1255193882 0.143687280861 0.0212178717258 -0.79750431673 0.00417426023222 -0.000846228700937 -0.603298205073
1659006480.071537018 -0.13021300464 0.145281466026 0.0216642044739 -0.789332839286 0.00413987443918 -0.00121596256371 -0.613950365828
1659006480.172409773 -0.13164472245 0.145080805666 0.025625286019 -0.781628593981 0.00451880160533 -0.00112354024271 -0.623726750397
1659006480.273142338 -0.133229416073 0.145294377849 0.0270779246722 -0.774306994749 0.00420419420211 -0.000869847516566 -0.632795579946
1659006480.374102592 -0.137988629645 0.14639769526 0.0288922989678 -0.766554062818 0.00478723954252 -0.0010642535856 -0.64216105338
1659006480.474916458 -0.140761152743 0.148636491768 0.0274012219612 -0.757449885231 0.00431421902943 -0.00101086089935 -0.652878271225
1659006480.575861454 -0.144669714452 0.145906671088 0.025540669593 -0.748795838557 0.00441624097975 -0.00144651779107 -0.662784426916
1659006480.676600933 -0.146827927042 0.145387096828 0.0254454868433 -0.740103183605 0.00383068801149 -0.000831954202615 -0.672481904068
1659006480.777555227 -0.151418423383 0.143491183171 0.0242592774648 -0.731327197795 0.00408990661146 -0.00119615274589 -0.682013468817
1659006480.878404379 -0.155877752799 0.143292549011 0.0229017090426 -0.723093736777 0.00317702905529 -0.0011019099436 -0.690741731847
1659006480.979248047 -0.158292133329 0.143245031525 0.0222908612121 -0.713541658364 0.00365602168488 -0.00140405693351 -0.700601858339
1659006481.080138683 -0.159000333664 0.141764327444 0.0235118211738 -0.703797054241 0.0036426605458 -0.00136590031745 -0.710390436156
1659006481.180991888 -0.160658739596 0.140122931601 0.0266091687526 -0.695306082931 0.00383212618359 -0.00147981496936 -0.718702007786
1659006481.281902313 -0.161945033165 0.14176090834 0.0265217821814 -0.685929809915 0.00434089025689 -0.0016964017227 -0.727652784481
1659006481.382564783 -0.164262124835 0.142739927094 0.0239273519516 -0.676699831192 0.00340973049317 -0.00130215455403 -0.736249968825
1659006481.483422279 -0.167739573038 0.140547226367 0.0266912677226 -0.666205901011 0.00437927902076 -0.00208264424564 -0.745752091493
1659006481.584379435 -0.173869508442 0.137078748168 0.0241653220246 -0.655298697156 0.00434727480967 -0.00224682192159 -0.755354003431
1659006481.685250282 -0.17932960417 0.136700133893 0.0219530669553 -0.64489298376 0.00358841197912 -0.00194284570005 -0.764261989208
1659006481.786127090 -0.17977758937 0.13526112889 0.0199983592362 -0.635764622078 0.00377577065574 -0.00245800256363 -0.77186983818
1659006481.887078762 -0.183834923698 0.132244215702 0.0204067940641 -0.625618073091 0.00414617142333 -0.00266950489369 -0.780113908111
1659006481.987683773 -0.182513469185 0.133859543682 0.0221938583268 -0.61499560205 0.00410251245152 -0.00263252342443 -0.788515471422
1659006482.088555098 -0.183640120293 0.135856049662 0.0239298244551 -0.603798598786 0.00392485436945 -0.00239736917549 -0.797123641754
1659006482.189517498 -0.186320869283 0.137536732779 0.0256199139021 -0.593391057554 0.00470021153971 -0.00259373612545 -0.804896411571
1659006482.290406942 -0.188088347651 0.136314323012 0.0274214765301 -0.583182887277 0.00412761124262 -0.00232406741002 -0.812327077921
1659006482.391263485 -0.190996751241 0.136944677534 0.0272659202898 -0.573519548574 0.00386436775311 -0.00212637998975 -0.819180000106
1659006482.492129803 -0.194960910926 0.13628920846 0.0261788540766 -0.561047356919 0.00440143375641 -0.00317280569377 -0.827765923422
1659006482.592985868 -0.200457469833 0.134779758467 0.0247516050895 -0.55036941598 0.00408190525783 -0.00286834163373 -0.834906352006
1659006482.693843842 -0.198765405803 0.131774404062 0.0239638220015 -0.53890773707 0.00349648269236 -0.00241895431897 -0.842354067002
1659006482.794735432 -0.203009313693 0.128992843402 0.0227773149794 -0.52853230692 0.00406949632286 -0.00279856963541 -0.848898820679
1659006482.895514965 -0.207474091341 0.127113984738 0.0234237925609 -0.517984632422 0.0041134800703 -0.00281273212406 -0.855375407873
1659006482.996396303 -0.213038172038 0.127971693525 0.0204317463708 -0.506264372925 0.00354620325805 -0.00307410177271 -0.862365559985
1659006483.097263336 -0.217007492394 0.124224123377 0.0213241823745 -0.493714492429 0.00365743821997 -0.00293006487443 -0.86961142922
1659006483.198112965 -0.218996121334 0.118919974697 0.0200047521146 -0.483287644334 0.00417566644301 -0.00317398070151 -0.87544591066
1659006483.299004555 -0.222477266212 0.116009501281 0.025144990429 -0.471606666905 0.00457121383439 -0.00290816783249 -0.881792378224
1659006483.399817705 -0.22473200335 0.113393383125 0.0264184527297 -0.459463456455 0.0043332491177 -0.00325976163662 -0.888180121985
1659006483.500722885 -0.226113449526 0.109021098078 0.026751470937 -0.446882439488 0.00462673016915 -0.0033015297409 -0.894574635537
1659006483.601521969 -0.232293070826 0.107570000137 0.0257122675592 -0.435572612913 0.00434683995887 -0.00343793027323 -0.900136536586
1659006483.702330112 -0.235639533012 0.105462322083 0.0249652978867 -0.424044983708 0.00415455668325 -0.00333282014173 -0.905625465499
1659006483.803241730 -0.236000792256 0.100762427941 0.0267229823811 -0.412302101459 0.00397746945736 -0.00264649842665 -0.911034660655
1659006483.903988361 -0.242234907855 0.0982089305304 0.0283462348483 -0.399456770338 0.00453885457086 -0.0032149472208 -0.91673515889
1659006484.004965067 -0.24566877733 0.0972587499355 0.0268273514616 -0.38939692342 0.00426148128402 -0.00314578122952 -0.921054819144
1659006484.105871677 -0.250154292256 0.0912195711677 0.0266686559791 -0.379174824495 0.00425588678605 -0.00316512952893 -0.925309851808
1659006484.206672192 -0.255040818856 0.0874043256619 0.0281228585102 -0.366578800738 0.00394583869453 -0.00305472389005 -0.930373624878
1659006484.307484627 -0.258804401835 0.0874680322754 0.0275096209178 -0.355376998483 0.00411866665916 -0.00293129194713 -0.93470938428
1659006484.408420563 -0.263312846416 0.0835662279632 0.0268127698694 -0.343280275538 0.00398470312789 -0.00346817318446 -0.939218156949
1659006484.509284496 -0.262170405881 0.0793993941917 0.0248817169227 -0.331145384888 0.00368468624691 -0.00336580716095 -0.943566546936
1659006484.610163689 -0.258840822079 0.0785238327759 0.0263403180984 -0.320813315568 0.00417172935936 -0.00333663903093 -0.947127383232
1659006484.711015701 -0.254429176563 0.0738892918577 0.0328764288119 -0.3100338902 0.0044523562921 -0.00294709386475 -0.950710512243
1659006484.811837673 -0.254528320776 0.0677798441519 0.0399419615821 -0.297601050781 0.0048835014815 -0.00347225291539 -0.954671519135
1659006484.912694454 -0.25643976819 0.0617851950528 0.0398131243261 -0.285574977777 0.00485234557431 -0.00343629630996 -0.958337925096
1659006485.013443708 -0.259674613888 0.0586213226864 0.0361449608394 -0.275024734737 0.00442169371513 -0.00371752302918 -0.96141979589
1659006485.114424229 -0.255744065857 0.0561156401493 0.034327533258 -0.263499131823 0.00409418073595 -0.00379967517408 -0.964643461431
1659006485.215306044 -0.258077654836 0.0545637828776 0.0347561832129 -0.253497965906 0.00444376680861 -0.00393074552636 -0.967317726219
1659006485.316079617 -0.260503094343 0.0502358583769 0.0329127061569 -0.242277584824 0.00389445074115 -0.00328595357141 -0.970193592874
1659006485.416930199 -0.26475044119 0.0458552170584 0.0348300586231 -0.23068369822 0.00413773260967 -0.00377680219505 -0.97301266503
1659006485.517734528 -0.266122967445 0.0446215266421 0.0319425837408 -0.218931657773 0.00367276726483 -0.0031161080938 -0.975728307407
1659006485.618710518 -0.268602484486 0.0414776491695 0.0293781310639 -0.20903011714 0.00352038757989 -0.00383578246054 -0.977895343977
1659006485.719534397 -0.269450595242 0.0366373530335 0.0286314245813 -0.198322735744 0.00366348569826 -0.0037754536775 -0.980122654217
1659006485.820382118 -0.268872029988 0.0318291074072 0.0293812045083 -0.186026138371 0.00337621469147 -0.00366782800186 -0.98253214912
1659006485.921233654 -0.269633058564 0.029768141813 0.0306062081815 -0.175214298442 0.00352821476591 -0.00377049666748 -0.984516777245
1659006486.022138834 -0.270898862423 0.0247993104623 0.029094155504 -0.163558845942 0.00280579600803 -0.00349345081915 -0.986523404296
1659006486.122951984 -0.270348183225 0.0213326931289 0.0302129304557 -0.152166232335 0.00338857004577 -0.00373492354545 -0.988342048926
1659006486.223820210 -0.267486634781 0.0188834213084 0.0316086319533 -0.139851804932 0.00352160383642 -0.0041468956048 -0.990157499704
1659006486.324699879 -0.266735586023 0.0134456806619 0.0272778512032 -0.129840500648 0.00303515991884 -0.00381612117176 -0.99152290413
1659006486.425554752 -0.265633378423 0.00767816119871 0.0258023625205 -0.118850578198 0.00281391868458 -0.00334678601361 -0.992902523386
1659006486.526342869 -0.26706466168 0.00226627431637 0.0257472115929 -0.107237559405 0.00275199967907 -0.00382806119351 -0.99422224794
1659006486.627268076 -0.267373222134 0.000680578013323 0.0265737618044 -0.0957542697333 0.00263507740356 -0.00381891796585 -0.995394189284
1659006486.728242397 -0.264942567323 -0.00375661368614 0.0238033290196 -0.0846305762288 0.00254015061805 -0.00333811995937 -0.996403567917
1659006486.829000711 -0.265335071758 -0.00935519876222 0.0228047881806 -0.0732429841832 0.00274200280085 -0.00421312859116 -0.997301457051
1659006486.929843426 -0.268292833592 -0.0110462278535 0.0263883961602 -0.0632111983564 0.00291612253731 -0.00387715363711 -0.99798838085
1659006487.030677319 -0.267454633018 -0.0150248819149 0.0318081789447 -0.0527051644368 0.00294097068517 -0.00380921351883 -0.998598521041
1659006487.131494284 -0.266495436406 -0.0179426629068 0.0345687107685 -0.0401957117785 0.00296631715945 -0.00420372631853 -0.999178579835
1659006487.232326508 -0.263467052677 -0.0223121427093 0.0377595059556 -0.0284210503643 0.00310448854362 -0.00390423471182 -0.999583594802
1659006487.333294153 -0.266270101332 -0.0236691907595 0.0312256848331 -0.0183632945321 0.00249605570792 -0.00378863659147 -0.999821086671
1659006487.434098721 -0.266195774962 -0.0272287564748 0.0305121788519 -0.00768842077734 0.00268303708604 -0.00392449066363 -0.999959143101
1659006487.534840107 -0.26765773848 -0.0315883700603 0.0269000859212 0.00295913512998 0.00272347213719 -0.0041533018057 -0.999983288012
1659006487.635822296 -0.267108633315 -0.0339992739982 0.0222834225634 0.0136754858934 0.00206674577307 -0.00309160657668 -0.999899570765
1659006487.739512682 -0.268332062454 -0.0399194758781 0.0267562750806 0.0254115622489 0.00238340126591 -0.00427433209988 -0.999665094913
1659006487.837523460 -0.26869533455 -0.0420312409419 0.0267716948972 0.0364652329632 0.00242790460536 -0.00434796396946 -0.999322514143
1659006487.938422203 -0.267549017609 -0.044598210347 0.027263873789 0.0468089599804 0.0022465924807 -0.00469224688616 -0.998890312751
1659006488.039261818 -0.264155414026 -0.0462488920529 0.0271085763008 0.0576190791711 0.00249276355594 -0.00424951220127 -0.998326484418
1659006488.140094757 -0.257801828998 -0.0510964193162 0.023807581905 0.0696151336163 0.00188184792037 -0.0039038770279 -0.997564509976
1659006488.241009712 -0.258857668058 -0.0553521290529 0.0265715540904 0.0813577484507 0.00201511622832 -0.00391889683896 -0.996675222086
1659006488.341813326 -0.26081988561 -0.0522504589629 0.0279453533676 0.0903538178342 0.00241595711075 -0.00432952021259 -0.995897387289
1659006488.442575455 -0.261641247816 -0.054726573307 0.029747397597 0.0986263406184 0.00214650118754 -0.00483377281475 -0.995110482363
1659006488.543547153 -0.261494635273 -0.0547678685697 0.0302329731948 0.108364480894 0.00228657200798 -0.00422473967955 -0.994099624003
1659006488.644375801 -0.260993082726 -0.0568364000162 0.0320314456715 0.117377000533 0.00258338192255 -0.00474658593371 -0.993072724329
1659006488.745270252 -0.260763514021 -0.0611477223388 0.0316135188337 0.126115390649 0.0023071363102 -0.00449172103129 -0.992002726713
1659006488.846124649 -0.259307979502 -0.0615516131215 0.0317790810827 0.136621673091 0.00206216299343 -0.00489598443278 -0.990609052685
1659006488.946973801 -0.258701084782 -0.0623310128694 0.03212422918 0.147082960212 0.00195991326777 -0.00420373407351 -0.989113284804
1659006489.047859669 -0.258167209732 -0.0623061978755 0.0304466826598 0.156551322239 0.00192786254073 -0.00386733720681 -0.987660372068
1659006489.148672581 -0.255969856498 -0.0667032028433 0.0349873986926 0.166144777928 0.00208490708607 -0.00448850027703 -0.986088951005
1659006489.249458790 -0.252847589372 -0.0734512926992 0.0347823274846 0.178621604718 0.00190590910848 -0.0049591247017 -0.983903499801
1659006489.350417137 -0.249611230745 -0.079864857822 0.0334732038862 0.190362932724 0.00183910573164 -0.00461680277591 -0.981701205391
1659006489.451275826 -0.248020764601 -0.0797802592696 0.0347107905684 0.201990043444 0.0019311591033 -0.00428502786539 -0.979376297196
1659006489.552099705 -0.244942091159 -0.0845567139396 0.0358655360092 0.212735754079 0.00170312206015 -0.00493461931397 -0.977095823266
1659006489.652959824 -0.243303873626 -0.0863816302559 0.0360411828989 0.223217621313 0.00199397692156 -0.00498676817152 -0.974753840585
1659006489.753873825 -0.246761176237 -0.0897634535534 0.036979940167 0.233430930752 0.00196627655717 -0.00461277755514 -0.972360456111
1659006489.854786873 -0.245642940827 -0.0910665805919 0.0371300433753 0.24440042101 0.00160705593159 -0.00431527018775 -0.969663462251
1659006489.955556393 -0.242070067406 -0.0907011923386 0.0335015884926 0.256841247922 0.00152144083539 -0.00516653435403 -0.966438598932
1659006490.056412935 -0.241990485285 -0.0930511021828 0.0351623714564 0.267211072726 0.00153204254734 -0.00404586366493 -0.963628313431
1659006490.157168388 -0.243692377308 -0.0963273604313 0.0330555585226 0.277815025926 0.00141697338994 -0.00444575511209 -0.960623255401
1659006490.258055687 -0.242563402627 -0.0981659017981 0.0346661519283 0.28883800012 0.00127761768809 -0.00465931869351 -0.957365796406
1659006490.358973026 -0.242421534708 -0.0983417205846 0.0346777464966 0.299856320885 0.000898304579427 -0.00511852628855 -0.953970219956
1659006490.459875822 -0.238756323883 -0.0995004225847 0.0344202602748 0.310601481677 0.00105033927799 -0.00486094786885 -0.950527215577
1659006490.560690641 -0.233862718839 -0.0987748289345 0.0337822769749 0.322176587879 0.00158475242468 -0.00442078859356 -0.946667941472
1659006490.661533117 -0.230058549856 -0.0975687697634 0.0360244571891 0.333985407378 0.00116643533846 -0.00414181635374 -0.942568423216
1659006490.762400389 -0.229315290612 -0.10121189013 0.0361858860444 0.342927913114 0.00111950582586 -0.0047873348494 -0.939348856676
1659006490.863258362 -0.226787123697 -0.101009333152 0.0363747997685 0.35373607942 0.00128754562441 -0.00432345978667 -0.935334397977
1659006490.964113712 -0.227227025496 -0.101173061355 0.032883301242 0.365421134815 0.000599412010861 -0.00488258686237 -0.930829305126
1659006491.064967155 -0.228691379388 -0.101607294491 0.0317809533808 0.375293316502 0.000936407327493 -0.00412648367592 -0.926896446138
1659006491.165822983 -0.224965377173 -0.107810791855 0.0309823425242 0.386815575613 0.000377723054962 -0.00490809688949 -0.922143957511
1659006491.266707182 -0.223209970593 -0.107910290428 0.0338307634789 0.398683093528 0.000747332941176 -0.00441884732196 -0.917077808159
1659006491.367400169 -0.224082461132 -0.109869289713 0.0316119870442 0.408668015076 0.000780189387778 -0.00375492073793 -0.912675049143
1659006491.468434811 -0.221697263303 -0.112800775719 0.0291828471324 0.417679237649 0.000583897918626 -0.00399630417775 -0.908585572774
1659006491.569182396 -0.219882930976 -0.117359046687 0.0289586243443 0.427783259688 0.000450232177706 -0.00403721479193 -0.903872214928
1659006491.670133591 -0.218197342053 -0.12012001358 0.0291694690007 0.438421810078 0.000570219364736 -0.00380915724643 -0.8987610815
1659006491.770983696 -0.219362968562 -0.122252959451 0.0296903746431 0.448500528537 0.000283909929318 -0.00403340954792 -0.893773420339
1659006491.871844053 -0.217848497149 -0.122001400772 0.0293954065734 0.459492845415 0.000178921152161 -0.00409521961261 -0.888172011592
1659006491.972703218 -0.217018916839 -0.124018290563 0.0284046161582 0.468578614409 0.000271229851894 -0.00387503016253 -0.883413262689
1659006492.073559761 -0.212995073377 -0.12615286102 0.0265038964762 0.477677860895 0.000262307337312 -0.00360034820397 -0.878527648909
1659006492.174413443 -0.212518418252 -0.130290657901 0.0280961273549 0.487612046453 -0.000160080083078 -0.004294189529 -0.873049841913
1659006492.275286436 -0.209490025342 -0.132125406693 0.0314935154373 0.500778723228 -0.00022273095862 -0.00420694571261 -0.86556508846
1659006492.376167774 -0.207980850748 -0.136697994764 0.032997516658 0.51251901655 4.89888277169 -0.00441575297575 -0.858664519123
1659006492.476972103 -0.201486586339 -0.138027012735 0.0332215315274 0.523987566843 -0.000134845370367 -0.00402206351354 -0.851716405041
1659006492.577871323 -0.198972250906 -0.138444019628 0.0313652159829 0.534722921599 -7.48439300255 -0.00396828633064 -0.845018132479
1659006492.678677082 -0.196668000948 -0.13805653525 0.0343551440778 0.54483765264 0.000115888095181 -0.00342894487488 -0.838534531891
1659006492.779593945 -0.19265883296 -0.139168542832 0.0326460673489 0.557095554562 -0.000310464897132 -0.00419947054507 -0.830437722618
1659006492.880402803 -0.190394579387 -0.139379134566 0.0344988969771 0.568079706873 -9.95040453296 -0.00384599249447 -0.822964546672
1659006492.981258869 -0.186682148912 -0.140434285577 0.0362298844408 0.578678466503 6.6375011375 -0.00355031408219 -0.815548050865
1659006493.082130909 -0.183353157322 -0.143628241229 0.0377841976307 0.589216396221 -0.000195771867009 -0.00433333382098 -0.807963626852
1659006493.183018446 -0.179103023153 -0.145437186913 0.034942052664 0.600914191332 -0.000542775480011 -0.00425838149206 -0.799302011906
1659006493.283824444 -0.174816394257 -0.146659739192 0.0329219926488 0.611378219898 -0.000890222665015 -0.00416558482919 -0.791327067426
1659006493.384730816 -0.171325571931 -0.142161864478 0.03076627944 0.62206956131 -0.000628341074174 -0.00377906859557 -0.782952606943
1659006493.485564947 -0.168208311225 -0.142325413802 0.0344671801882 0.631756271018 -0.000470915739965 -0.00404538475373 -0.775156388821
1659006493.586330175 -0.16437326066 -0.143207579508 0.0334130916992 0.642063153972 -0.000625224123696 -0.00390326747385 -0.76664155895
1659006493.687413931 -0.158414472383 -0.141948187355 0.0321513078334 0.653179782289 -0.000797672892527 -0.00381913780504 -0.757192808941
1659006493.788139820 -0.154810813755 -0.143297290477 0.0311126968764 0.66288690733 -0.00118765651297 -0.00445827836813 -0.748705323419
1659006493.889014006 -0.152399514969 -0.141317498311 0.0278195419424 0.671677849536 -0.000527993717727 -0.00335781835188 -0.740835550389
1659006493.989866734 -0.148824047584 -0.141464981537 0.0269863205753 0.681885937904 -0.000836263707604 -0.00350816745006 -0.731449629922
1659006494.090715170 -0.144553036799 -0.138764966564 0.0272236629699 0.692654682055 -0.000715413262345 -0.00299621420604 -0.721262783118
1659006494.191571474 -0.141252612179 -0.138588593183 0.0253693808737 0.702712967322 -0.000679680843152 -0.00320742797969 -0.711465906419
1659006494.292372704 -0.138032453729 -0.137298167825 0.024063431448 0.711698728566 -0.000953334157234 -0.00307486105446 -0.702477441731
1659006494.393280029 -0.132689021401 -0.138863297569 0.0269504403685 0.720222269462 -0.00108129080145 -0.00338984667265 -0.693734259151
1659006494.494102955 -0.129592746118 -0.136300920619 0.0312124795423 0.729338702706 -0.000637416399353 -0.0032402588452 -0.684144832004
1659006494.595004082 -0.122834610566 -0.134955004529 0.0298488864218 0.739244451741 -0.000769851756311 -0.00293510725082 -0.673430347582
1659006494.695834875 -0.118638444992 -0.130987476013 0.0283298324711 0.74851401655 -0.000905015544649 -0.0031340533008 -0.663110945231
1659006494.796705008 -0.116460408974 -0.130342042121 0.0215809607387 0.75719484426 -0.000871779450087 -0.00234919199385 -0.653184268888
1659006494.897547245 -0.11404484816 -0.12920457231 0.0231937152711 0.765635437283 -0.000931210869192 -0.00260718567035 -0.64326877167
1659006494.998399734 -0.111694279525 -0.131090069399 0.0248488827902 0.773848760068 -0.000874054302297 -0.00277569526284 -0.633363740741
1659006495.099260807 -0.110218684804 -0.12942576571 0.0256944958255 0.78206038344 -0.000833169933358 -0.00246626417129 -0.623197224018
1659006495.200148106 -0.104681954207 -0.130422087182 0.0256699287893 0.790396478671 -0.000801293552081 -0.00245935062552 -0.612590169711
1659006495.300978661 -0.102209758378 -0.129011559063 0.0290617179499 0.798012854617 -0.000873423620035 -0.00265470426361 -0.602633946557
1659006495.401851416 -0.102313826116 -0.124115037659 0.0286223598107 0.806136105082 -0.000822845476454 -0.0025103857583 -0.591724260929
1659006495.502565861 -0.0976785943418 -0.124620863246 0.0271553100871 0.813680153411 -0.00123466365637 -0.00285538984454 -0.58130450738
1659006495.603549480 -0.0956066762938 -0.123334729261 0.0248870748165 0.821712158865 -0.00129206993516 -0.0027939712874 -0.569894422023
1659006495.704447985 -0.0922362440235 -0.119515912493 0.0250327639546 0.829724512101 -0.00134077715548 -0.0026246378312 -0.558165340747
1659006495.805275440 -0.0872463440578 -0.116266522211 0.0234955575781 0.83677336348 -0.000696848473842 -0.00197094630774 -0.547545402632
1659006495.906126022 -0.085400398613 -0.112818462383 0.0230725129601 0.84366110698 -0.000973881113998 -0.00258363956105 -0.536868990473
1659006496.007019281 -0.0826335711702 -0.111378489734 0.0248451422063 0.850896712061 -0.0011509624827 -0.00275325288037 -0.525324547577
1659006496.107834816 -0.0776612199395 -0.107234851612 0.0278417389397 0.857591552591 -0.000849513395388 -0.00220006268173 -0.514325934575
1659006496.208716393 -0.0751547341272 -0.104756643872 0.0291530760283 0.864642485602 -0.000761887440725 -0.00254522803459 -0.502380645958
1659006496.309628010 -0.0734878151916 -0.105281093035 0.027945709665 0.871320252461 -0.00125795738496 -0.00234083458377 -0.490707607122
1659006496.410515547 -0.0710586427014 -0.102795710347 0.0289121237131 0.876807336583 -0.00165241316281 -0.00287029222522 -0.480830453973
1659006496.511327505 -0.0664690354214 -0.0965366124659 0.030065053535 0.884070087111 -0.00127532304333 -0.00265169390464 -0.4673450793
1659006496.612082243 -0.0652235567827 -0.0941394840469 0.0246352513408 0.891588450021 -0.00120874549551 -0.00221660894181 -0.45283955367
1659006496.712886810 -0.0642849225864 -0.0901371951426 0.0245365354724 0.898989700042 -0.00113321480367 -0.00230897588332 -0.437962217175
1659006496.813842773 -0.0631621814479 -0.0892451838273 0.0257640938613 0.905226277729 -0.00174721248294 -0.00255346973688 -0.424918595909
1659006496.914739847 -0.0619734230207 -0.0845340845112 0.0285980759531 0.911024981663 -0.00136719430135 -0.00236191703945 -0.412342133323
1659006497.016562462 -0.0598633287542 -0.084320338989 0.029324185545 0.917164799556 -0.0020813703753 -0.00285532128484 -0.398492466043
1659006497.116443396 -0.0571773727262 -0.0810785617512 0.0295101658245 0.922800969349 -0.0017217999014 -0.00262972318661 -0.385264183294
1659006497.217151642 -0.05378005275 -0.0762500181292 0.0294664220881 0.928316409827 -0.00111938943244 -0.00226764315457 -0.371782527841
1659006497.318202972 -0.0505662548959 -0.071781050362 0.0270031164789 0.933975454619 -0.00207078013646 -0.00239726296357 -0.357323124314
1659006497.420857668 -0.0450817087335 -0.065525860893 0.0243262177073 0.939400917479 -0.00103060136124 -0.00155347990172 -0.342815461728
1659006497.519859314 -0.0427125839397 -0.0622152307124 0.0247368785072 0.944184046502 -0.00126252705857 -0.00183591266501 -0.32941087077
1659006497.620595455 -0.0388546841265 -0.060483609016 0.028450145156 0.948581057545 -0.00212068626766 -0.00235550119392 -0.31651845376
1659006497.721555710 -0.0371923450869 -0.055539250334 0.027720447788 0.953401961576 -0.00198574479982 -0.00212510169372 -0.301688979618
1659006497.822389603 -0.0347511490275 -0.0512639086435 0.0288543550992 0.957858354828 -0.00187921158704 -0.00204535393548 -0.287227535547
1659006497.923255444 -0.0339628760155 -0.0481757674066 0.0283725703286 0.961659998006 -0.00194516595573 -0.00200571551823 -0.274230271248
1659006498.024171352 -0.0342967367248 -0.0474367041231 0.0263783255544 0.96559633835 -0.00243911101661 -0.00201805222555 -0.260026324758
1659006498.124971867 -0.0307170866505 -0.0433520122594 0.0251435424632 0.969297163215 -0.00215649201539 -0.00171040830443 -0.245876866395
1659006498.225926161 -0.027697298433 -0.0393590628459 0.025375147908 0.972822853173 -0.00227450961402 -0.00176076421551 -0.231532768002
1659006498.326710463 -0.0218146736377 -0.0353860451618 0.0252980410226 0.976140029602 -0.00222248600069 -0.00166174658973 -0.217124254203
1659006498.427554131 -0.0188978008888 -0.0302365484821 0.0234053906752 0.978893178336 -0.00131810992209 -0.00104178533009 -0.204365659239
1659006498.528481007 -0.0199033748902 -0.0237551050123 0.0275684748193 0.981916927333 -0.00191958438631 -0.00171406192438 -0.189294809765
1659006498.629500151 -0.0162841241343 -0.0214405913159 0.0286491527292 0.98464300314 -0.00219171152414 -0.00166530494027 -0.174558241077
1659006498.730129242 -0.0179371588015 -0.0170926628548 0.0286567148546 0.987145474715 -0.00228221215706 -0.00175808707302 -0.159798349137
1659006498.830978394 -0.0168155790401 -0.0139233112122 0.0310593436109 0.989336601048 -0.00251858470512 -0.00179828648697 -0.145614260026
1659006498.931849480 -0.0138418798959 -0.0094539289648 0.0327029750955 0.991340185622 -0.00206179794476 -0.00188158307206 -0.131289165607
1659006499.032739639 -0.0162219446663 -0.00557922007642 0.02946399573 0.993259355563 -0.00229942489032 -0.00133054196723 -0.115882677266
1659006499.133569002 -0.0162029812819 -0.00338866712382 0.0282648163954 0.994806549115 -0.00210697583353 -0.00149144290738 -0.101751000427
1659006499.234414101 -0.0148303626649 0.00287082921351 0.032327107975 0.996190963602 -0.00239178801371 -0.00170236351075 -0.0871489836214
1659006499.335257769 -0.0160471178194 0.00476659235776 0.0325919258434 0.997308821886 -0.002511401279 -0.00162004137643 -0.0732542293571
1659006499.436397791 -0.0183775580317 0.0109547578254 0.0297081359494 0.998340431712 -0.00299417435632 -0.00175891115719 -0.0574832459164
1659006499.536980152 -0.0188945532441 0.0132233909496 0.0275047006023 0.999108812262 -0.00224890232071 -0.00135885053929 -0.0421269180447
1659006499.637829304 -0.0188000031017 0.0179013850402 0.0252599202504 0.999632748768 -0.00274150839274 -0.00148435574836 -0.0269192943681
1659006499.738700390 -0.0171502258736 0.0234925918193 0.0256554262282 0.99991076479 -0.00274219130407 -0.00134670355627 -0.013004969551
1659006499.839563608 -0.0200873675966 0.0296320882753 0.0230288002313 0.999994232586 -0.00256441448028 -0.000944641222736 0.00201648833551
1659006499.940443993 -0.021483667466 0.0326842072439 0.0243338943974 0.999842510662 -0.00283757621278 -0.00110225812755 0.0174839086298
1659006500.041307926 -0.0212592733012 0.0368581237369 0.0270059352838 0.999465121015 -0.00254463321928 -0.000964389219046 0.0325893643635
1659006500.142124176 -0.0183019084614 0.0401632849613 0.0228768691083 0.998908807141 -0.00298212224245 -0.000798193421447 0.0466011249897
1659006500.242881775 -0.0193728975129 0.0432708734238 0.0218988305017 0.998123490408 -0.00268966673043 -0.000862134545168 0.0611679680319
1659006500.343836308 -0.0214734752655 0.0481834362728 0.0200887165664 0.997059924868 -0.00262923255657 -0.00077436277703 0.0765767178809
1659006500.444725275 -0.0205523038003 0.0517284748646 0.0192438686874 0.995792684759 -0.00303598643162 -0.000570016366772 0.0915826776644
1659006500.545573711 -0.0178207711831 0.0575459597846 0.0185976963685 0.994407824399 -0.00253884957662 -0.000550903245217 0.105576178766
1659006500.646410465 -0.0191311390296 0.0625216135414 0.0213666346436 0.993042651134 -0.00228249978231 -0.000894002274396 0.117729707312
1659006500.747281790 -0.0231785790011 0.0657747406306 0.0204350938716 0.991229456301 -0.0028674237593 -0.000790845050428 0.132118573284
1659006500.848159313 -0.0258323391442 0.0688237469316 0.0197695070758 0.988977678369 -0.00317200646067 -0.000706101350961 0.148029022434
1659006500.948978424 -0.0282134127639 0.073947930186 0.0216191552194 0.986681047324 -0.00369788542503 -0.000555674007591 0.162623884227
1659006501.049737930 -0.0274120922876 0.0766679448515 0.0249725946259 0.984096602663 -0.00382235351522 -0.00095323184812 0.177590420882
1659006501.150716305 -0.0319775179424 0.0840699086493 0.0223710790982 0.981101705757 -0.00325070002778 -0.000673888785475 0.193464264876
1659006501.251596928 -0.0367758421052 0.0874093659566 0.0219141847446 0.977984054288 -0.00321860704855 -0.000516536684384 0.208654171578
1659006501.352465630 -0.0350268836623 0.0916557393927 0.0240726925948 0.974738921154 -0.00303246543075 -0.000627097641572 0.223325875099
1659006501.453260899 -0.0381367267756 0.0941332357837 0.0234211080076 0.971439498831 -0.00320524196349 -0.000788708302937 0.237264418895
1659006501.554133892 -0.0413120408868 0.0976650386592 0.0198148078203 0.967322292568 -0.00306736741639 -0.000295018059259 0.253531233822
1659006501.654994488 -0.0401803220196 0.101413618164 0.0217412176034 0.963266801629 -0.00350372405282 -0.000403152002012 0.26852305351
1659006501.755838394 -0.0418597689442 0.103893305421 0.0227237485442 0.959237792521 -0.00317659658608 -0.000469188351858 0.282581928821
1659006501.856746912 -0.0447966729125 0.109578082644 0.0215889805133 0.954411082571 -0.00275563327126 -0.00053511115286 0.298482169663
1659006501.957491398 -0.0476700527812 0.111879810005 0.0193803729023 0.949429267982 -0.00259677699837 -0.000126784475419 0.313970230711
1659006502.058420658 -0.0496855830092 0.112720700469 0.020810067737 0.944320629624 -0.00312421129662 -0.000283456230499 0.329011713199
1659006502.159287691 -0.0519322951235 0.114263608824 0.0247592978546 0.938947684113 -0.00328903203993 -0.000782523885405 0.344043335096
1659006502.260123491 -0.057869835189 0.118151477445 0.026048392956 0.9325285223 -0.00373259283219 -0.000422586605122 0.36107678445
1659006502.361584187 -0.0637996476988 0.123135645348 0.0282049703078 0.925588265729 -0.00343975035903 -0.000670508665771 0.378515628318
1659006502.461902618 -0.0683468918414 0.124323123285 0.0273380439744 0.918739204302 -0.00368973358768 -0.000190415054171 0.394847596025
1659006502.562697887 -0.071085154134 0.124327312904 0.0234925505568 0.911865391386 -0.00379138013019 0.000171783981096 0.410471806485
1659006502.663545609 -0.0734301821509 0.128421460114 0.0228377454121 0.904457837692 -0.00357311985597 7.41891202316 0.426548059599
1659006502.764377832 -0.0805550475604 0.134752480103 0.0241959856756 0.896480791124 -0.00312144457802 -0.00016173748217 0.443071576126
1659006502.865159035 -0.0866869277642 0.138146153168 0.0220434418942 0.887524808213 -0.0026736226657 0.000197189146933 0.460752132566
1659006502.966134548 -0.0894688873917 0.142619677563 0.0235885941613 0.878376027268 -0.00318206733867 0.000198322668325 0.477959611093
1659006503.066959858 -0.0916476151581 0.143776633841 0.0227881162985 0.868748022634 -0.00330907119565 0.000216737217052 0.495243249568
1659006503.167855740 -0.0973151410382 0.143146203475 0.0224012567842 0.859206542985 -0.0027250256001 0.000105467269891 0.511621617609
1659006503.268720627 -0.10048529613 0.142999080157 0.018935200933 0.849467095734 -0.00341335612847 0.00070411002332 0.527630084902
1659006503.369568825 -0.104536140802 0.144528591508 0.0182501567922 0.839107565836 -0.00343020614236 0.000560941622098 0.543954420873
1659006503.470448017 -0.108360970963 0.145235899342 0.0183812797155 0.828832678406 -0.00299726126352 0.000864646413552 0.559487855112
1659006503.571303844 -0.113895505777 0.146325627881 0.0172665292697 0.818350115813 -0.00370177829274 0.000778337514554 0.574707559527
1659006503.672144890 -0.11892521081 0.14708588206 0.0170411064661 0.808244223338 -0.00346208563494 0.00106826025651 0.588836266057
1659006503.772995949 -0.125524999644 0.150383853402 0.0158140855825 0.796586728532 -0.00327869799573 0.000917304754475 0.604514675271
1659006503.873857737 -0.130335284565 0.152817867902 0.0152234764842 0.783763782616 -0.00275109827274 0.000970383965979 0.621052190135
1659006503.974694014 -0.135739961089 0.153297274141 0.0170759241544 0.771180255911 -0.00238330638125 0.000919400050727 0.636611724246
1659006504.075611353 -0.140563893508 0.154980260184 0.0201985258832 0.758783077502 -0.00398566747912 0.00123941809029 0.651330038915
1659006504.176485300 -0.149192518849 0.154299766559 0.0216639246451 0.745837611271 -0.00380880997898 0.00124692334772 0.666115752525
1659006504.277525425 -0.156050232767 0.155484661889 0.0144225282873 0.731345517422 -0.0030560984518 0.00134218428465 0.681998968438
1659006504.378154755 -0.166034405836 0.158684880735 0.0160778751348 0.717218171183 -0.00280473799991 0.00114119852808 0.696842109833
1659006504.478853941 -0.170364053137 0.160904303608 0.0155439981078 0.702492490992 -0.0031724848078 0.00141616860612 0.711682675007
1659006504.579869032 -0.172669629386 0.156110494586 0.0199227476612 0.688909675997 -0.00367481736922 0.00188037107602 0.724835442179
1659006504.680686712 -0.177906839557 0.152449565216 0.0179498906534 0.673703792064 -0.00251683841862 0.0010479693014 0.738996459967
1659006504.781492233 -0.180026106073 0.153647821256 0.0177140442675 0.658839468188 -0.00297090361794 0.00145779154959 0.752276281517
1659006504.882375002 -0.185830119346 0.150222832368 0.0188983709788 0.643051939183 -0.00341551116763 0.00178574456854 0.765812868077
1659006504.983301401 -0.194391447749 0.148570752359 0.0194373762489 0.627433766029 -0.00292328996879 0.00159998279795 0.778662804863
1659006505.084141731 -0.199726263363 0.146489367901 0.0207463759657 0.611900382092 -0.00348243796282 0.00185872832637 0.790924990217
1659006505.184992790 -0.204319989984 0.146517099516 0.0208606992899 0.595857435271 -0.00340588161187 0.00212188258063 0.803080204224
1659006505.285864353 -0.208413196672 0.1452896463 0.0191012306522 0.579462922434 -0.00328194273394 0.00206522285968 0.814989377373
1659006505.386711121 -0.2151331929 0.141565922395 0.0202420509933 0.560860308041 -0.00315201133887 0.00223162402448 0.827901443134
1659006505.487623692 -0.222163349616 0.139065605989 0.0237728812331 0.54234230626 -0.00322600863065 0.00227551545563 0.840148342698
1659006505.588459015 -0.225969121307 0.137370453495 0.0251145601617 0.522025242096 -0.00395086843502 0.00294773015143 0.852915791939
1659006505.689269304 -0.230939108797 0.135007035041 0.0220838620966 0.503679480355 -0.00342251535812 0.00256212647294 0.863880028109
1659006505.790208817 -0.231780316659 0.131001449915 0.0253159153184 0.484700728947 -0.00396642209719 0.00333579116774 0.874664703387
1659006505.890999794 -0.234756673939 0.128148923356 0.0222024943483 0.464336817203 -0.0037247377017 0.0034310490326 0.885644214355
1659006505.991811514 -0.243259495406 0.123022292671 0.0234873198075 0.444699639616 -0.00394605558059 0.00312542244599 0.895665613332
1659006506.092757702 -0.247100064903 0.117598737789 0.020725223941 0.423964818497 -0.00346919850557 0.00296640454656 0.905667156179
1659006506.193516731 -0.250755844125 0.115065200865 0.0163953551796 0.40331726139 -0.00285533841018 0.00261997847986 0.91505200367
1659006506.294398308 -0.255777979397 0.10886860646 0.0144322080897 0.380363389099 -0.00283486392406 0.00302336323084 0.924827829952
1659006506.395284176 -0.262733950051 0.105554851057 0.0165283536303 0.357068704405 -0.0030611469039 0.00330744120535 0.934067251619
1659006506.496134281 -0.264644895643 0.0990387995509 0.0197773596016 0.333361999014 -0.00344644013519 0.00359228417072 0.942785763129
1659006506.597034931 -0.266196428216 0.093447419075 0.0210229480383 0.310616848606 -0.00280089943048 0.00279579800795 0.95052696534
1659006506.697875977 -0.27058376576 0.086295942906 0.0234175456004 0.287872894886 -0.00306617657632 0.00410807922045 0.957654905817
1659006506.798739433 -0.272921603816 0.0770261587314 0.0214691851629 0.265204298286 -0.00315407802938 0.00381893433724 0.964179520475
1659006506.899587631 -0.276563704538 0.0706902124327 0.0254648301226 0.240795561822 -0.00294690723903 0.00334184291227 0.970565631593
1659006507.000412464 -0.27988244897 0.0649423522489 0.02601756896 0.217969216712 -0.00343880475619 0.00403870099414 0.97594122983
1659006507.101258516 -0.281456525729 0.0598928627899 0.0238566504712 0.195826013358 -0.00305763996728 0.00406506792165 0.980625462933
1659006507.202117205 -0.282569979328 0.0533835777509 0.021910888053 0.173445101237 -0.00299902403808 0.00466683531177 0.984827915607
1659006507.302969933 -0.281877071734 0.0463341007222 0.023704398758 0.148677450398 -0.0028377848297 0.00442834245033 0.98887175736
1659006507.403851271 -0.28254203635 0.0391476437893 0.0254343585837 0.122789039043 -0.00259408061492 0.00474144062795 0.992418077917
1659006507.504597664 -0.285366680442 0.0340569298903 0.0282933519484 0.0979226321615 -0.00303806131078 0.00578575777308 0.995172574633
1659006507.605566978 -0.286642030546 0.0266338345918 0.0333664030916 0.0737373048955 -0.00349214221262 0.00566406465295 0.997255500452
1659006507.706294537 -0.28493981797 0.0208056783776 0.0332036288624 0.0486487788659 -0.00277126339302 0.00495456861864 0.998799814109
1659006507.807311535 -0.288308832294 0.013791112882 0.0328689463054 0.0252239787486 -0.00292521058537 0.00442975034145 0.999667730474
1659006507.908030033 -0.286249098681 0.00363140670452 0.0305558619906 0.000620700775282 -0.00254490906679 0.00544337771383 0.999981753737
1659006508.009022236 -0.284025682772 -0.00236125037472 0.0284325189404 -0.0243762305187 -0.00239819604921 0.0052251744768 0.9996863236
1659006508.109843254 -0.285787319625 -0.00783373789563 0.0262001215493 -0.0478972309619 -0.00185976168098 0.00468070994266 0.998839570455
1659006508.210720062 -0.282212056081 -0.0150665536447 0.0233183448699 -0.0744797032706 -0.00161559657153 0.00493867920819 0.997208991684
1659006508.311562061 -0.279465213867 -0.0203760909344 0.024171159058 -0.0998996772485 -0.00136776845157 0.00398165524537 0.994988608034
1659006508.412476778 -0.275160674783 -0.0257320950001 0.022177299022 -0.124730140291 -0.00108363357834 0.00406630385323 0.992181779219
1659006508.513320446 -0.271785911863 -0.0314559208111 0.0243287288259 -0.149065684839 -0.000835816415756 0.00507276169282 0.988813930982
1659006508.614138126 -0.26618744816 -0.0371883898993 0.0264565294443 -0.172642945932 -0.000826972558485 0.00550800939349 0.984968725985
1659006508.714977741 -0.263527395273 -0.0424843370405 0.0320270687609 -0.197300628915 -0.00124266395065 0.00506005784172 0.980329186259
1659006508.815859556 -0.262229414694 -0.050589199922 0.0284019113051 -0.221297652423 -0.000905543125226 0.00536239384805 0.975191147292
1659006508.916767120 -0.259660788036 -0.0537228580915 0.0267830319561 -0.247964767322 -0.000754181277723 0.00464668072303 0.968757613511
1659006509.017624378 -0.258725100365 -0.0601863651309 0.0277788873079 -0.272799694628 -0.00038513702249 0.00485718205112 0.962058514885
1659006509.118353605 -0.254445729596 -0.0682111885085 0.0272535414708 -0.298556628697 -0.000349214900951 0.00501714539852 0.954378670006
1659006509.219302654 -0.244635711811 -0.0738181442684 0.0259618764126 -0.324578258739 -9.68802419552 0.0058091404066 0.945841000621
1659006509.320168972 -0.238624973809 -0.0786214219988 0.0258104506175 -0.350962029513 -0.00046007446806 0.00361218808912 0.936382611046
1659006509.420992851 -0.234096128817 -0.0800906199289 0.0255823046836 -0.378376486557 5.05922066686 0.00476994350113 0.92563949896
1659006509.521886587 -0.230495154302 -0.086132907263 0.0283117072007 -0.404297909715 0.000255447257662 0.00481180599908 0.914614662833
1659006509.622708797 -0.227820161675 -0.0912429504162 0.0250035982966 -0.429092478426 0.000214790071526 0.00393247014271 0.903251977303
1659006509.723592281 -0.221855187038 -0.0958805505443 0.0233478720009 -0.452726679135 0.000200157286827 0.00362958706377 0.891641934878
1659006509.824413061 -0.215937441221 -0.0999931811169 0.0234719160937 -0.476252594049 0.000860793721002 0.00390935220341 0.879299404447
1659006509.925293207 -0.208630000494 -0.105334407121 0.0226053734982 -0.49990930077 0.00113048444999 0.00395206977127 0.86606800781
1659006510.026201725 -0.200774929208 -0.107880725497 0.0249828881119 -0.524441799039 0.00052906737195 0.00369717968668 0.851438107187
1659006510.127036095 -0.197465197679 -0.109123086675 0.0287995443137 -0.547143563786 0.000601154680477 0.00368523165443 0.837030452426
1659006510.227847099 -0.190418255018 -0.111272947515 0.0288171489388 -0.568653104444 0.000979126272376 0.00350204192191 0.82256940365
1659006510.328695297 -0.18093321359 -0.112271073527 0.0243386381177 -0.589085946448 0.000608395543852 0.00310659943803 0.808064184699
1659006510.429635048 -0.173916736271 -0.114891920841 0.0215623091284 -0.611138290803 0.00148666319974 0.00363367737144 0.791514103308
1659006510.530394793 -0.162952901262 -0.116648750385 0.0234220327169 -0.631870697927 0.0011729309767 0.00314687016901 0.775066540719
1659006510.631278276 -0.155820324776 -0.121298498715 0.0269435256525 -0.651018988586 0.00111591338039 0.00368801577804 0.759051664761
1659006510.732136726 -0.147682262275 -0.122292950979 0.0277246355767 -0.670283444284 0.00133449747451 0.00388860193515 0.7420937961
1659006510.832989216 -0.141577695845 -0.119196787175 0.0291721391483 -0.690697600679 0.000922734477848 0.00340250174764 0.723135115977
1659006510.933823109 -0.135953223461 -0.119213929464 0.0247547438644 -0.710345450019 0.00102764004396 0.00305982774351 0.703845809142
1659006511.034719944 -0.12798787392 -0.118451044821 0.0260654805645 -0.730819550711 0.00069028905985 0.00261451667675 0.682565361047
1659006511.135545254 -0.120751368549 -0.11679408957 0.0265669846691 -0.750169179441 0.00126078867179 0.00287228180667 0.661238506612
1659006511.236275911 -0.114346490233 -0.116166322618 0.0268361117006 -0.768983548957 0.000913420654401 0.00257879075773 0.639262713549
1659006511.337154388 -0.110545612098 -0.11764866795 0.0233266943207 -0.78699331115 0.00120997148935 0.00259493220095 0.616954885305
1659006511.438164234 -0.10418645931 -0.11201461786 0.0280691573725 -0.804852896845 0.00222702229064 0.00311746878437 0.593461992212
1659006511.538985491 -0.099781917356 -0.110738749126 0.0257420751462 -0.821969044709 0.00130363124452 0.00250638405388 0.56952516022
1659006511.639855385 -0.0888586810646 -0.106724323889 0.0204241771837 -0.838931549434 0.00197324519665 0.00245425082686 0.544227836775
1659006511.740693092 -0.082548868147 -0.105284652676 0.0221605219378 -0.85424987305 0.00158175775538 0.00231065929361 0.519855088742
1659006511.841639042 -0.0773893511007 -0.0998616621748 0.0251130991859 -0.868868139183 0.0023984297703 0.00280403669959 0.495029839126
1659006511.942449093 -0.0693174377895 -0.0911080185748 0.0228889550286 -0.882881284293 0.00227478939948 0.00233503694099 0.469584934577
1659006512.043177128 -0.0619562470782 -0.0855623953509 0.0233625495152 -0.896331031182 0.00179824633589 0.00253240987805 0.443374599804
1659006512.144123554 -0.0604671666861 -0.0783930526621 0.0261255860115 -0.908493245027 0.00228786220138 0.00258858873891 0.417885257737
1659006512.245027542 -0.0563640213787 -0.0718548203454 0.025183391894 -0.919765867684 0.0019191563999 0.00210220974314 0.392457190271
1659006512.345822334 -0.0525935677797 -0.0673583157758 0.02147275695 -0.930497887535 0.00154394353165 0.00134455786976 0.366291536478
1659006512.446717739 -0.0421381780411 -0.0601017615105 0.0234611091889 -0.941227009732 0.00166871110088 0.00169900475643 0.337766257843
1659006512.547561646 -0.037297126423 -0.0549561976357 0.0232851274515 -0.950376276989 0.00221085838936 0.00146902885804 0.311091443464
1659006512.648323059 -0.0300220404454 -0.0504065519131 0.0226029311583 -0.957926049284 0.002144200691 0.0015013054062 0.287003192644
1659006512.749266624 -0.0284280287301 -0.0419838673201 0.0228189608577 -0.965330297367 0.00224375882217 0.00100045909766 0.261019887388
1659006512.850153446 -0.0248529007365 -0.0339695411829 0.0206392704515 -0.972279533671 0.00188984142437 0.00107758438528 0.233811410578
1659006512.950968027 -0.0223980858047 -0.025021429877 0.0163028473759 -0.979101694401 0.00204478267283 0.0010818500351 0.203358108976
1659006513.051882505 -0.0239461189624 -0.0169826137809 0.0160110953799 -0.984672231461 0.00216546557581 0.00107231973788 0.17439827258
1659006513.152687788 -0.02550435491 -0.00774608937163 0.0145024239104 -0.989431047847 0.00226248878072 0.00066593201901 0.144984962103
1659006513.253562450 -0.023677766542 0.00153722039091 0.0133074332337 -0.993306691623 0.00215558915801 0.000670115351086 0.115484720882
1659006513.354408741 -0.0227021819841 0.00983112336371 0.0110051368519 -0.996272166336 0.00194537421557 0.000210110516203 0.0862435038542
1659006513.455294132 -0.0247604056891 0.0158197257398 0.015407691264 -0.99837961663 0.00259656310928 0.000702576122014 0.0568410533445
1659006513.556035280 -0.0261582767981 0.0227127785535 0.0133220540232 -0.9996093598 0.00265279345334 0.00048193727292 0.0278183073425
1659006513.657026768 -0.0277691448383 0.0294030797923 0.0125353260144 -0.999995867678 0.00276189472236 0.000504542723247 -0.000618061991905
1659006513.757833242 -0.0277954499139 0.0356636013512 0.0136585254717 -0.999554040938 0.00283837045533 0.000384693079922 -0.0297239786927
1659006513.858682156 -0.0266014721199 0.0411182815668 0.0146712333978 -0.998298009287 0.00300993987513 0.000530755143152 -0.0582386745551
1659006513.959538937 -0.0280572296085 0.0499606302677 0.0149515605798 -0.99610139064 0.00278865564884 0.000111897746047 -0.0881715965802
1659006514.060437918 -0.0310515643463 0.0578377158457 0.014995634892 -0.992963806989 0.00298471519043 0.00026357662497 -0.118380319363
1659006514.161290169 -0.0330787338089 0.0694882674926 0.0174373799097 -0.988895511522 0.00234886059443 8.19759787975 -0.148593887581
1659006514.262119055 -0.0335074790334 0.0794862391202 0.0202877383673 -0.984097318342 0.00223550201728 0.000247459893735 -0.177615903921
1659006514.362933636 -0.0389710650678 0.0891325501341 0.0198522541106 -0.978048693463 0.00259146662134 0.000192970116816 -0.208360265596
1659006514.463902712 -0.0443940618182 0.0927588716783 0.0201110618455 -0.971255251594 0.0034099653866 0.000258070640437 -0.238015843561
1659006514.564668179 -0.0492422692296 0.0990586933542 0.0208509699998 -0.963730747335 0.00315960458959 0.00043398225607 -0.266857406116
1659006514.665594578 -0.0562307426354 0.107870713687 0.0220560741334 -0.955286254131 0.00326804620735 0.000209895861808 -0.295664418701
1659006514.766321659 -0.060881788413 0.114837662371 0.0201733456802 -0.945643212293 0.00345821982863 3.17289738657 -0.325187568569
1659006514.867329359 -0.0677572078635 0.121451674162 0.0196238655108 -0.935210939719 0.00320345191907 -0.000178193629795 -0.35407655157
1659006514.968121529 -0.0740166052099 0.127203241462 0.0209137390755 -0.923777083633 0.00355109867703 1.06065925618 -0.382914206241
1659006515.069026947 -0.0793492491305 0.13412528322 0.0177786786704 -0.911489899921 0.00311537117421 -0.000525135181335 -0.411310322064
1659006515.169884920 -0.0844946399812 0.13919142557 0.0168469542678 -0.898282187222 0.00308066416119 -0.000553946295402 -0.43940791387
1659006515.270727158 -0.0897824679917 0.142896033898 0.016758012089 -0.884097557805 0.00366814893668 -0.00105901527544 -0.467286776458
1659006515.371595144 -0.093798159183 0.147682749648 0.0170368139788 -0.869519530033 0.00388787917081 -0.000963045359123 -0.493882317795
1659006515.472435713 -0.0980465308332 0.152127272749 0.0161842808919 -0.854157428564 0.00315531960919 -0.00113782413234 -0.52000368897
1659006515.573277473 -0.102667260871 0.15329933606 0.0170878632536 -0.838874758224 0.00379078039564 -0.0013722786929 -0.544309550577
1659006515.674162388 -0.11028494422 0.155678442513 0.0160167195486 -0.822920170879 0.00342557608359 -0.00155023164753 -0.568144571893
1659006515.774980068 -0.118706718254 0.158983833926 0.0129398707622 -0.806553290266 0.00408604871647 -0.00190524402403 -0.59114419917
1659006515.875846386 -0.129490396943 0.164477355354 0.0153621864391 -0.789228243317 0.00301397031998 -0.0013982956359 -0.614090987317
1659006515.976749659 -0.138614220629 0.166513297508 0.0172268339358 -0.770348804674 0.00353935750794 -0.00160204105961 -0.637610873144
1659006516.077596903 -0.151295461182 0.168930765647 0.0183376238994 -0.750509058106 0.00329731533877 -0.00123239667943 -0.660850786949
1659006516.178453445 -0.15995066557 0.16607622625 0.0178509138012 -0.729528074912 0.00330171883945 -0.00150145194599 -0.683941249093
1659006516.279273033 -0.158140633374 0.152348706088 0.0172575274535 -0.713823234458 0.00314465481007 -0.00151875391846 -0.700317209899
1659006516.380153179 -0.147654239839 0.14492533888 0.0164625166471 -0.71561471521 0.00291267756329 -0.000819709098435 -0.698488671176
1659006516.480976105 -0.142296701859 0.140197679789 0.0155527600709 -0.722889454837 0.00324624102638 -0.00128231519103 -0.690954885411
1659006516.581724167 -0.142259532899 0.138980818905 0.01768523911 -0.725328348119 0.00358079950505 -0.00138779562318 -0.688392358553
1659006516.682737827 -0.145307500592 0.139718828063 0.0192382827426 -0.723651133546 0.00365039348161 -0.00129532579759 -0.690155079439
1659006516.783581257 -0.144969032209 0.140504890663 0.0235427003117 -0.723339016161 0.00332192969183 -0.00085036165352 -0.690484546798
1659006516.884421349 -0.144087927206 0.142051412584 0.0232884624246 -0.723555880587 0.00352633490476 -0.00132576777638 -0.69025552875
1659006516.985293150 -0.145067370871 0.142173081393 0.0214137798278 -0.723760235538 0.00355419656758 -0.00117269088719 -0.69004138567
1659006517.086060524 -0.147225093767 0.144610232108 0.0196316273697 -0.723882155792 0.00288946742944 -0.000783275950566 -0.68991714139
1659006517.186971426 -0.148663396079 0.1444292124 0.0151990141838 -0.723574205216 0.00360740323493 -0.00159516413648 -0.690235330622
1659006517.287841320 -0.148410474175 0.144985724457 0.017172337189 -0.723657696623 0.00293257998629 -0.00121539166811 -0.690151766582
1659006517.388746738 -0.14697482197 0.144569061757 0.0184336311913 -0.723778149381 0.00327196660326 -0.00113269869465 -0.690024058788
1659006517.489554644 -0.146050396609 0.145654942305 0.0196598845799 -0.723591473388 0.00341101418014 -0.00131696802908 -0.690218813288
1659006517.590431213 -0.1452711184 0.145404703442 0.0199359422217 -0.723809402554 0.00342725240317 -0.00103365841112 -0.689990676941
1659006517.691151857 -0.145773150511 0.146440285713 0.0186973476366 -0.723571836062 0.00320905741384 -0.00102112870225 -0.690240869048
1659006517.791889191 -0.145701938997 0.145837677214 0.0175640462764 -0.723452257301 0.00400889493058 -0.00165961668562 -0.690360779476
1659006517.892907619 -0.148127295859 0.145400178355 0.0204568279661 -0.723512554978 0.00310423813347 -0.00101912148655 -0.690303489696
1659006517.993763924 -0.14808223037 0.146198099474 0.0194412221415 -0.723616633064 0.00324000845266 -0.000940815285342 -0.690193875346
1659006518.094691515 -0.146271527252 0.144841858909 0.0194872356169 -0.723342687765 0.00316829982887 -0.00110122703947 -0.690481067976
