1659006522.330657005 -0.000381143882302 -0.00215972056046 0.027089133079 0.999997260815 -0.00219950209144 0.000646065241154 -0.000472390627546
1659006522.431551933 0.00352336879309 -0.00622383700409 0.0225539903082 0.999998320566 -0.00171053725085 0.000655765140961 -5.3852201592
1659006522.532428265 0.00625469417827 -0.00455483720638 0.016564931606 0.999999202227 -0.00126211162177 1.8132000654 4.78635779878
1659006522.633265972 0.0014156419254 -0.00584527012203 0.024759748725 0.999998131983 -0.0013457385279 0.00138734399097 1.71624955445
1659006522.734132767 0.00115470639944 -0.00469925060824 0.022604081605 0.999997939203 -0.00163620515362 0.00119577929632 -0.000120560767788
1659006522.834977627 0.00188981206077 -0.0070385443365 0.0220828635916 0.999992988255 -0.00136477725132 0.000981395832653 -0.00334629445752
1659006522.936028004 0.000617821986475 -0.0149679959261 0.0241294187806 0.999956554209 -0.00168469853489 0.000821774733971 -0.00913105534771
1659006523.036713123 0.00167924916839 -0.0266516001625 0.0223690058701 0.999734044631 -0.00143270185638 0.000546865330798 -0.0230106129646
1659006523.137580395 0.000113746792156 -0.034424322842 0.0290748544582 0.999063321034 -0.00243316044015 0.00137537304955 -0.0431818091826
1659006523.238433361 0.00304188351055 -0.0419883132316 0.0290110604127 0.997991438895 -0.0019199771311 0.00120735026486 -0.063308323989
1659006523.339232445 0.00138942971253 -0.0446527156485 0.0332976522897 0.996554979741 -0.00185227638904 0.00159659638836 -0.0828986869978
1659006523.440141678 -0.000952910435803 -0.0496115223666 0.0339201321498 0.994991831419 -0.00208289611864 0.00137866462354 -0.0999250530955
1659006523.540900230 -0.0028570001838 -0.0508822635908 0.0277423509976 0.993207635959 -0.00139991899559 0.000998279076732 -0.116342750264
1659006523.641706467 -0.00784157578154 -0.0553544607153 0.0314664733447 0.991099054404 -0.00134803649103 0.00154724297837 -0.133110680246
1659006523.742725849 -0.00974640675535 -0.0588265798436 0.0275958566969 0.988554539436 -0.000933462056393 0.000591676307229 -0.150859872489
1659006523.843560696 -0.0144825949186 -0.06263967427 0.0238700847742 0.985830398395 -0.000466659756829 0.000780945691141 -0.167742653949
1659006523.944487333 -0.0151237697981 -0.0668775688734 0.0234902914489 0.982635482363 -0.000328570678868 7.77232905305 -0.185546206651
1659006524.047354221 -0.0242146625755 -0.0760281838743 0.0236988460936 0.978523012629 -0.000521908172819 0.000869290938798 -0.206135115157
1659006524.146146059 -0.0303775464306 -0.0860337870258 0.0186536514612 0.973608313037 -0.000487518235558 0.00115210184378 -0.228222014216
1659006524.247244358 -0.0339872259236 -0.0928228783919 0.0217673803201 0.968015479275 -0.000900052795593 0.00140348659464 -0.250884937798
1659006524.347878456 -0.0330172804611 -0.0994418144936 0.0246993502691 0.962298923281 -0.0012208145347 0.00124246921973 -0.271988507357
1659006524.448758602 -0.0306871110013 -0.0972813726667 0.0235453376471 0.957187592618 -0.000638735138696 0.000769148076178 -0.28946660078
1659006524.549574852 -0.0273941499909 -0.0999877901298 0.0260292542813 0.953048296063 -0.000373350347024 -1.38438415511 -0.302818106771
1659006524.650400877 -0.0302502576436 -0.107100317548 0.027728719734 0.948473276214 -0.00124777112439 0.000996561273408 -0.316853111458
1659006524.751306057 -0.0378965750604 -0.114868242061 0.0261850138583 0.942273955279 -0.000744240384332 0.000842343278924 -0.334841051496
1659006524.852135181 -0.0400618426453 -0.118131239545 0.0237779308637 0.935597190816 -0.00102006030872 0.00176531020547 -0.353063364984
1659006524.953001738 -0.0417190835279 -0.116245869453 0.0229892710158 0.929604588464 -0.000718366142935 0.00182547495423 -0.368553199278
1659006525.053838253 -0.0415756119389 -0.115491746554 0.0227736220509 0.924191280526 -0.000922636806377 0.00136319449939 -0.381926390084
1659006525.154724121 -0.0442444930368 -0.120199102169 0.0247358849685 0.918293283808 -0.000612880031443 0.000249763849181 -0.395900248686
1659006525.255574226 -0.0501928985994 -0.126116679614 0.0273401187397 0.91142075767 -0.00122495490502 0.00125537428461 -0.411471901845
1659006525.356448889 -0.0555230171157 -0.133269021581 0.0245044591601 0.903493253644 -0.00102862316454 0.0012488816001 -0.428599256706
1659006525.457269430 -0.0603576615733 -0.139226566335 0.0250499005663 0.894330996473 -0.000800984038287 0.000818421587165 -0.447404467298
1659006525.558219433 -0.06778418473 -0.139752682664 0.0257627534914 0.885530760517 -0.00191934684945 0.00153902660012 -0.464574234847
1659006525.659030914 -0.0736622531442 -0.145491581173 0.0261950511017 0.874957250986 -0.00141716947895 0.000778729525594 -0.48419747434
1659006525.759915829 -0.0761867421206 -0.148443057466 0.0262702807991 0.862322018456 -0.00113636399507 0.00060540304589 -0.506358646267
1659006525.860642195 -0.0742694465841 -0.147965940458 0.028308565006 0.85035808278 -0.00171481293073 0.000617701367548 -0.526201300751
1659006525.961577177 -0.0784671391584 -0.138922643835 0.0304094614728 0.84039813412 -0.002510709031 0.000797581212877 -0.541963131931
1659006526.062431097 -0.0773798502705 -0.136545795414 0.0284177129892 0.833291332691 -0.00165082878027 0.000323438323975 -0.552831552116
1659006526.163279057 -0.0836279607929 -0.136693771161 0.0275986145918 0.826027013831 -0.00124782023652 -0.00010215688648 -0.563629137758
1659006526.264115095 -0.0911386604896 -0.140074249929 0.0252325179543 0.817286500217 -0.00105589750651 3.48884154039 -0.576230561864
1659006526.365032196 -0.0983633124414 -0.146888656227 0.0245419818845 0.807075984979 -0.000683338947197 -0.000292987461623 -0.590447120136
1659006526.465858936 -0.103911411376 -0.151051894815 0.0261956839545 0.796090671622 -0.00212564424828 0.00121162764515 -0.605172418532
1659006526.566600800 -0.1047949052 -0.155180826102 0.0212900044851 0.786094108881 -0.000998977069448 0.000703077961396 -0.618105621806
1659006526.667489052 -0.104886325464 -0.155925294592 0.0207732485267 0.776116832014 -0.00035657686219 0.000651919918008 -0.630588701864
1659006526.768425465 -0.107683558995 -0.157831633291 0.0177732011158 0.764937393656 -0.000405754218878 0.000444501787912 -0.644104356117
1659006526.869286776 -0.10827189363 -0.162907923038 0.0214012378555 0.753819765589 -0.000928365945201 0.000959342083967 -0.65707988769
1659006526.970183849 -0.112948856868 -0.15653962564 0.0237938874791 0.74121804687 -0.0013883089737 0.00053048816718 -0.671262689395
1659006527.071034670 -0.116757854001 -0.144773221332 0.034011332094 0.728113956121 -0.00296146616498 0.00040746419357 -0.685449582823
1659006527.171860218 -0.120918066132 -0.14667708175 0.0269523630724 0.715712142926 -0.00147617555077 0.000713188300832 -0.698393471287
1659006527.272724152 -0.126980749824 -0.150722574105 0.0265536258536 0.701575436712 -0.00187347102258 0.000385041138444 -0.712592624472
1659006527.373575449 -0.134109933506 -0.151139426261 0.0242767213151 0.689740764231 -0.00156135843703 0.000747711713852 -0.724054335838
1659006527.474489689 -0.137360220723 -0.145743504446 0.0250495645328 0.675140974918 -0.00188824804612 0.000515527677153 -0.7376861343
1659006527.575350046 -0.137992711708 -0.14094268869 0.0201282761296 0.661369469545 -0.00133700988693 0.000621785875321 -0.750058831386
1659006527.676188946 -0.140866331386 -0.137737252303 0.0200892895445 0.647527230451 -0.00180146200801 0.000787247259644 -0.76203977639
1659006527.778447151 -0.140631293092 -0.135481607778 0.0201606925121 0.633061145823 -0.00168425285319 0.000791977391718 -0.774099555428
1659006527.877723217 -0.142880463384 -0.133849811104 0.0250584384935 0.618215512457 -0.00174473077102 0.00048819384025 -0.786006550697
1659006527.978720188 -0.14652310938 -0.128530468524 0.0285005625268 0.604721140894 -0.00261898881509 0.000523685726412 -0.796432802192
1659006528.079521656 -0.148711389595 -0.124212386484 0.0282539714185 0.589800973325 -0.00219380017754 0.000492837604614 -0.807545513403
1659006528.180399418 -0.151953634733 -0.123058907937 0.0308744703619 0.57510035691 -0.00306373081676 0.000628621085648 -0.81807688995
1659006528.281364441 -0.157432624018 -0.128493198618 0.0313322743159 0.560344955026 -0.00273660894214 0.000428213660535 -0.828254706585
1659006528.382145643 -0.163445553135 -0.128495415647 0.0305479686372 0.545525915728 -0.00293156121195 0.00018524003038 -0.838088806096
1659006528.482915163 -0.170958834777 -0.128193967173 0.0310167823019 0.530222418845 -0.00251964502839 0.000336368065557 -0.847854778131
1659006528.583842278 -0.180243076684 -0.127255550754 0.0291416944978 0.514255331353 -0.00283795898457 0.000363934156273 -0.857632361631
1659006528.684762478 -0.187118391015 -0.126066514726 0.0265848186449 0.49647415993 -0.00295310290032 0.000570567227856 -0.868046290331
1659006528.785806656 -0.193704263519 -0.124588879339 0.0266582557773 0.477649054404 -0.00222406017541 0.00033507504905 -0.878547848502
1659006528.886450768 -0.207977102547 -0.123418835101 0.0259128123843 0.458798318815 -0.00213583186661 0.000196464673467 -0.888537845157
1659006528.987302303 -0.221944258707 -0.120297533866 0.030112389355 0.43885901225 -0.00229934845346 -0.000386522682548 -0.898552909385
1659006529.088150978 -0.235641427687 -0.123355406695 0.031936607136 0.419717092413 -0.00216768712427 -0.000171684570834 -0.907652375083
1659006529.189007282 -0.24472607962 -0.123348890196 0.033754991683 0.40028133148 -0.0029074261671 -0.000146038559277 -0.916387680632
1659006529.289846897 -0.252514432004 -0.12138615337 0.0343807520475 0.381109090519 -0.00335596406595 -0.000247072012626 -0.924523951872
1659006529.390585899 -0.251873253327 -0.123028801924 0.0373530691722 0.361395302598 -0.00281634513712 -0.000560347601112 -0.932408274025
1659006529.491581917 -0.251725275637 -0.128224008582 0.0399405989301 0.342444273528 -0.00240749731784 -0.00112475323007 -0.939534383838
1659006529.592421532 -0.25183375652 -0.127884668714 0.040652121771 0.325862138754 -0.00283461861797 -0.00124217957488 -0.94541223202
1659006529.693305016 -0.252333016797 -0.125439380224 0.043094017932 0.308088456887 -0.00323301088488 -0.00145611744165 -0.951351107686
1659006529.794168234 -0.253618405039 -0.12269484414 0.0440279353601 0.290196273918 -0.00275327403325 -0.00156329216895 -0.956961910529
1659006529.895028114 -0.25619081951 -0.123431601522 0.0446358188811 0.271612942041 -0.00311982041004 -0.00161803354231 -0.962400155031
1659006529.995715141 -0.262215327174 -0.118997983782 0.0371390546125 0.252372875824 -0.00230063104334 -0.00135359659523 -0.967626377494
1659006530.096912622 -0.26617586579 -0.116830849108 0.0408277445474 0.233164114349 -0.00218782080058 -0.00173240493059 -0.972433395145
1659006530.197588444 -0.267543192276 -0.110945640838 0.0376935831059 0.215286003924 -0.0016636166221 -0.00174020649371 -0.976548073868
1659006530.298431396 -0.270808460665 -0.103606609739 0.0368860534984 0.197543854682 -0.00312245040577 -0.00167560098236 -0.980287645613
1659006530.399300575 -0.271516682975 -0.0951256120634 0.0351654869371 0.177775609278 -0.00198913490266 -0.00138505800795 -0.984068065584
1659006530.500139236 -0.273114696559 -0.0901337581699 0.0333198292627 0.159868692284 -0.00217820574555 -0.00125557747602 -0.987135087094
1659006530.601021767 -0.277596639363 -0.0885227150951 0.0320408567084 0.141909890167 -0.00249439965532 -0.00133232582149 -0.989875540637
1659006530.701869488 -0.282512012725 -0.0830299699732 0.0317797682148 0.121981049547 -0.00212314997989 -0.00145775808954 -0.992529088101
1659006530.802754879 -0.286701260652 -0.078853266888 0.0298647454421 0.102286308831 -0.00142336793958 -0.00102245920769 -0.994753456705
1659006530.903517723 -0.286685892425 -0.0719521209749 0.0283723443641 0.0845988788623 -0.00194810910945 -0.00106966283358 -0.996412610512
1659006531.004482985 -0.28935078196 -0.0688358406409 0.0297098207075 0.0652502049927 -0.00204710171691 -0.00131962451967 -0.997865962299
1659006531.105292797 -0.292926021239 -0.0679942920704 0.0323945237498 0.0462371508691 -0.00180311951166 -0.00157529250934 -0.998927621549
1659006531.206131935 -0.291039783191 -0.0640485413772 0.0297673624429 0.0284622252403 -0.00204948796602 -0.00118221927672 -0.999592068641
1659006531.306894302 -0.29110464213 -0.0577925680495 0.0301728714166 0.00952636020844 -0.00235976840273 -0.00133642648678 -0.999950945756
1659006531.407948971 -0.291727164574 -0.0556304875162 0.0305433605587 -0.0093775358578 -0.00146038866468 -0.0018080903853 -0.999953328859
1659006531.508714199 -0.291086000531 -0.0465038028174 0.0283669671905 -0.026804698852 -0.00190337963899 -0.00150062172953 -0.999637751088
1659006531.609623909 -0.286683051262 -0.0408447943728 0.0243381816293 -0.0457363048165 -0.00118789772693 -0.00120224383925 -0.998952117937
1659006531.710603714 -0.292374531739 -0.0348246593506 0.0221242479063 -0.0643036801944 -0.00216190470292 -0.00129632879674 -0.997927192942
1659006531.811320066 -0.294381691114 -0.0283125504013 0.0258449752908 -0.0824692612445 -0.00191370100091 -0.00127004309688 -0.996590962075
1659006531.912146568 -0.293465043825 -0.0226889730095 0.0302406402512 -0.100888459259 -0.00186085576925 -0.00165528208981 -0.994894625599
1659006532.013065815 -0.29164025671 -0.0204756004819 0.0256960058709 -0.119982424636 -0.00121356829733 -0.00134019867391 -0.992774369581
1659006532.113860607 -0.286735768191 -0.0164699491591 0.0246355601975 -0.137396536758 -0.00172048503855 -0.00135504534747 -0.990513702818
1659006532.214728832 -0.285511158551 -0.0113372838258 0.0206814594369 -0.155253032253 -0.00119520141104 -0.00101162869271 -0.987873495989
1659006532.315601110 -0.283263644407 -0.00756619145156 0.0192610241638 -0.173433908018 -0.00137881044183 -0.00135437070184 -0.984843614038
1659006532.416487694 -0.283893050247 -0.00143515408297 0.0181305219258 -0.192071130739 -0.00226778050643 -0.00172729061336 -0.98137686664
1659006532.517402411 -0.282465417198 0.00395515454578 0.0216413196227 -0.210455178467 -0.00167056419076 -0.00158951296165 -0.977600787909
1659006532.618157148 -0.280972244164 0.00925190101552 0.0225115675501 -0.227119855673 -0.00220860670274 -0.00199868120423 -0.973862258479
1659006532.719042778 -0.275925948218 0.0139915839354 0.0265754890095 -0.24611446102 -0.00236690317603 -0.00203380207574 -0.96923574712
1659006532.819852829 -0.271349457577 0.0216212546381 0.0275364828821 -0.264475419476 -0.00173998545646 -0.00206593204558 -0.9643886441
1659006532.920714855 -0.267794997041 0.0311312499073 0.0272420086824 -0.281945841544 -0.00123973321307 -0.00186553447163 -0.959427707167
1659006533.021568537 -0.265598055161 0.0431951418196 0.0239290557532 -0.298959956326 -0.00185498469837 -0.00212951218453 -0.954261478172
1659006533.122442722 -0.265173064285 0.0489271283349 0.0259533485869 -0.316599775025 -0.00094008259346 -0.00199838660647 -0.94855664309
1659006533.223278999 -0.264144418525 0.0542825320091 0.0264861806234 -0.333594846546 -0.000436337485988 -0.00170112226274 -0.942714906083
1659006533.324166536 -0.262778509863 0.0574044157526 0.02757921056 -0.350937317183 -0.000993667720844 -0.00222362367715 -0.936395785729
1659006533.424992561 -0.255947354698 0.0623492591175 0.0251793398084 -0.370427339519 -0.000757711009364 -0.00160282161161 -0.928859754201
1659006533.525874853 -0.249490595537 0.0575374240602 0.0251932143667 -0.391386721567 -0.00132593137214 -0.00175287957076 -0.920223670365
1659006533.626722574 -0.237341603463 0.0658265674431 0.0184618569397 -0.416774753741 -0.00150239530098 -0.00108103224662 -0.909007909109
1659006533.727592945 -0.228455604934 0.0671189765006 0.0168208532582 -0.440539445275 -0.0014348310712 -0.00120038370035 -0.897731305846
1659006533.828458786 -0.217818695701 0.071625214235 0.0192184446531 -0.464316200515 -0.0016823264134 -0.00162518982328 -0.885666412638
1659006533.929312229 -0.210023991557 0.0835920292353 0.0212736789537 -0.486771680667 -0.00187550701275 -0.00170487841469 -0.873525561597
1659006534.030159473 -0.205605605178 0.0939086307402 0.0189611193443 -0.507516419893 -0.00213323609116 -0.00205653433936 -0.861636990565
1659006534.131013393 -0.197208741884 0.100842739609 0.0187867983312 -0.529498038999 -0.00174527904472 -0.00155950832014 -0.84830793267
1659006534.231852055 -0.186576997478 0.10855694417 0.0208637600544 -0.550638446092 -0.00173019843512 -0.00201603617731 -0.834739626289
1659006534.332728863 -0.176065177628 0.111911920263 0.024910721638 -0.570882778665 -0.00183280776347 -0.0022828522848 -0.821026359153
1659006534.433814526 -0.169527609214 0.114848979476 0.023545835436 -0.592214964702 -0.00178961514661 -0.00209521340825 -0.805775305492
1659006534.534495354 -0.164583704644 0.118851651535 0.0243767900155 -0.615076154887 -0.00197974336046 -0.00280823831235 -0.788460219734
1659006534.635190487 -0.152828077603 0.123939222295 0.0254252040959 -0.635504317321 -0.00163113956093 -0.00249816219893 -0.772091549776
1659006534.736187935 -0.140012776013 0.128043842569 0.0263677023735 -0.656813901325 -0.00130584648979 -0.00272244833155 -0.754046671013
1659006534.836858273 -0.130670199492 0.134990543568 0.0236111741299 -0.676399569294 -0.00170232644336 -0.00292165333001 -0.73652711334
1659006534.937705994 -0.121755453678 0.136915626242 0.0223970351382 -0.697694872291 -0.00148213908197 -0.00300315379641 -0.71638722037
1659006535.038741827 -0.113664425759 0.137031943722 0.0209918423327 -0.71780222837 -0.00109095274162 -0.00250666641787 -0.696241687485
1659006535.139478683 -0.104425112742 0.136951941178 0.0221277793982 -0.736759535444 -0.00111916846931 -0.00320307721404 -0.67614634118
1659006535.240397215 -0.103088969226 0.135935271763 0.0212424460742 -0.756243246093 -0.00133238353162 -0.0031147182151 -0.654281801691
1659006535.341234684 -0.0972046634818 0.135325828711 0.0163160874631 -0.776789463557 -0.00121251270333 -0.00287144564988 -0.629752660907
1659006535.442141533 -0.100100321709 0.130466835208 0.0125695044813 -0.79607768551 -0.00119811567245 -0.00202163503861 -0.60518988437
1659006535.543020725 -0.102570463547 0.126042076361 0.0178769553511 -0.815401678497 -0.000691882049343 -0.00279195063649 -0.578888442634
1659006535.643865585 -0.105290432338 0.121411701985 0.0187515611655 -0.832216105041 -0.000707100642597 -0.00263767047964 -0.554444674619
1659006535.744807720 -0.105547217342 0.117357011885 0.0236890223051 -0.849184318555 -0.000455456448143 -0.00309202821899 -0.528087327098
1659006535.845577240 -0.0988765379302 0.108468901868 0.0250534991973 -0.865036941586 -0.000165060009422 -0.00282230661955 -0.501700206331
1659006535.946457863 -0.0900834620618 0.097966124479 0.0242855290643 -0.879436706399 -0.000333625756441 -0.00248078539056 -0.476009258141
1659006536.047390938 -0.0820904371684 0.0864872606851 0.0250860094469 -0.892371019269 -4.76134668719 -0.00298400863387 -0.451292651607
1659006536.148195267 -0.0693508280758 0.0785305538416 0.0252513608201 -0.906087059094 5.13556152783 -0.00323219650223 -0.423078942529
1659006536.249004841 -0.0594702262725 0.0718832737533 0.0261368628686 -0.917555933811 0.000306481521052 -0.00315307416385 -0.397594105239
1659006536.349869251 -0.0547678167264 0.0661546848654 0.0269666635584 -0.928476843195 0.000248257930508 -0.00332532846421 -0.371375325256
1659006536.450726271 -0.0500054618646 0.0610733197376 0.0269184863535 -0.938213679742 0.000564764593934 -0.00301498990222 -0.346042890437
1659006536.551576138 -0.0450329041646 0.055227488048 0.022914922241 -0.947824739572 0.000258222741191 -0.0023310942212 -0.318783252971
1659006536.652437687 -0.0422722531624 0.0490575990501 0.0254431185343 -0.955864185144 0.000634139358581 -0.00297152202617 -0.293793171268
1659006536.753285408 -0.0386395107038 0.0436378419937 0.0265237494636 -0.963747449892 0.000611930744557 -0.00324318110448 -0.26679572737
1659006536.854140759 -0.0322324792253 0.0391361894214 0.0276348618575 -0.970576165935 0.000841042851894 -0.00323149162683 -0.240771169843
1659006536.954999924 -0.0263976724848 0.0358498389604 0.0253497654892 -0.976790857944 0.000665776302939 -0.00226564346407 -0.214182266862
1659006537.055853844 -0.0221205452946 0.0278212572178 0.0266015615779 -0.981864832492 0.000879362244542 -0.00286627331468 -0.189558597574
1659006537.156601906 -0.025172268872 0.0243235666716 0.0237805035403 -0.985967333873 0.00111942597738 -0.00392749897699 -0.166888400353
1659006537.257583618 -0.0204159356721 0.020636230602 0.0232399440343 -0.989640650115 0.0010549886099 -0.0028879037789 -0.143533726526
1659006537.358459473 -0.017663333459 0.0168050846613 0.0218192501069 -0.992694861394 0.00100892672621 -0.00228183228048 -0.120626230439
1659006537.459304810 -0.0191845757139 0.00755350489125 0.0206719919082 -0.995188736769 0.000765080478216 -0.00228408908867 -0.0979468008478
1659006537.560139179 -0.0177149547591 0.000434785845891 0.0176827536672 -0.997289478049 0.000778897215455 -0.00257722301703 -0.0735285537252
1659006537.660954475 -0.0154953856367 -0.0091209890728 0.0170927958451 -0.998730788337 0.000931314450473 -0.00243483402369 -0.0502992710072
1659006537.761874676 -0.0168000841264 -0.0166047129613 0.0196738671032 -0.999668920579 0.000821694095708 -0.00190477594295 -0.0256465568196
1659006537.862731457 -0.0135858735918 -0.0236613273622 0.020779031333 -0.999997719261 0.00103698180337 -0.00185642184755 -0.000199598714049
1659006537.963582039 -0.0119367215944 -0.0323977945204 0.0240748161908 -0.999648540214 0.00111365093626 -0.00182219278652 0.0264241450596
1659006538.064374924 -0.0113680033557 -0.0390837649561 0.0193360818013 -0.99852806184 0.00106471778981 -0.00186853834909 0.0541948766815
1659006538.165285110 -0.0101978728696 -0.0496245811614 0.021956748978 -0.996697527009 0.00118993706879 -0.00182604066254 0.0811744373508
1659006538.266164064 -0.0121477725867 -0.0557689998608 0.0231006340242 -0.993912514168 0.00158258253527 -0.0021203838508 0.110140426658
1659006538.367016792 -0.00961159630896 -0.0631408733912 0.0221414091829 -0.990695760728 0.00141876160829 -0.00206041410512 0.136072228925
1659006538.467895985 -0.00895652781714 -0.0691506345158 0.0219106172733 -0.986474529478 0.00139913041728 -0.00188379830193 0.163897823138
1659006538.568566799 -0.00908593531564 -0.0681230033221 0.0231957238111 -0.981518371214 0.00193593047851 -0.00258438322308 0.19134069119
1659006538.669602871 -0.0097736528664 -0.0734091237543 0.022514876052 -0.975711099832 0.00190375416466 -0.00210079064415 0.219042945705
1659006538.770574570 -0.0109812513922 -0.0796045989222 0.0228073631767 -0.969052690984 0.00193096037463 -0.0018836435516 0.246839229815
1659006538.871304989 -0.011819011744 -0.0800729380951 0.0236442178159 -0.96064880045 0.00180054096573 -0.00138628912941 0.277756581288
1659006538.972156048 -0.0198506784806 -0.0822644519086 0.0220850692145 -0.952449370909 0.00196938566883 -0.00159750954597 0.304686339271
1659006539.073037386 -0.0232715033011 -0.0825299326371 0.0206274702514 -0.943927387291 0.00132658677257 -0.00090762648366 0.330149214604
1659006539.173883438 -0.0286528412099 -0.0887713391535 0.0207126822487 -0.935102393564 0.00160767221151 -0.00132370553906 0.354371523609
1659006539.274759531 -0.0366320750648 -0.0988785442836 0.0230034797262 -0.925890034321 0.00158466483643 -0.00116216166347 0.377788012729
1659006539.375599861 -0.0317748249834 -0.108073971887 0.0228713136821 -0.913033316303 0.00134097495861 -0.00147681732653 0.407880109981
1659006539.476531744 -0.0325858555748 -0.119087765667 0.0225437262542 -0.901538546808 0.0013140560556 -0.00178239457551 0.432693130227
1659006539.577286720 -0.0355771946178 -0.125073765467 0.0210080863976 -0.888384673881 0.00142115963703 -0.0014515255676 0.459095354575
1659006539.678206444 -0.0404849772743 -0.129471104307 0.0244270932693 -0.875384064917 0.00157540295891 -0.00131844310631 0.483423746524
1659006539.779003382 -0.0440309473433 -0.131404764173 0.0253867655086 -0.862702409317 0.00225048599923 -0.00167594534787 0.50570414224
1659006539.879879951 -0.0457476591169 -0.13411373262 0.0238653525738 -0.848332836409 0.00181468750194 -0.00164805474147 0.52945763711
1659006539.980737209 -0.0523468094842 -0.135435385304 0.0249486445821 -0.83334024157 0.00199610903792 -0.00117495580181 0.55275553078
1659006540.081548691 -0.0578433234482 -0.133646726251 0.0229328800179 -0.816893423419 0.001931364068 -0.00130833170156 0.576783922172
1659006540.182436466 -0.060387050072 -0.136149407114 0.0224408979607 -0.801289912302 0.00214668053907 -0.00137136532027 0.598270831283
1659006540.283343077 -0.0636678570721 -0.133253432191 0.0223967903961 -0.78522355476 0.0020451168835 -0.00107085921143 0.619208074728
1659006540.384161711 -0.070899191649 -0.132784198724 0.0248996348503 -0.770219827073 0.0018250491063 -0.00089494755958 0.63777526312
1659006540.484907627 -0.0764750973331 -0.13258149694 0.0251540090886 -0.753333454608 0.00258059039559 -0.00134362571786 0.657632299534
1659006540.585911989 -0.0866683368908 -0.133029330197 0.0258937330236 -0.735082543693 0.00285393250884 -0.00142012187041 0.677970126393
1659006540.686684370 -0.0927288281867 -0.131972847483 0.0238485080865 -0.717907969291 0.002903371286 -0.00147694567596 0.696130402076
1659006540.787584066 -0.102625371838 -0.133164171381 0.0265159669873 -0.699211330767 0.00270354402089 -0.00110736119781 0.714909070811
1659006540.888443947 -0.115466631568 -0.136559640293 0.0271884661854 -0.680088922191 0.00248706263037 -0.00068578113779 0.733125093102
1659006540.989291191 -0.127130270354 -0.136580987962 0.0293615045138 -0.660442163953 0.00238398658139 -0.000882624370564 0.750872616131
1659006541.090147495 -0.138724824709 -0.141884674193 0.0290476662105 -0.641819779223 0.00272356525667 -0.000570195279094 0.766850460043
1659006541.191034079 -0.151101848751 -0.142326805464 0.0313155631317 -0.621715339825 0.00270772217087 -0.000628785472363 0.783238347565
1659006541.291875839 -0.165776633972 -0.144786303839 0.0297035050509 -0.600997759836 0.00292088206633 -0.00059287327995 0.799245149889
1659006541.392699242 -0.177381222811 -0.145293134898 0.0307103847106 -0.580777445586 0.00242698500639 -0.000494890747782 0.814058611849
1659006541.493572235 -0.191173712446 -0.147965492721 0.0304642898156 -0.558630362671 0.00238360553344 -0.000278987321748 0.829413261585
1659006541.594480991 -0.199406080099 -0.149034240595 0.0324143653852 -0.537909968702 0.00290201036269 -0.000271988635358 0.842997253809
1659006541.695289373 -0.209654096535 -0.147798329791 0.0314330905851 -0.516001893104 0.00287617969001 1.12340703399 0.856582613516
1659006541.796136856 -0.215709329236 -0.149672957337 0.0283587303491 -0.494239247575 0.00224598490845 -0.000172597142033 0.869323007816
1659006541.896993160 -0.218963250418 -0.148522793943 0.0307836942634 -0.471985306849 0.00250828949672 2.45361695843 0.881602845957
1659006541.997859001 -0.219921454142 -0.147185010538 0.0306718901379 -0.448039005844 0.00253770245832 0.000320383835589 0.894010350423
1659006542.098705292 -0.221743126199 -0.146557311541 0.0319895976658 -0.425399175467 0.00259606395817 0.000457664672349 0.905001984808
1659006542.199576139 -0.227338869461 -0.146929960569 0.0344191288528 -0.402513355412 0.00254287183147 0.00083539111792 0.915410200205
1659006542.300511360 -0.22972683246 -0.142917814619 0.0332821047963 -0.378747505009 0.00200657434963 0.000598824445871 0.925497672886
1659006542.401392460 -0.23526315482 -0.136028020156 0.0345050010443 -0.354275544227 0.00214123243961 0.000944168929451 0.935138151522
1659006542.502140522 -0.24003722345 -0.131843022867 0.0336113671468 -0.32938139876 0.00271589188619 0.00074538446989 0.94419275706
1659006542.603092909 -0.243455387051 -0.124712431461 0.0346643908755 -0.30652006924 0.00267809700034 0.000903953389299 0.951859999064
1659006542.703880310 -0.247597416667 -0.116879332984 0.0335467999092 -0.281544376744 0.00287350873302 0.00068899871973 0.959543658284
1659006542.804769993 -0.254459867339 -0.114259910831 0.0336147727846 -0.256377922417 0.00220537831147 0.000757125314548 0.966573806786
1659006542.905587196 -0.263359720267 -0.110900332139 0.0321828905481 -0.231404404563 0.00221848970701 0.000906188630496 0.972854695561
1659006543.006412506 -0.269835917076 -0.10019720048 0.0320445350536 -0.203550639685 0.00314277177055 0.00101328821605 0.979058850793
1659006543.107291460 -0.275214135995 -0.0963200194084 0.0298831379165 -0.179684489552 0.00241943276965 0.000952784728931 0.983720856118
1659006543.208153486 -0.277210788717 -0.0888734823286 0.0293658943604 -0.152631251061 0.00159715528589 0.000976104167551 0.988281436391
1659006543.309005260 -0.280767300493 -0.0766448013563 0.0288762983418 -0.12513624256 0.00189410371004 0.000966104937757 0.992137288791
1659006543.409929276 -0.286204754096 -0.0715169582546 0.0306070140727 -0.0991047944411 0.00195364769654 0.000732246852714 0.995074814672
1659006543.510723591 -0.292314148321 -0.0650954936787 0.0301471691388 -0.0666326171466 0.0019629970207 0.000855100071874 0.9977752802
1659006543.611433029 -0.295631936122 -0.0604922274668 0.0287009842573 -0.0339812351321 0.00229654819314 0.000957698922528 0.999419373605
1659006543.712422848 -0.297277786795 -0.0535593127843 0.0270961770026 -0.0010196100186 0.00218841476743 0.000993827588632 0.999996591766
1659006543.813280344 -0.295584865516 -0.0434504321655 0.0269066941033 0.0298596054484 0.00166709790195 0.000884371350183 0.999552321109
1659006543.914099932 -0.292957735651 -0.0371845307617 0.0283097036159 0.0575068558706 0.00175444807407 0.00103349511189 0.998343034897
1659006544.015054226 -0.28660841139 -0.0246924556409 0.0252237312076 0.0865166195077 0.0012729187951 0.000947934863938 0.99624914336
1659006544.115870237 -0.282428516497 -0.0191224102966 0.0281950707663 0.112152295355 0.00204276462641 0.00133176534271 0.993688037646
1659006544.216750622 -0.278605427731 -0.00876699984659 0.0300159900046 0.138650892836 0.00140165234713 0.00117191740661 0.990339634618
1659006544.317468643 -0.275811645554 0.000679257080599 0.0301204399867 0.166183125913 0.00124210955604 0.00106383905347 0.986093552394
1659006544.418462276 -0.272977067555 0.00976189958261 0.0334001013073 0.192936234795 0.00169712201479 0.0015687443102 0.981208575238
1659006544.519440413 -0.274609436431 0.0172711374148 0.0317365863172 0.220783520005 0.00227852632064 0.00150147295196 0.975319020214
1659006544.620049953 -0.272026457612 0.0248051112557 0.0306808793067 0.247754134808 0.00215030993208 0.00150160695883 0.968819389788
1659006544.721015453 -0.271253968575 0.0376135034111 0.0289298687899 0.276903414334 0.00175945706834 0.00202354884777 0.960894015327
1659006544.821848869 -0.270174183599 0.0501153170068 0.0276676435419 0.303852514183 0.00137662376113 0.00165524897236 0.952716649735
1659006544.922715664 -0.267353806978 0.0658647256398 0.024144812449 0.329563666855 0.00128654885117 0.00148483403938 0.944131309485
1659006545.023523808 -0.262002485398 0.072325400696 0.0203877393667 0.353606164836 0.00115900196147 0.00105007086941 0.935393090768
1659006545.124485016 -0.256429469914 0.0739923324892 0.0238524616174 0.379057189047 0.00167120667202 0.00163104834415 0.925370301113
1659006545.225290298 -0.245917425843 0.0792012716227 0.0206334707188 0.407389577739 0.00120564566849 0.00102994681804 0.913253096122
1659006545.326220512 -0.234633438575 0.0816000178258 0.0217166524942 0.431846315568 0.00280255726031 0.00184812979417 0.901940956948
1659006545.426881790 -0.223661572528 0.0860897870206 0.0219107478916 0.455914890349 0.00217428937449 0.0014595966175 0.890019524955
1659006545.527874231 -0.214339710175 0.0819576114162 0.0249331726517 0.478239956543 0.00218209642618 0.00198822505723 0.878224247776
1659006545.628740549 -0.203070391047 0.0886649469336 0.0225329473773 0.5044470658 0.00182073171415 0.00171693531686 0.86343899314
1659006545.729904652 -0.192148976583 0.0958509157016 0.0241800132779 0.530572081288 0.00153778301896 0.00174614599297 0.84763662778
1659006545.830439091 -0.18550028482 0.0977948496304 0.0266103139251 0.554057506873 0.00171902568969 0.00212063402851 0.832473919675
1659006545.931368351 -0.172975740296 0.106686968126 0.0248264808969 0.576892787122 0.00174406603252 0.00229244275703 0.816814798535
1659006546.032175779 -0.161749473718 0.117663624209 0.0229603093787 0.600834672441 0.00209328285344 0.00257854877936 0.799366415135
1659006546.133009434 -0.155451203437 0.120890495622 0.0230773218703 0.621703025272 0.00172722744806 0.00258958862411 0.783246869821
1659006546.233873367 -0.145714029919 0.121084373375 0.0244112699437 0.642506827537 0.00122888208706 0.00192280105028 0.766276561859
1659006546.334738970 -0.137209753933 0.125983413505 0.0264457795909 0.665232002703 0.00126498085456 0.00249267786421 0.746631481362
1659006546.435613155 -0.131500916258 0.128515475135 0.0261424459896 0.685739412672 0.00118587044496 0.00265256739959 0.727841339514
1659006546.536303997 -0.123050178633 0.134710723765 0.0269801283426 0.706183763629 0.00114886343129 0.00235380043322 0.708023750818
1659006546.637326241 -0.118060646294 0.135993884675 0.0236277279071 0.725748786593 0.00100142598222 0.00235865148202 0.687955036807
1659006546.738053083 -0.11534858975 0.13551613593 0.0218493694602 0.745001814348 0.00135909855214 0.00289166717414 0.667054786153
1659006546.839028120 -0.112857166199 0.135091772265 0.0251035067777 0.763397870359 0.000745860869034 0.00240534060207 0.645923640656
1659006546.939883947 -0.113827851345 0.132617696762 0.0261598096095 0.78013789036 0.00100958229074 0.00267311788188 0.625601076733
1659006547.040726185 -0.108654390928 0.128679271765 0.0246649316348 0.797549249514 0.00114194765571 0.00306534284585 0.60324497033
1659006547.141594410 -0.107736314331 0.121628283911 0.0263330164054 0.815376407342 0.000795678765239 0.00225208432832 0.578926255547
1659006547.242397070 -0.102925221914 0.116121300563 0.0253206719433 0.832256718983 0.000491791824182 0.00274042367049 0.554383443049
1659006547.343328953 -0.102174126311 0.112377765852 0.0241726443714 0.846850336062 0.000346581388471 0.00194645843527 0.531827603169
1659006547.444177151 -0.0977026552632 0.109203407692 0.0230221491722 0.861866660969 0.000534226705631 0.00211769501233 0.50713024824
1659006547.545057297 -0.0908004656697 0.104181956932 0.0248841221354 0.876331938682 0.000341277256561 0.00233864587254 0.481701928074
1659006547.645864010 -0.0819117926414 0.0989208018831 0.0261089396143 0.889519223015 7.36053367887 0.00192365461266 0.456893692253
1659006547.746747017 -0.0707088892588 0.0931506825908 0.0271579820332 0.901753246202 0.000132671880496 0.00286393555336 0.432241672256
1659006547.847460747 -0.0634972639542 0.084675704214 0.0251430426307 0.912748079053 4.23114943388 0.00176360694223 0.408519071875
1659006547.948476315 -0.0558710185712 0.0767234127651 0.0281341161017 0.923864931567 -0.000319715587799 0.00226828762022 0.382711824841
1659006548.049290895 -0.051680000875 0.0721478684228 0.0290321678074 0.932873724355 -0.000444304819399 0.00225835263796 0.360196219921
1659006548.150168419 -0.0448512788788 0.0680749018152 0.0269264998041 0.942400001008 -0.000261033664886 0.00290784976182 0.334475282154
1659006548.251021862 -0.0412827316793 0.0617846507965 0.0254981048625 0.951388554207 -0.000523044060959 0.00253158582174 0.307982363817
1659006548.351875305 -0.0368899763202 0.0547406502668 0.0219622877902 0.958643283899 -0.000313091405523 0.00270536987864 0.284597324623
1659006548.452832699 -0.0346160383029 0.0465950484538 0.0222696564535 0.966063541852 -0.000469281737309 0.002625755646 0.258290763067
1659006548.553602219 -0.0312881871996 0.0421854596002 0.0224701322991 0.972317698523 -0.000410689799019 0.00288034397612 0.233644662021
1659006548.654482841 -0.0277005819702 0.0368502777572 0.022704917284 0.977658333988 -0.000514708339725 0.00282045589052 0.210180784296
1659006548.755311728 -0.0237359067868 0.0286161331111 0.0170018497597 0.982743550695 -0.000516978730024 0.00273708054462 0.184952303823
1659006548.856234550 -0.0206880079814 0.0223061737988 0.0186637665413 0.987962385725 -0.000659701490148 0.00276202988546 0.154668226786
1659006548.957040310 -0.0202588117783 0.0128227783652 0.019386733315 0.991780517146 -0.000397995052724 0.0022769773016 0.127929913564
1659006549.057873726 -0.0203410452322 0.00301518718017 0.0183257577404 0.994917651214 -0.000518660362512 0.00179642209992 0.100674580516
1659006549.158763885 -0.0214590324086 -0.00440394241616 0.0222142002496 0.997334865254 -0.000838186425965 0.00288854189587 0.0728980131266
1659006549.259578228 -0.019132864835 -0.0121172585999 0.0230931718425 0.99904024088 -0.00098507858994 0.0019326058933 0.0437480486042
1659006549.360444546 -0.0187211663337 -0.0182837028375 0.0246005918371 0.999837628687 -0.000994658232135 0.0025527016715 0.0178104079055
1659006549.461194038 -0.0175455449388 -0.0287030046915 0.024624351446 0.999959608852 -0.00115582518355 0.00258007377258 -0.00853158558676
1659006549.562167645 -0.0164596976553 -0.0335191558377 0.0243811179469 0.999320944214 -0.0011499559156 0.0025361966824 -0.0367409276279
1659006549.663366318 -0.0154105051077 -0.0389512621294 0.0276628495823 0.99788916853 -0.00123005405211 0.00205056103556 -0.0648959898352
1659006549.763844490 -0.0174724747447 -0.049260553906 0.0297513178032 0.995524327998 -0.00170591237808 0.00215554641076 -0.09446563315
1659006549.865760326 -0.0143089806589 -0.0557510532311 0.0295565491744 0.992455878587 -0.00190238357081 0.00207422145774 -0.122570011014
1659006549.965522289 -0.016201839348 -0.0621477867567 0.0326037925448 0.988294043444 -0.001781121719 0.00192833240015 -0.152538496234
1659006550.066442966 -0.0161496665298 -0.0669807564426 0.0283042371088 0.983606568593 -0.00183891880273 0.00248586207035 -0.180301295301
1659006550.167254925 -0.019498649709 -0.0748617676373 0.0292229057154 0.977889329822 -0.00221279547363 0.00241339306079 -0.209097435876
1659006550.268164158 -0.0204808784562 -0.0803649591477 0.0240361473125 0.97102449787 -0.00159420784392 0.0016081077516 -0.238969238661
1659006550.369036913 -0.0215394238489 -0.0864630688726 0.0212566942285 0.963486541334 -0.00192770846805 0.00209234950705 -0.267741649137
1659006550.469876289 -0.0224987197943 -0.0899707640763 0.0245310231031 0.954541851696 -0.0019304906846 0.00175583247763 -0.298065502229
1659006550.570754051 -0.0273867073629 -0.0938756564073 0.0257036302577 0.944964287407 -0.0017709145969 0.00102858825653 -0.327167084826
1659006550.671632290 -0.0360267640125 -0.0952986890214 0.0224486421324 0.934455453293 -0.00152532141217 0.000932695660342 -0.356075566818
1659006550.772456169 -0.042753728995 -0.10251858888 0.0261928238019 0.923585920805 -0.00201146765994 0.00116984108694 -0.383384444598
1659006550.873287678 -0.0497826906806 -0.111339671829 0.0274643228585 0.910692174299 -0.00214124008457 0.00187775665422 -0.413075843873
1659006550.974184036 -0.0492701587554 -0.118999303689 0.0227978594757 0.896268763337 -0.00181082883234 0.00177344227548 -0.443504092052
1659006551.075031042 -0.0479143632897 -0.125940744011 0.0230722251197 0.881045405486 -0.00181578950056 0.00163000973845 -0.473025410996
1659006551.175882101 -0.049906863998 -0.126143314539 0.023435469453 0.865770235968 -0.00133750925952 0.00123442230715 -0.500438393593
1659006551.276734352 -0.0559450358965 -0.128534445723 0.0273303308948 0.849771863857 -0.00224533004867 0.00167390156429 -0.527143183532
1659006551.377587557 -0.0614603227188 -0.133791806646 0.0258847523603 0.833610304261 -0.00237539223577 0.00135430032041 -0.552346253733
1659006551.478474617 -0.0655654880909 -0.134142299898 0.0257562562561 0.814652137026 -0.00254353369839 0.00125543431459 -0.5799429713
1659006551.579325676 -0.0708845756383 -0.133061273072 0.0281472568129 0.795595331101 -0.00303464005544 0.00121383157502 -0.605819599141
1659006551.680041790 -0.0749524720779 -0.134869263578 0.0280872492857 0.776325499029 -0.00236137232442 0.000865089383632 -0.630327212722
1659006551.781039715 -0.0845953520509 -0.136549110543 0.0301339997591 0.75700093048 -0.00221869488615 0.000701196051448 -0.653409654787
1659006551.881830215 -0.0923514961538 -0.139453708693 0.0328789463371 0.737220510121 -0.00299303242252 0.00105392558864 -0.675644766467
1659006551.982767820 -0.0974885504797 -0.136171673232 0.0378623265909 0.715353916525 -0.00290811657042 0.000417535391965 -0.698756139605
1659006552.083622456 -0.10624355789 -0.136715976872 0.0354739685433 0.694856445715 -0.00259044140144 0.000384398169287 -0.719143700313
1659006552.184465408 -0.117513850525 -0.13732788387 0.0323566646153 0.673684295955 -0.00240411522573 0.000612677812111 -0.739015097437
1659006552.285193205 -0.125381720755 -0.139938511142 0.0319791472514 0.65188965165 -0.0026463737557 0.000594601343272 -0.758308990601
1659006552.386175871 -0.138825393339 -0.143059153442 0.0298591405474 0.628574894243 -0.00313145020001 0.000693209859179 -0.777742448248
1659006552.487017393 -0.153377136697 -0.142175821694 0.033216013732 0.604673302743 -0.0028569109864 0.000246902033475 -0.796468438827
1659006552.587875366 -0.167488687857 -0.14243059186 0.0323602992154 0.580064250795 -0.00300713332288 0.000529436451862 -0.814565001578
1659006552.688740253 -0.181158342121 -0.144097996243 0.0312724396868 0.555983515857 -0.00267338063835 0.000122489344683 -0.831189008666
1659006552.789597034 -0.19715733531 -0.145551167355 0.0306255574992 0.531527678706 -0.00259572688784 0.00021116217163 -0.847036920318
1659006552.890349388 -0.210100664547 -0.145670711314 0.033448826228 0.507166496809 -0.00321098531292 0.000145717197085 -0.861842104364
1659006552.991444588 -0.220098635146 -0.141018574993 0.0319687695902 0.480463852878 -0.00212551448579 -0.000261700860199 -0.877011915414
1659006553.092177391 -0.226674606499 -0.138562584636 0.0342860265126 0.454701040371 -0.00321197303942 -0.00022198957601 -0.890638309212
1659006553.193010569 -0.229806775892 -0.134860273853 0.0326102987778 0.428282084227 -0.00279031118529 -0.00022868385002 -0.903640757269
1659006553.293889999 -0.236195468601 -0.135636723306 0.0326005625283 0.40122702428 -0.002799564487 -0.00038895396441 -0.915974282467
1659006553.394747972 -0.242532004261 -0.131274459003 0.0322149638347 0.373392284361 -0.0026215227301 -0.000425689521574 -0.92766974101
1659006553.495625019 -0.245808759686 -0.129358283575 0.0326178161152 0.347186266348 -0.0025494468687 -0.000607043389909 -0.937792529443
1659006553.596405506 -0.253144811177 -0.128580699653 0.0311841286897 0.318910763945 -0.00213540829629 -0.000577851776998 -0.947782164191
1659006553.697304964 -0.257312501082 -0.121301281172 0.0300044116102 0.292756542709 -0.0026882322237 -0.000534582269527 -0.956183086197
1659006553.798265457 -0.261625731416 -0.115518576856 0.0274343287784 0.26424341445 -0.00220289187368 -0.00070801536501 -0.964453246094
1659006553.899013519 -0.263004260511 -0.105563834239 0.0256715535425 0.23406435098 -0.00191591849186 -0.000492567068736 -0.972219093741
1659006554.001289368 -0.267907248568 -0.0966575722624 0.0244798296688 0.204820806542 -0.00211578129935 -0.000676702027376 -0.978796967073
1659006554.100791454 -0.271271373294 -0.0896112556887 0.0263963572921 0.177218900973 -0.002931903326 -0.000719907792716 -0.984166828751
1659006554.201595306 -0.275118352325 -0.0829808181378 0.0304779089318 0.147122792881 -0.00226495356581 -0.000941667694457 -0.989115194031
1659006554.302478313 -0.278608450194 -0.0735714076603 0.0321351427348 0.118346031095 -0.00284711276255 -0.000997001907099 -0.992967832742
1659006554.403288364 -0.281162086008 -0.0657093669894 0.0324121588915 0.0884868659999 -0.00242773474012 -0.00105856001014 -0.996073822616
1659006554.504189968 -0.28633194743 -0.0594844419631 0.0312855349597 0.0596272192897 -0.00293472699285 -0.000938833917831 -0.998215958943
1659006554.604948759 -0.287782853389 -0.0499298035948 0.0320154239921 0.0301455400205 -0.00270342578751 -0.00108188859374 -0.999541278499
1659006554.705893517 -0.29091093214 -0.0431858309821 0.026868797001 0.000879734331625 -0.00160809413636 -0.000825064598929 -0.999997979683
1659006554.806726933 -0.293676723032 -0.0326380307245 0.0231489266755 -0.0298480031147 -0.0018248150291 -0.000749372782962 -0.999552502473
1659006554.907584906 -0.296575047217 -0.0252650835181 0.0257699273474 -0.0599122146209 -0.00237348351841 -0.000911911892595 -0.998200411507
1659006555.008515835 -0.294816263587 -0.018902156317 0.0286198001129 -0.0902351522344 -0.00198766380516 -0.00128130859029 -0.995917679702
1659006555.109311581 -0.292671446872 -0.0122670124657 0.0254579996812 -0.119832960118 -0.00204707009232 -0.00108978395523 -0.992791359523
1659006555.210103512 -0.291631703528 -0.00581083935225 0.0258059492637 -0.150287357179 -0.0018142070919 -0.00121962190575 -0.988639940245
1659006555.310902596 -0.285144316057 0.00242076434472 0.0238360268826 -0.179040423747 -0.00187532931209 -0.00112378651289 -0.983839289167
1659006555.411885738 -0.280792590856 0.013208260932 0.0230156962909 -0.20972502242 -0.00208205169161 -0.00136565378051 -0.977757237264
1659006555.512663364 -0.278667681169 0.0215642135247 0.0249654088769 -0.239008141826 -0.00116014133676 -0.00112166974586 -0.971016222352
1659006555.613608837 -0.27643958129 0.0314335728993 0.0246112073753 -0.268249849477 -0.00230983955196 -0.00150978479761 -0.963345422705
1659006555.714472055 -0.271873559976 0.0411235016204 0.0243589683768 -0.297099305 -0.00180324144473 -0.00150201252485 -0.954843701999
1659006555.815337181 -0.264977260866 0.0521732019995 0.0237896224666 -0.326525194399 -0.00160255294675 -0.00134719444597 -0.94518617971
1659006555.916068792 -0.253926496498 0.0629864678589 0.0235029268048 -0.357269047679 -0.00166693109172 -0.00135705533464 -0.933999040316
1659006556.016992092 -0.251913532365 0.073126628088 0.0197163786191 -0.385357226398 -0.00166188057685 -0.0012049274106 -0.922765189182
1659006556.117905855 -0.24754324263 0.0835535054857 0.019058370375 -0.415739084141 -0.00169772981949 -0.00111839122759 -0.909481655028
1659006556.218775511 -0.241401749921 0.0947157932267 0.0165647801773 -0.440359669499 -0.00117438986772 -0.000924566805257 -0.897820208874
1659006556.319614887 -0.231642154488 0.0982326998771 0.0177112582084 -0.468723900247 -0.00188947700335 -0.00130006358207 -0.88334174873
1659006556.420443535 -0.216688679918 0.097579567426 0.0229637295788 -0.496217801346 -0.00212652833021 -0.00210009092449 -0.868192928515
1659006556.521317005 -0.203988081119 0.0991784976057 0.0229549860005 -0.525325241347 -0.00224141190651 -0.00184345157327 -0.850896567488
1659006556.622193813 -0.194626661994 0.100404662983 0.0257918305521 -0.550110997447 -0.00213488242677 -0.00252895866447 -0.83508498797
1659006556.723007679 -0.182939341952 0.110235399429 0.0249707208124 -0.577286380967 -0.00212249094657 -0.00223178100297 -0.816535944424
1659006556.823909521 -0.170950341094 0.118748561826 0.0264355753307 -0.602444381023 -0.00190323059236 -0.00283111064598 -0.798153575635
1659006556.924727917 -0.162641265262 0.126289337246 0.0264677908142 -0.627543303108 -0.00136687163526 -0.00220314784494 -0.778577343959
1659006557.025620461 -0.153050400359 0.128472840237 0.0231336087973 -0.650061825995 -0.00198339812296 -0.00268933709489 -0.75987397375
1659006557.126477003 -0.145340590309 0.133405478931 0.0232305525739 -0.67280377508 -0.0018676818851 -0.00290202517212 -0.739812929228
1659006557.227539539 -0.136916416309 0.133234676346 0.0211957867004 -0.693549328697 -0.00171550552825 -0.00255485223214 -0.720402566927
1659006557.328158855 -0.127495995275 0.132760733413 0.0232248070651 -0.714436140839 -0.00141966610653 -0.00274304570358 -0.699693833696
1659006557.429023743 -0.11882329217 0.134189109084 0.0238714488154 -0.733776241533 -0.00129947090838 -0.00246487163155 -0.679385504074
1659006557.529812336 -0.109807444211 0.133770331546 0.0265640210061 -0.754481895525 -0.000950467301499 -0.00237114143227 -0.656315887074
1659006557.630750418 -0.0991743500042 0.137162909429 0.0266056501216 -0.772704639461 -0.000899463743826 -0.0026415251711 -0.634759602893
1659006557.731560707 -0.0913921950448 0.138125683972 0.0248112968681 -0.790752235417 -0.00103991130581 -0.00255379613459 -0.612130132319
1659006557.832466125 -0.0866690697696 0.138018455381 0.0222154627191 -0.809217192649 -0.000882128653108 -0.00234026930541 -0.587504280929
1659006557.933306217 -0.0795228903729 0.134633233795 0.0200593432051 -0.825806214015 -0.000987109407901 -0.00278808986854 -0.563946228877
1659006558.034196377 -0.0799748631572 0.128004273622 0.0186422427199 -0.84144476406 -0.00105315042732 -0.00279093224029 -0.540334905968
1659006558.135015965 -0.0808222611509 0.120888485754 0.0163432861 -0.858031434172 -0.000624210955571 -0.00260440332156 -0.513590192096
1659006558.235911846 -0.0801982135815 0.115273189383 0.0188842361377 -0.872254352274 -0.000611034399271 -0.00276040604028 -0.489044324919
1659006558.336751699 -0.0812233286351 0.104458062645 0.0167554407357 -0.887207498552 -0.000555482379849 -0.0023932621517 -0.461364084264
1659006558.437594891 -0.0789241066029 0.100378888756 0.0130781490195 -0.901211565437 -0.000633944106325 -0.002340972181 -0.433372625216
1659006558.538446903 -0.0785292079661 0.0964933203569 0.0163592921118 -0.913891021645 -0.000291574988761 -0.00210037703329 -0.405954066314
1659006558.639194727 -0.0713282206558 0.0937146424804 0.0195574604087 -0.926085929456 -0.000262109695251 -0.00272649067521 -0.377302728338
1659006558.740135193 -0.06214861634 0.087627068963 0.0224600896158 -0.936849462308 -3.86049750752 -0.00243096498885 -0.349724425644
1659006558.841036558 -0.0532192500005 0.0762998642381 0.0217699808993 -0.947339636538 -7.46043427427 -0.00216448542559 -0.320223238507
1659006558.941740036 -0.0436298330643 0.0669054258073 0.023542124231 -0.956077115303 0.000378669051846 -0.0020288593491 -0.293107983401
1659006559.042738199 -0.0345528304232 0.0589866561507 0.0256192998589 -0.964947213649 0.000461581480316 -0.00318406731433 -0.262424319621
1659006559.143509865 -0.0271664759874 0.0518467004232 0.0288048311868 -0.972376877344 0.000525525616318 -0.00321705878129 -0.233393621939
1659006559.244505882 -0.0205857111208 0.0444442011697 0.0274352499829 -0.978979264026 0.000602874494099 -0.00231638920882 -0.203945756243
1659006559.345487595 -0.0189322344733 0.0360972947959 0.0298389169181 -0.985106060589 0.000951702833894 -0.00245648692504 -0.171927628156
1659006559.446162462 -0.0140268675983 0.023621837399 0.0321214665682 -0.990343849265 0.00111325075836 -0.00248736084738 -0.138606038587
1659006559.547044754 -0.0120147402998 0.014962137208 0.026581042344 -0.994111938287 0.000958215691548 -0.00287829561453 -0.108315517785
1659006559.647946358 -0.0127279277545 0.0102278645196 0.0271571446712 -0.997210371931 0.00137067066708 -0.00351510586142 -0.0745468940099
1659006559.748732090 -0.0106919325882 -0.00205206130031 0.0242107351363 -0.999029694834 0.00090320935872 -0.00282507097743 -0.0439416889332
1659006559.849746704 -0.00904794963791 -0.0154219245555 0.0213996746432 -0.99994225578 0.00104954912108 -0.00242454898325 -0.0104165788064
1659006559.950552464 -0.0106875698047 -0.0254855312102 0.0180000582581 -0.999748924227 0.0012727394541 -0.00303134835273 0.0221648272702
1659006560.051315308 -0.0108736967307 -0.0311760949804 0.0178862298257 -0.998443968131 0.000914798983499 -0.00230577320895 0.0557089674545
1659006560.152200460 -0.0134569781302 -0.0398509785199 0.0184278493188 -0.995976642839 0.00103026615742 -0.00208145554262 0.0895831067413
1659006560.253059864 -0.0160486261173 -0.0535374705776 0.0169103089957 -0.992715091994 0.00122053767277 -0.00215211086996 0.120460054931
1659006560.353884459 -0.017462698121 -0.0620499981974 0.0213354772617 -0.987836626175 0.00157560861039 -0.00211613180887 0.155472954014
1659006560.454760551 -0.0247414468049 -0.0697014470343 0.0197490950722 -0.982446831178 0.00121378515765 -0.00199532367843 0.186528199792
1659006560.555641174 -0.02612337185 -0.0802066119943 0.0227379571563 -0.9758977647 0.00155848059231 -0.00186752908511 0.218214656534
1659006560.656473637 -0.0286240702897 -0.0887679332833 0.0258362251834 -0.968264615231 0.00190143634197 -0.00214069066176 0.249910857859
1659006560.757315397 -0.0316469914767 -0.095491387436 0.026221624609 -0.959424163126 0.00175491010818 -0.00152965824874 0.281957187611
1659006560.858131886 -0.0349567284245 -0.0992368833923 0.0239458759656 -0.949679737804 0.00187090404262 -0.0021063985931 0.313209927059
1659006560.959033251 -0.0387519698664 -0.105177410678 0.0255461903758 -0.938762227803 0.00183146626523 -0.00154334528687 0.344557315212
1659006561.059880495 -0.0484054043511 -0.115480670157 0.0266414069957 -0.927684458446 0.00233598309014 -0.00160911520248 0.373354388603
1659006561.160790443 -0.0540219644972 -0.121510260329 0.0256880747758 -0.913421906741 0.00181823374132 -0.00112241424141 0.407008420672
1659006561.264048100 -0.0574756524019 -0.128762331162 0.0224492122413 -0.897964050899 0.00202503873756 -0.00127420415238 0.440062312537
1659006561.362499714 -0.058562964571 -0.130340475105 0.0229232480342 -0.879718617147 0.00162090247765 -0.000832824988053 0.475491149994
1659006561.463303328 -0.0669736079788 -0.133285799648 0.0208124206702 -0.86240959438 0.00169197260979 -0.000817263362693 0.506207626208
1659006561.564167500 -0.0766646531248 -0.132256107877 0.0225361074435 -0.844257734278 0.00201477738863 -0.00119269511226 0.535932268354
1659006561.665011406 -0.0903847028721 -0.134607304546 0.0241596650525 -0.824716919429 0.00177883757565 -0.000866116860938 0.565542295842
1659006561.765926361 -0.0923781738438 -0.136441974218 0.0253775464907 -0.799808530997 0.00185964760011 -0.000892827817351 0.600251662484
1659006561.866744518 -0.098142142821 -0.142644733958 0.0267043237258 -0.777635232781 0.00219225641564 -0.00145766304055 0.628710198715
1659006561.967613935 -0.10597534593 -0.150196446824 0.024650931029 -0.754443475539 0.00275686188167 -0.00155653132591 0.656357386749
1659006562.068463802 -0.110426536496 -0.152048247185 0.0242201815183 -0.727988750532 0.00206625068008 -0.000972645451146 0.685585270895
1659006562.169278145 -0.11848819704 -0.151943012419 0.0249845639669 -0.703511184736 0.00263014629936 -0.00102203228177 0.710678584686
1659006562.270159721 -0.123254275667 -0.151344270321 0.023476302985 -0.674168674292 0.00261610420596 -0.000776158265721 0.738572374368
1659006562.371037960 -0.132441516705 -0.150899798901 0.0239290137379 -0.646933591139 0.00206097873365 -0.000596508635843 0.762543326769
1659006562.471879959 -0.14044452571 -0.147553925576 0.0238786907073 -0.62019195286 0.00246095137542 -0.00063827419306 0.784445968778
1659006562.572773933 -0.150775806518 -0.143676664436 0.0294416977487 -0.590891984442 0.00187393629473 -0.000480559567923 0.806748362346
1659006562.673645496 -0.161594213468 -0.137970297521 0.0288066743787 -0.562695273254 0.00194255488232 -0.000399607633206 0.826662020569
1659006562.774430990 -0.173691392825 -0.133643886355 0.0274567115463 -0.531224714712 0.0022445406334 -0.000378534143112 0.847227903948
1659006562.875322342 -0.181241119675 -0.131124992397 0.0293481019086 -0.501895039209 0.00349650721675 -0.000608622061443 0.864921252851
1659006562.976216793 -0.195538649118 -0.1315759524 0.0304355126966 -0.472287237057 0.00252037513787 -0.000115729717459 0.881441092773
1659006563.077036858 -0.204351178659 -0.128052356177 0.0295199445975 -0.441065130776 0.00275343938828 -9.20016367689 0.897470868898
1659006563.177863121 -0.219400499323 -0.123427476116 0.0258714562609 -0.408898485239 0.00167233168057 6.28461704019 0.912578340816
1659006563.278824806 -0.232845152434 -0.119109574441 0.0255259686845 -0.376785945338 0.00287450175562 -0.000100308728831 0.92629589148
1659006563.379605293 -0.243405926701 -0.111009683767 0.0247499160601 -0.342812234306 0.00278556056465 0.000203537000754 0.939399793078
1659006563.480484962 -0.255052172396 -0.102481151109 0.0246535843178 -0.30941667838 0.00237574463509 0.000265745408122 0.950923553372
1659006563.581268072 -0.264788328666 -0.097788268393 0.0237492995972 -0.270627077438 0.00271266492791 0.000178374848876 0.962680421837
1659006563.682222366 -0.277310411091 -0.0894563101565 0.0252514868532 -0.234910871111 0.00290910055587 0.000356451131956 0.97201249617
1659006563.783025265 -0.283190281749 -0.0815821080555 0.0256461757761 -0.198531969775 0.00254129291347 0.00041030373953 0.98009103172
1659006563.883845091 -0.285815970039 -0.0724912707713 0.0258910234481 -0.161805302151 0.00283772222241 0.000579409948282 0.986818451293
1659006563.984747410 -0.287567196171 -0.0665007927756 0.0301092873994 -0.127260529554 0.00283959932173 0.000883117068695 0.991864867004
1659006564.085634232 -0.284260269305 -0.0611273286733 0.0309480554843 -0.0913537212757 0.00253628659432 0.00109372090316 0.995814675848
1659006564.186484337 -0.282337605203 -0.05233920276 0.0295970985731 -0.0540429214781 0.00228776464287 0.000985716534694 0.998535506196
1659006564.287276030 -0.28269010398 -0.0436333760082 0.0301255775706 -0.0159427823132 0.00200224788087 0.0011014725839 0.999870294315
1659006564.388150692 -0.282950138378 -0.0325282585049 0.0290662366049 0.0211483448515 0.00234522364171 0.00124433285617 0.999772823731
1659006564.489049911 -0.286865531968 -0.0226742826347 0.0281707884375 0.0581117109118 0.00166652528275 0.00108169194322 0.998308109599
1659006564.589892387 -0.284466144298 -0.0129953031774 0.0266137896518 0.0943005474559 0.00184341752446 0.00125208131894 0.995541280336
1659006564.690943241 -0.284415983944 -0.00362548986821 0.0254296634208 0.130876974994 0.00261582776706 0.00115559356604 0.991394492352
1659006564.791633606 -0.287481922116 0.00713319424294 0.0242814404642 0.167279861015 0.00196986874418 0.00118725232593 0.985906769501
1659006564.892441988 -0.284320370432 0.0154016181092 0.0239732471647 0.2064161133 0.0021953713368 0.001316303021 0.97846095265
1659006564.993298292 -0.279430402889 0.0239178635082 0.0246811365454 0.242394464769 0.00226653808176 0.00165924192026 0.970173712884
1659006565.094205379 -0.277474557216 0.0281540736717 0.0279293815599 0.275702381982 0.00210731335249 0.00163244619577 0.961239351525
1659006565.195032120 -0.269541845093 0.0360947645162 0.03032433725 0.313713610015 0.00198094620216 0.00210968232005 0.949513241605
1659006565.295892000 -0.265673808205 0.044139050667 0.0316430064558 0.34504541729 0.00178150100655 0.00201136334164 0.93858214381
1659006565.396729946 -0.260511690404 0.0517581338827 0.0304201137396 0.373211827427 0.00201392727319 0.00230484119798 0.927741108107
1659006565.497661352 -0.260300654497 0.05666559558 0.0278893772297 0.405326654781 0.00122325671577 0.00159179639436 0.914169717695
1659006565.598446369 -0.252617121534 0.0666824372464 0.0275791752999 0.43773372533 0.00201957926247 0.00204385156537 0.899100066555
1659006565.699313402 -0.245121961459 0.073909459351 0.0295095300777 0.47139922293 0.0015270176248 0.00214037983735 0.88191601619
1659006565.800158501 -0.23601568184 0.0853390204548 0.0256792033458 0.504335124926 0.00189924733884 0.00226937534498 0.863502938362
1659006565.901096821 -0.226854920271 0.0919012649544 0.0212667481754 0.536916736492 0.00123859893509 0.00153784270007 0.843632929056
1659006566.001878738 -0.214213310417 0.0980013452867 0.0229177094431 0.566524444834 0.00172448412179 0.00211818439171 0.824040407295
1659006566.102772236 -0.201096555228 0.102947839881 0.0217036641697 0.598157722517 0.00155875978356 0.00230214002371 0.801373576687
1659006566.203601599 -0.188924934584 0.110279691996 0.0215954398425 0.629804311161 0.00184355064542 0.00245644407436 0.776747769128
1659006566.304443359 -0.175333422795 0.118485462257 0.0223870642327 0.657659977583 0.00131335547247 0.00232861427491 0.753310166225
1659006566.405349731 -0.166624115796 0.125435939559 0.0214930358191 0.686195810515 0.00154258039723 0.00314944437313 0.727408421093
1659006566.506171227 -0.153273398421 0.131158061154 0.0212888363316 0.713418747621 0.00116754598802 0.00251672528921 0.700732469259
1659006566.607091904 -0.138749626996 0.136111839067 0.0203662125538 0.739420789186 0.000882645774656 0.00261850940518 0.673237893217
1659006566.707915783 -0.124159597564 0.137424668982 0.0189642274456 0.764328732592 0.00104783341105 0.00228670438868 0.644821883595
1659006566.808727264 -0.107922670416 0.134366665232 0.0202235623973 0.788694700063 0.00120147995101 0.00259384055197 0.61477841417
1659006566.909629345 -0.0968530431403 0.125864337442 0.018794884609 0.810799481228 0.00164996165471 0.0027258196626 0.585315341311
1659006567.010468483 -0.0831557112759 0.121359425233 0.0150028906412 0.832345734654 0.00107543947219 0.00210377656902 0.554251743846
1659006567.111264229 -0.0652767286037 0.118932586323 0.017170597006 0.853055125627 0.00124278797859 0.00299716375415 0.521810717722
1659006567.212190628 -0.0551888080435 0.115742594496 0.0193380135107 0.871864678754 0.00058451866142 0.0023326325988 0.489740951017
1659006567.312992334 -0.0416688419045 0.109083755959 0.0166894082854 0.889157498088 0.000477113276765 0.00233675102858 0.457595078155
1659006567.413946152 -0.0325792587376 0.107682916941 0.0179533970239 0.906449692173 0.000574557519564 0.00228687090505 0.422307228998
1659006567.514729738 -0.0257051374469 0.099843074826 0.0204790137346 0.921325323941 0.000321327124649 0.00317645882518 0.388779441744
1659006567.615491629 -0.0182858125486 0.0991170551125 0.0188767490779 0.934574437243 9.90485186463 0.00299416149421 0.355755037124
1659006567.716303110 -0.0122977908588 0.0927739772064 0.0203181937489 0.947343338843 0.000170291515934 0.00165792608915 0.320215272326
1659006567.817242861 -0.000552552896903 0.0908078003824 0.021176826931 0.958982389466 -0.000111940325929 0.00236931584651 0.283455729357
1659006567.918168545 0.00748118598203 0.0848607270223 0.0204636253754 0.968351460818 -0.000251873625466 0.00272364944323 0.249575572974
1659006568.019041061 0.00846450031715 0.0745699719049 0.0183949701548 0.977746232496 -0.00027568535666 0.00323352742668 0.209765996145
1659006568.119895220 0.00900443736023 0.057255685838 0.0168437528579 0.984645903391 -0.000215815202661 0.00261927634801 0.174543798949
1659006568.220745325 0.00329343723664 0.04449129894 0.0211911791034 0.990615538707 -0.000737436515711 0.00268663132325 0.136649524963
1659006568.321743965 -0.000262685887279 0.0323115612233 0.0205224593405 0.995377352796 -0.000791375363221 0.00278154475537 0.0959977201535
1659006568.422357082 -0.00891756233318 0.0201981404418 0.0204387875515 0.998339961969 -0.000866478784378 0.00276829484668 0.0575230918227
1659006568.523311615 -0.0138946374472 0.00653816071635 0.022381126031 0.9998377874 -0.00101894350052 0.00242554594302 0.0178178945766
1659006568.624249935 -0.0148046329065 -0.00271909055419 0.0243506913623 0.99979418032 -0.00091447470323 0.00152748381776 -0.0202095900009
1659006568.725039005 -0.0163972643517 -0.0127719417099 0.0212934891282 0.998304121737 -0.00106422802036 0.00198462659021 -0.0581705182924
1659006568.825895309 -0.0182669314485 -0.0292328642258 0.0165333710409 0.995606827378 -0.00112439357135 0.0020576224649 -0.0936031367383
1659006568.926762581 -0.0189489677263 -0.0432023772038 0.0192487673131 0.991148923246 -0.0012563364924 0.00211630897055 -0.132731890678
1659006569.027624130 -0.0153740760888 -0.0576159775275 0.0183535773666 0.98562048124 -0.00120826630348 0.00201528519615 -0.16895782219
1659006569.128472090 -0.0165778692775 -0.0687261440737 0.017623767858 0.978304633651 -0.00143941553385 0.00204679396689 -0.207156420357
1659006569.229259491 -0.0168166647008 -0.0762073337487 0.0192714410551 0.970109376578 -0.00125774002616 0.00182776710972 -0.242657937914
1659006569.330175877 -0.0176582652857 -0.0836817475815 0.0219877156234 0.960155796382 -0.00172626914644 0.00206771979199 -0.279452305776
1659006569.431045055 -0.0276267155245 -0.0919101346838 0.0228030706019 0.948881317534 -0.00177810942463 0.00179672523714 -0.315622963897
1659006569.531867504 -0.0337403747444 -0.0979825194523 0.0248151298882 0.937105058437 -0.00194352005611 0.00164964234402 -0.349038122363
1659006569.632735729 -0.0425920876116 -0.105617002706 0.0244257504846 0.923569149868 -0.0018937015928 0.00158936146704 -0.383423934094
1659006569.734245300 -0.0503290323812 -0.114416823012 0.0241186569559 0.909340455849 -0.00194352424182 0.00122540508599 -0.416046459488
1659006569.834475279 -0.0585682000234 -0.120984630377 0.0244599429629 0.892732996612 -0.00210766276506 0.00106103727057 -0.450579880508
1659006569.935302258 -0.0659294204474 -0.133093624482 0.0255526493575 0.876339020626 -0.00253395392201 0.00120443047247 -0.481686671346
1659006570.036194324 -0.0760291236799 -0.139345684187 0.0245522806741 0.859513424988 -0.00178092209883 0.000673039055948 -0.511109623859
1659006570.137074947 -0.0879442415245 -0.146734921873 0.0268831017271 0.838508926977 -0.00238717054164 0.000916754042167 -0.544881859083
1659006570.237940073 -0.0983571714376 -0.151790475864 0.028909313417 0.818715385591 -0.00245236747154 0.00100517888655 -0.574193428128
1659006570.338754892 -0.105377651705 -0.15955678785 0.0295379092065 0.798766256401 -0.00237448114088 0.000687946857679 -0.601636398669
1659006570.439616203 -0.115286612551 -0.161175368844 0.0310206811053 0.773903726971 -0.00272890331061 0.000575152052699 -0.633297121158
1659006570.540251732 -0.123554856254 -0.162431843289 0.0326783489885 0.749546682798 -0.00288114583855 0.000641670272506 -0.661944905234
1659006570.641354084 -0.132973901581 -0.167217774454 0.0326562406444 0.726051213101 -0.00284095280276 0.00049350338371 -0.687634584206
1659006570.742102623 -0.144665562327 -0.1675484061 0.033410148341 0.702044768707 -0.00290663403877 0.000507076020494 -0.712126700162
1659006570.843055010 -0.155843717743 -0.17094241876 0.0309773561055 0.673914048174 -0.00302497419414 0.000410690817597 -0.738803449192
1659006570.944219112 -0.161597417706 -0.166924320076 0.0304991705457 0.644001180678 -0.00282221754262 0.000385508764276 -0.765019193064
1659006571.044762611 -0.176103655516 -0.163141863533 0.0303957189311 0.612132496647 -0.00286045839832 0.000272181664485 -0.79074999225
1659006571.145662069 -0.182832763091 -0.157815322481 0.0332950384229 0.579515930137 -0.00294557641119 6.38909248829 -0.814955587904
1659006571.246468067 -0.192902370832 -0.152153581181 0.0331329145585 0.547038598499 -0.00254161240511 -0.000276762218534 -0.837103479482
1659006571.347322941 -0.202981808547 -0.143708708705 0.0325490393261 0.512057759084 -0.00245520294618 -0.000292966668114 -0.858947459109
1659006571.448198795 -0.211230359818 -0.133501445953 0.0334212755835 0.476049200676 -0.00279925870759 -0.000256753347515 -0.879414155426
1659006571.549021721 -0.217925346362 -0.12430259306 0.0315596238126 0.440796075379 -0.00205582483569 -0.000161935711606 -0.897604906009
1659006571.649917603 -0.223462052908 -0.119959226679 0.0289990596597 0.403256843035 -0.00232907345399 -0.000235182413246 -0.915083842416
1659006571.750739574 -0.232545990781 -0.113993276629 0.0263505595966 0.364702987015 -0.00276373635365 0.000250540291364 -0.931119772239
1659006571.851606846 -0.233299472225 -0.102736454502 0.0238686964163 0.3256843954 -0.00223618831595 0.000207860554433 -0.945475875339
1659006571.952466726 -0.238974743062 -0.0900008180476 0.0227385078177 0.287644530594 -0.00253115156649 4.09057622409 -0.957733896037
1659006572.053344488 -0.242897944471 -0.0833265181243 0.0212014194831 0.249938873281 -0.00304506772105 7.46785861362 -0.968256826265
1659006572.154171944 -0.241931480708 -0.0707400907358 0.025617204423 0.205540486304 -0.00210379363279 -0.000363467586161 -0.978646284637
1659006572.255041122 -0.24577999523 -0.0554428971718 0.0240269113109 0.165642580392 -0.00296469796905 -0.000231937018379 -0.986181368883
1659006572.355889797 -0.243856664703 -0.041000454025 0.0307336171508 0.123474718882 -0.00280249094355 -0.000711659936231 -0.992343505739
1659006572.456670523 -0.245154383347 -0.025124893998 0.0275772168743 0.0841091120798 -0.0029405948302 -0.000637986698143 -0.996452007444
1659006572.557646751 -0.244396698507 -0.00823422495532 0.0259813789486 0.041524644501 -0.00268035195665 -0.000761984879921 -0.999133594166
1659006572.658698082 -0.238493183163 0.00561604418127 0.0258910603634 -0.0024123308812 -0.00307730501522 -0.0011210620043 -0.999991727003
1659006572.759336472 -0.242629038216 0.0152756584038 0.0270744880977 -0.0419825143902 -0.00172947895951 -0.000704795168003 -0.999116600128
1659006572.860183001 -0.251201804277 0.0213445007676 0.0263034856958 -0.0841714163106 -0.0026081779815 -0.00108335704481 -0.996447287327
1659006572.961084366 -0.261619425685 0.026904096393 0.0283900958439 -0.127556016354 -0.0025264444661 -0.00118866196416 -0.991827438042
1659006573.061942101 -0.271025944416 0.0345537197948 0.0256711235584 -0.170259387481 -0.00297063948596 -0.00139221053626 -0.985393818747
1659006573.162771225 -0.276061509025 0.041876965485 0.0237767845649 -0.213867027737 -0.00237772425619 -0.00128328050053 -0.976859045137
1659006573.263581276 -0.278162889033 0.0492108907255 0.0179216952977 -0.257560041329 -0.00319154304695 -0.00158467817977 -0.966255725964
1659006573.364453316 -0.277095090134 0.0589861132739 0.0191070762968 -0.296217486748 -0.00215802842843 -0.00130442958248 -0.955117187533
1659006573.465431213 -0.271086904795 0.0663496009898 0.0215072138724 -0.339114843262 -0.00272806800751 -0.00173163827185 -0.940739433719
1659006573.566171169 -0.261856446379 0.0750570949535 0.0228576402702 -0.3800688803 -0.00197497871767 -0.00172291692619 -0.924954473065
1659006573.667030334 -0.257703437421 0.080519420048 0.0250014498973 -0.416652719315 -0.00204403148822 -0.0021580320795 -0.909060876025
1659006573.767909050 -0.246630381143 0.086165796219 0.0272202686781 -0.454169331824 -0.00182421927705 -0.00199764110389 -0.890911274867
1659006573.868738174 -0.232798701209 0.0893428524949 0.0297857009821 -0.491124423121 -0.00204102911933 -0.00252872420963 -0.871083371881
1659006573.969618320 -0.219437669541 0.0996079630146 0.0285436657215 -0.528790230569 -0.00171150609418 -0.00240586407542 -0.848747415089
1659006574.070621490 -0.210814056927 0.115505782484 0.0278634990205 -0.565011757749 -0.00181488049776 -0.00278273068282 -0.825076163893
1659006574.171396255 -0.197207124826 0.120136622467 0.0271183937848 -0.598292911167 -0.00169389002938 -0.00285578722811 -0.801270595781
1659006574.272167683 -0.185043004754 0.124710939277 0.0236235969386 -0.633035555134 -0.00143175385434 -0.00239947428021 -0.77411767745
1659006574.373096466 -0.172632274514 0.126489885148 0.0217903156356 -0.662630998403 -0.0013818638556 -0.00254470975929 -0.748940434788
1659006574.473896980 -0.161907149904 0.127356479243 0.0234447615106 -0.691956537392 -0.00191163871085 -0.00303781534683 -0.721930237402
1659006574.574744701 -0.158613777984 0.125574128959 0.0263038068964 -0.721856947563 -0.001055863975 -0.00312407768792 -0.692034444623
1659006574.675592899 -0.15056436549 0.120929215471 0.0247966756598 -0.749330574441 -0.000546132187117 -0.00221449822887 -0.662192183543
1659006574.776504517 -0.145973894213 0.120404072002 0.0233589898458 -0.776735941988 -0.00134118927263 -0.00341290357556 -0.629815710922
1659006574.877348185 -0.132214570182 0.118704139358 0.0238575206121 -0.802589198451 -0.000978776085127 -0.00265195420819 -0.596525429187
1659006574.978167534 -0.121926169825 0.113134009413 0.0232128122744 -0.827299592675 -0.000490686251713 -0.00268411311207 -0.561754340191
1659006575.079042912 -0.113631049751 0.107896693009 0.022624453421 -0.849634118082 -0.00051141048454 -0.00284819383361 -0.527364666661
1659006575.179903984 -0.104907819178 0.10251081015 0.0220203728914 -0.87138623506 -0.000390553749623 -0.00260268600974 -0.490590565382
1659006575.280758858 -0.0898551321441 0.100888116331 0.0233295584221 -0.890691480087 -0.000267407231638 -0.0032289704129 -0.454596732878
1659006575.381675720 -0.0746434217642 0.0962092877381 0.0223959987355 -0.909332107509 -0.000135481896447 -0.00337062426233 -0.416057374397
1659006575.482482433 -0.0647987816725 0.0920059607291 0.0244557591829 -0.92575476956 0.000145114626694 -0.00341711063441 -0.378108990812
1659006575.583297729 -0.0555193177544 0.0819409030737 0.0249435093845 -0.940509686979 0.000198890359294 -0.00309668338539 -0.339752703731
1659006575.684094906 -0.0474625852217 0.0781166358376 0.0269601707409 -0.953325227548 0.000504348371375 -0.0030583076011 -0.301929466777
1659006575.785041809 -0.0381981202325 0.0701790081606 0.0277314879369 -0.965544742309 0.000702925341314 -0.00355939654989 -0.260211812168
1659006575.885908127 -0.0335581550606 0.0680295562377 0.0276859060702 -0.975916899756 0.000918386994 -0.00275406341585 -0.218123305656
1659006575.986748219 -0.029390261782 0.0622452363626 0.0255780764051 -0.984412619595 0.000846808540757 -0.00245853170727 -0.175855147546
1659006576.087624550 -0.0187747821587 0.0503294925379 0.0203673095545 -0.990993617892 0.000565009391334 -0.00178285658594 -0.133896047304
1659006576.188456774 -0.00785935559579 0.0344729777616 0.0206342233639 -0.996170912799 0.000939656913606 -0.00331375678008 -0.0873593071927
1659006576.289361477 0.00185775633995 0.0204253208752 0.0204756418538 -0.999110566085 0.000388353822859 -0.00268143416482 -0.0420801120343
1659006576.390143394 0.0155191993844 0.00663884435086 0.0208645784444 -0.999992782539 0.000716160399107 -0.00339096685332 0.00155670426974
1659006576.491033792 0.0223681694356 -0.00554997342653 0.0184189811124 -0.998736239241 0.000510611057908 -0.00254598644152 0.0501914500218
1659006576.591886044 0.025022518132 -0.0166032517176 0.0172101225427 -0.995725080918 0.000806538208552 -0.00255745399343 0.0923275265293
1659006576.692627192 0.0256200839784 -0.0303071288591 0.0194194970246 -0.989959802067 0.001398082617 -0.00256589455214 0.14131897198
1659006576.793648243 0.0254936739092 -0.0377861874365 0.0203070773457 -0.983422386695 0.00116885914001 -0.00213721941038 0.181313197005
1659006576.894485950 0.0215986531268 -0.0469555019483 0.0187719187518 -0.974010445584 0.00149184325469 -0.00227759807533 0.226486729952
1659006576.997084141 0.0185919995972 -0.0530694559224 0.0159231524438 -0.963911589552 0.00162188736323 -0.00257783796899 0.266205130979
1659006577.096168280 0.00927249799132 -0.062792585308 0.0158559124057 -0.953040859181 0.00158147524171 -0.00224520426688 0.302829289743
1659006577.197019339 -0.00167468099048 -0.0699217043179 0.0175555047869 -0.947444628388 0.00141557259687 -0.00181516537376 0.31991151506
1659006577.297889233 -0.0112822670618 -0.0722640408633 0.0197159533809 -0.948276793009 0.00134047748476 -0.00124419654768 0.317439409864
1659006577.398628473 -0.0149481314784 -0.0720638549463 0.0192717503801 -0.95122469399 0.0013358256405 -0.0015864932181 0.308491945036
1659006577.499603271 -0.0202230967223 -0.0752872160683 0.0219346800511 -0.951392863224 0.00192166762842 -0.00216141396658 0.30796632168
1659006577.600452900 -0.01931559414 -0.0733424376171 0.0234887715595 -0.950156884368 0.00213651477354 -0.0023407788855 0.31175607636
1659006577.701412678 -0.0208362161164 -0.0755634955779 0.0251333715521 -0.950571318799 0.00164775763458 -0.00163860008176 0.310497613133
1659006577.802176476 -0.0167695347661 -0.0730741691025 0.0271982128837 -0.951170669626 0.00188298244802 -0.00192240561567 0.308653715313
1659006577.903042793 -0.0159043620047 -0.0772171013725 0.0282939245031 -0.951570113803 0.00227081955092 -0.00226033093014 0.307415114788
1659006578.003876209 -0.0155591303979 -0.0768811373091 0.0255913742486 -0.951542059205 0.00225509722553 -0.00201339234421 0.307503772907
1659006578.104751110 -0.0166779795357 -0.0796797694261 0.0277475056228 -0.951589558825 0.00225454354443 -0.0020944103085 0.30735621356
1659006578.205604076 -0.0167183165943 -0.0809256480627 0.028036924008 -0.951084176458 0.00229483595822 -0.00241545963355 0.30891388537
1659006578.306435823 -0.0132861301395 -0.0786532217189 0.02675241239 -0.950780969935 0.00214995141463 -0.0021620842001 0.309848753927
1659006578.407449961 -0.0139081578173 -0.0778528945081 0.0232396397529 -0.951490822926 0.00177687503715 -0.00179407936854 0.307666764344
1659006578.508193016 -0.0122667286655 -0.0789799128221 0.0219698840573 -0.950710649939 0.00226558879902 -0.00218683141405 0.310063453131
1659006578.609020233 -0.0108378367074 -0.0802606948994 0.0225703501723 -0.95055359005 0.00189157616736 -0.00168581910676 0.310550241341
1659006578.709901571 -0.0120783656366 -0.084130964702 0.0234571837216 -0.950701042668 0.0020473663208 -0.00253606442706 0.310091767284
1659006578.810652256 -0.0112622744676 -0.0828549955666 0.0212485937677 -0.951059057087 0.00193854150088 -0.00220826460293 0.308995203129
1659006578.911477566 -0.00971694500454 -0.0832699502169 0.0215215128461 -0.950364030899 0.00201884180731 -0.00215199196362 0.311126183375
1659006579.012495279 -0.008826734054 -0.0799365976869 0.0194832497831 -0.950092382161 0.00183244018837 -0.00164411423026 0.31195897873
1659006579.113341331 -0.0062523359828 -0.0796220275976 0.0230304757996 -0.950499364587 0.00185627657731 -0.00208393647055 0.310713967123
1659006579.214099884 -0.0056486577519 -0.0804807214263 0.0241437792542 -0.950090101768 0.00169935159102 -0.00188938754325 0.31196528804
1659006579.314945936 -0.00761492074285 -0.0790174224013 0.0253474677467 -0.950252193703 0.00192395848122 -0.00180137549256 0.311470418809
1659006579.415895700 -0.0049376206226 -0.0760218138827 0.0235612818174 -0.950394018315 0.00193380216665 -0.00227619232646 0.311034225301
1659006579.516752720 -0.00603429700806 -0.0761333065346 0.0225134083731 -0.950010790013 0.00193916120666 -0.00201630582951 0.312204537159
1659006579.617714643 -0.00681008334895 -0.0763037875478 0.0253218095969 -0.950221401021 0.00210647720786 -0.00241855634854 0.311558987001
1659006579.718466043 -0.00653823827116 -0.0763706679171 0.0248850169016 -0.95060032134 0.00200456967573 -0.00198469907478 0.310404690263
1659006579.819320440 -0.00969833637791 -0.0780191241096 0.0233983256406 -0.95104706119 0.00195660826782 -0.0018136199279 0.30903457714
