1658919332.169556141 0.0214862233113 -0.00853014361563 -0.0034849280184 0.999999586213 -0.000164716567989 0.000482867386053 0.000753180553859
1658919332.270209312 0.0467961486189 -0.0252294603719 0.00130140615405 0.999995720874 -0.000219195529066 0.000308491753111 -0.00290086532834
1658919332.371183872 0.0763059674305 -0.013130442518 -0.00392565916196 0.999982237083 -0.000199183998076 0.000356761481717 -0.00594630679591
1658919332.472213745 0.10380761656 -0.0122539832958 -0.00718917515898 0.999982761145 -0.000238282410064 0.000382115592787 -0.00585445314624
1658919332.572799444 0.135197209527 -0.00359609626067 -0.00776525725515 0.999986018942 -0.000203856123204 0.000344836025565 -0.00527270824427
1658919332.673743725 0.169634840796 0.00181553350083 -0.0057862549174 0.999993836021 -0.000197708823846 0.000288647747527 -0.00349363908564
1658919332.774650574 0.204683082504 -0.000830640946306 -0.00490402007354 0.99999646145 -0.000202164477273 0.000251505953691 -0.00264063666065
1658919332.875379086 0.2404680869 0.000269770755773 -0.00420674267162 0.999995804012 -0.000226783541494 0.000234927808871 -0.00287842613253
1658919332.976349115 0.277106200359 0.0034487928053 -0.00415291069071 0.999995998927 -0.000230023938166 0.000170468534129 -0.0028142776562
1658919333.077171326 0.320571069006 -0.000649875507316 -0.00495948615222 0.999998492024 -0.000237181979899 0.00014735601393 -0.00171405358922
1658919333.178155661 0.367070184922 -0.00148738688478 -0.00380851022938 0.999999833954 -0.000210634580385 3.5495275891 -0.000535223847789
1658919333.278866768 0.413074668355 -0.00310402405948 -0.00156569153357 0.999999754586 -0.000245528525011 1.41032877694 -0.000656007369691
1658919333.379669428 0.463520699995 -0.00434036210801 -0.00108743329415 0.999999113688 -0.000210817978455 -3.12177796669 -0.00131423151207
1658919333.480605125 0.515321459749 -0.00418450040994 0.00218724656623 0.999997762482 -0.000175239024426 -0.00018889881757 -0.00209967588114
1658919333.581278801 0.568483710214 -0.000933724005373 0.0027728528233 0.999997831979 -0.000192042857577 -0.000223683379261 -0.00206134022258
1658919333.682329178 0.621346500511 0.00273250195981 0.00250688043126 0.999997993609 -0.000180278714275 -0.000209914317482 -0.00198398939778
1658919333.783174992 0.67208827319 0.00642058313723 0.0027630881638 0.999998941453 -0.000147347646277 -0.000275878349344 -0.0014210109863
1658919333.884035587 0.723708091618 0.0106822184251 0.00217624295225 0.999999300989 -0.000154154673009 -0.000361038541703 -0.00111530655736
1658919333.984786987 0.776081537601 0.00983970399465 0.00321739947905 0.999999679676 -0.000154956625414 -0.000517831513582 -0.000590327161547
1658919334.085762501 0.822924279522 0.0115158407786 0.00354617500588 0.999999509725 -0.000151902331123 -0.000541916544129 -0.000814739931643
1658919334.186578751 0.868305927477 0.0131487138843 0.00285934677117 0.999998262043 -0.000150148709201 -0.000558757094389 -0.00177233077315
1658919334.287509918 0.91083229484 0.0125568790614 0.00538313546588 0.999988477742 -0.000120911659616 -0.000829908888532 -0.00472662824821
1658919334.388253212 0.958711095674 0.00892045619974 0.00818736398791 0.999952573743 -0.00014206051514 -0.000785943731782 -0.00970630599214
1658919334.489190102 1.00241114217 0.00429742511341 0.00944608200146 0.999871593741 -9.16933185049 -0.000857843935692 -0.0160016163406
1658919334.590013504 1.04857115279 -0.000892634633442 0.0082581909697 0.99972359054 -9.5187147009 -0.000896520847636 -0.0234931842874
1658919334.690917969 1.10085158018 -0.0067953275271 0.00804516797948 0.999500518402 -0.00012090264558 -0.000922522490313 -0.0315887329434
1658919334.791770458 1.15176760653 -0.0114494211129 0.00715242591938 0.999222397196 -0.000110850205362 -0.000963275970625 -0.0394165035612
1658919334.892612457 1.21036799645 -0.0119494711337 0.00562837715828 0.998879909217 -0.000117447298672 -0.000947865758501 -0.0473076602525
1658919334.993453979 1.26333173146 -0.0154492310135 0.00375593276285 0.998551426075 -0.000120370980489 -0.0009554948212 -0.0537970447516
1658919335.094327450 1.32237937195 -0.0204017097511 0.00040060905353 0.998233287172 -0.000108408836983 -0.000971009191661 -0.0594083308103
1658919335.195178747 1.38465282643 -0.0200474481103 -0.000876728921844 0.998208084877 -0.000221810394504 -0.000881690889535 -0.0598313689308
1658919335.296061993 1.44973159227 -0.0208917660258 -0.00338783222855 0.998512648017 -0.000372159763526 -0.000991611580744 -0.0545102738437
1658919335.396903515 1.51188889622 -0.0183195117201 -0.00429551739787 0.998924780156 -0.000348119787696 -0.00110652393572 -0.0463458521117
1658919335.497703552 1.57386290043 -0.0252980845106 -0.00381075359441 0.999249998339 -0.000311741057269 -0.0011255936873 -0.0387049954857
1658919335.598676205 1.63509909756 -0.025887806048 -0.00328094147535 0.999354424107 -0.000336527426814 -0.00112495003287 -0.0359076071825
1658919335.699527502 1.69243612164 -0.0294575090461 -0.00184889298793 0.999308856695 -0.00022391150879 -0.00125199414344 -0.0371509260439
1658919335.800327301 1.75685828412 -0.0370984945665 0.00201414478345 0.9992363767 -0.000263185618672 -0.00137001970856 -0.0390476280749
1658919335.901129723 1.82231993731 -0.0414955615291 0.00496072423748 0.999201963 -0.000219279579176 -0.00145813368356 -0.0399156974199
1658919336.001922369 1.88773301852 -0.0483875462875 0.00615032204533 0.999210490943 -0.000175714328822 -0.00160072603586 -0.0396963674575
1658919336.102936268 1.95802011378 -0.0558470760013 0.00753584671947 0.999356324673 -0.000239633693422 -0.00181826381807 -0.0358269846487
1658919336.203768730 2.02761478954 -0.0656512300918 0.00980254843347 0.99957747813 -0.000122675407307 -0.00200960907094 -0.0289967521762
1658919336.304553986 2.09307004361 -0.0721971098908 0.0108677923488 0.999761825548 -0.000180999231695 -0.00191495444765 -0.0217391896084
1658919336.405487537 2.16349436034 -0.075552542325 0.0128037736842 0.999909976803 -0.000237463813384 -0.00192850052763 -0.0132763995725
1658919336.506353140 2.22922241227 -0.0809832963539 0.0127582048204 0.999993751212 -0.000180101025482 -0.00215894621893 -0.00279357342479
1658919336.607202530 2.29359992948 -0.0806693544613 0.0119350434809 0.999964475885 -0.000199124184785 -0.00230085076502 0.00810638044466
1658919336.708083630 2.35660887529 -0.0796978534659 0.0114851519741 0.999807437584 -0.000193582945349 -0.00238727779855 0.0194769397456
1658919336.808897018 2.41871239461 -0.0722376296248 0.0107197762991 0.999543769386 -0.000238271658843 -0.00254073331103 0.0300955309537
1658919336.909815788 2.47765357946 -0.0651046658772 0.0106820757657 0.99917450288 -0.000227936192228 -0.00245804963152 0.0405489683272
1658919337.010621071 2.53467143104 -0.0648047677779 0.0117020353606 0.998588675936 -0.000380905529775 -0.00254567708248 0.0530474384962
1658919337.111491203 2.59518145864 -0.0589232636881 0.0140926821558 0.997733789142 -0.000385054561559 -0.00258376464106 0.0672343803182
1658919337.212342024 2.66242043449 -0.0431340321154 0.0139610291273 0.996708273122 -0.0003566821698 -0.0025920068656 0.0810294549394
1658919337.313214302 2.72901777472 -0.00310247715166 0.0122514529203 0.996020061455 -0.000394844545389 -0.00266458272213 0.089088614733
1658919337.414044857 2.79976951687 0.0406884650187 0.00965810517349 0.995979824829 -0.000343057240565 -0.00255241466218 0.0895408064818
1658919337.514911175 2.86522430852 0.0811992775123 0.00698852761277 0.996239948187 -0.000401675056784 -0.00248466228052 0.0866004084672
1658919337.615778923 2.93121496673 0.10146143527 0.0013007638633 0.996409614073 -0.000466851926066 -0.00231866022203 0.0846302950838
1658919337.716670036 2.99153500623 0.112745942602 0.00312448034267 0.996394224455 -0.000555934763678 -0.00229847863123 0.0848113047071
1658919337.817486286 3.05053474037 0.126699677513 0.00611347470618 0.996374115371 -0.000488376406358 -0.00240859735185 0.0850445904562
1658919337.918362617 3.11432229328 0.141284720726 0.00555586030027 0.996573188123 -0.000433341306729 -0.00257775002723 0.0826743499137
1658919338.019080162 3.18068230809 0.167416794858 0.00668695523509 0.996976831597 -0.000309985333187 -0.00265465615169 0.0776534221363
1658919338.120070457 3.24816494512 0.182019238587 0.00729194046459 0.997411429097 -0.000368886336591 -0.00269660815417 0.0718542506279
1658919338.220793724 3.31386644546 0.194882104513 0.0086066975728 0.997871833758 -0.00032502407515 -0.00276441003591 0.065146418089
1658919338.321779728 3.37768247869 0.206390788459 0.0105697961362 0.998394935378 -0.000346026591661 -0.0028262632888 0.0565636412704
1658919338.422493935 3.43943049656 0.21663223376 0.0107745222521 0.998926473405 -0.000299282368561 -0.00270973012624 0.0462435781807
1658919338.523479700 3.50184698346 0.220970159346 0.0127631077457 0.999408655627 -0.000286003690909 -0.00292372223052 0.0342594382458
1658919338.624346733 3.56777739109 0.220694198431 0.0156848913438 0.999751047804 -0.000119426626024 -0.00307674854385 0.0220989087865
1658919338.725190163 3.63009505025 0.213942406447 0.0144033490204 0.999929684853 -0.0002196449914 -0.0030170163068 0.0114662426016
1658919338.826430798 3.69080009645 0.20451197685 0.0122025359134 0.999992335788 -0.000197745900164 -0.00295726332882 0.0025580960527
1658919338.926793337 3.75715901917 0.194653069584 0.0093406991029 0.99998427629 -0.000242907198206 -0.00291550479251 -0.00478414045512
1658919339.027757168 3.81889825726 0.18589073551 0.0126553463746 0.999928230442 -0.000129437128088 -0.00302303864753 -0.0115921718225
1658919339.128500462 3.88545647635 0.179642654389 0.0169397838196 0.999817070555 -0.000142740592166 -0.00318418771896 -0.0188591092376
1658919339.229499340 3.95005711895 0.176123019977 0.0179320356349 0.99962788273 -7.72494537348 -0.00321853607672 -0.0270874717495
1658919339.330318213 4.01430462422 0.176834071894 0.0182048276111 0.999392452414 -0.000137368899179 -0.00316897070462 -0.0347082815984
1658919339.431175947 4.07910596786 0.173044906633 0.017756844267 0.999129972484 -0.000142485372426 -0.00325501018051 -0.0415774300622
1658919339.532071590 4.14726648369 0.168229432638 0.0153944161423 0.99886109538 -0.00016443062749 -0.00318692820608 -0.047605972179
1658919339.632921696 4.21862581821 0.15779527403 0.0135305788297 0.998566997362 -0.000107703551742 -0.00310966790978 -0.0534253698573
1658919339.733771086 4.29099083116 0.147000730143 0.0138422261082 0.99841175983 -0.000146902311315 -0.00328120623404 -0.0562420655688
1658919339.834640503 4.35990351933 0.137177001198 0.0117483914229 0.998482293947 -0.000286809442596 -0.00332201553325 -0.0549726352581
1658919339.935460567 4.42642659956 0.134669856537 0.00784267559152 0.998747353847 -0.00035486481524 -0.00322712485814 -0.0499317826623
1658919340.036358356 4.49160761969 0.128341009139 0.00470301287981 0.999140211799 -0.00034004076398 -0.00335349901524 -0.041321611562
1658919340.137181044 4.55836894694 0.123451015571 0.00503988110492 0.99950794378 -0.000524200053353 -0.00331346346944 -0.0311868000073
1658919340.238044262 4.62188155902 0.125058377826 0.00655757925588 0.999768259007 -0.00057218535236 -0.00337358678258 -0.0212537008359
1658919340.338900089 4.69270678051 0.12579354798 0.0118721313672 0.999911736593 -0.000564577159089 -0.00345922636771 -0.0128153825551
1658919340.439792633 4.75819117429 0.132145540525 0.0160301202119 0.999978008999 -0.000550342101903 -0.0037169937782 -0.00546466826714
1658919340.540609360 4.819185444 0.141093267436 0.0150847323266 0.999989801016 -0.000620696156068 -0.00345817562663 0.00283789043698
1658919340.641489983 4.88466659023 0.154236253604 0.011573953228 0.999912329148 -0.00076805404159 -0.00345991026541 0.0127582573675
1658919340.742333889 4.95615786665 0.167873077734 0.00584371778318 0.9997190268 -0.000720778512053 -0.0033071421838 0.0234608342137
1658919340.843190193 5.02197388977 0.177230771117 0.00117777986338 0.99940265871 -0.000933837710168 -0.00336998836623 0.0343816359197
1658919340.944076538 5.09377218257 0.179311255052 0.0031925936125 0.999026714286 -0.000874093871574 -0.00325130172398 0.0439805541144
1658919341.044907093 5.1648318306 0.185553434689 0.0034411199782 0.99864396898 -0.000864175736536 -0.00317390368203 0.0519557769276
1658919341.145751476 5.23290034566 0.192469503897 0.00543412702163 0.998303474113 -0.000830899091273 -0.00303917995289 0.0581398879142
1658919341.246533871 5.29624549663 0.207299638411 0.00780649310161 0.9979213375 -0.000842371036175 -0.00329014995329 0.0643542499426
1658919341.347599983 5.35951367742 0.224401500682 0.0076132414024 0.997308180024 -0.000980651918333 -0.00340456699637 0.0732382502732
1658919341.448383808 5.42895857317 0.229344470457 0.00957669810591 0.996771402281 -0.00106817584617 -0.00341121395819 0.0802121824596
1658919341.549180984 5.49675168756 0.23140662435 0.00722542102263 0.996686237764 -0.000660321987511 -0.00344128141171 0.0812666291237
1658919341.650066853 5.57000686486 0.230870938344 0.00670513248517 0.996796137123 -0.000931669162212 -0.00359136901762 0.0798980292424
1658919341.751846313 5.63518090206 0.244238673966 0.00846918778084 0.996911989527 -0.0010910923829 -0.00382074163583 0.0784263768646
1658919341.851787567 5.69774399122 0.256632749139 0.0118228218249 0.996928347586 -0.00102613555743 -0.0039571736002 0.0782122599229
1658919341.952605247 5.76278682082 0.272654732549 0.0174483584389 0.996874654621 -0.00111854906174 -0.00424691790776 0.0788773447176
1658919342.053512096 5.82355105054 0.282376750248 0.0195641734956 0.99680395948 -0.00125162199214 -0.00465517905794 0.0797410127608
1658919342.154339075 5.88682940857 0.296361780762 0.0263467462252 0.99680686044 -0.00102075218357 -0.0046498256465 0.0797083443903
1658919342.255169868 5.95193328217 0.311411617881 0.0270372032268 0.996853151515 -0.000894237420669 -0.00484889888604 0.0791168934746
1658919342.356071472 6.01572617317 0.324882906444 0.0252057563891 0.996817612344 -0.00113767080271 -0.00461225497731 0.0795743710596
1658919342.456863642 6.0775276129 0.33773325682 0.0250261876601 0.996814365344 -0.00105163986899 -0.00454216705932 0.0796202475251
1658919342.557756186 6.14309745532 0.344897414018 0.022384602488 0.996764542317 -0.00108425538866 -0.00487868546936 0.080221381172
1658919342.658776760 6.21063888742 0.355831006879 0.0240869227603 0.996762456334 -0.00111235858493 -0.00470997548513 0.0802569899268
1658919342.759484053 6.27926240858 0.370671123583 0.0273791160526 0.996726032937 -0.00115790877716 -0.00493152197935 0.0806942042734
1658919342.860405445 6.34583450966 0.378849904338 0.025699600317 0.996735571389 -0.00128286614917 -0.00485001817409 0.0805793540926
1658919342.961187363 6.41477561579 0.394424592408 0.0209609669123 0.996787563036 -0.00155495048269 -0.00517770595087 0.0799082453014
1658919343.062096596 6.47544762141 0.409106429425 0.0237819123446 0.996791930072 -0.00128193846588 -0.00505638777843 0.0798663741442
1658919343.162900448 6.54143958377 0.418517462674 0.0256044916233 0.996721173428 -0.00165401063543 -0.00502935648155 0.0807395334551
1658919343.263779163 6.61008548581 0.419744599248 0.0224700590197 0.996915981469 -0.00195275332745 -0.00514119777623 0.0782833362266
1658919343.364661694 6.6767937951 0.428906213005 0.0234931532222 0.99724722183 -0.00174419960627 -0.00502908654054 0.0739570457007
1658919343.465521812 6.74306451878 0.445187062941 0.0227547828211 0.997390201015 -0.00193943486018 -0.00520837033591 0.0719854040057
1658919343.566354036 6.80797657566 0.46257234625 0.0218317440936 0.997377162002 -0.00192026543367 -0.00482303062948 0.0721931276076
1658919343.667213440 6.87086802148 0.476161471271 0.0237120078674 0.997305794828 -0.00250250595955 -0.00512598127442 0.0731342148497
1658919343.768048286 6.93289459582 0.489503958044 0.0261511486526 0.997169416621 -0.00223325241777 -0.00516415889739 0.0749766537118
1658919343.868932724 6.99827883102 0.50045678651 0.029488477475 0.997149864722 -0.00233701310135 -0.00556814864767 0.0752042643421
1658919343.969777346 7.06164867529 0.506951263327 0.0313785462798 0.997135819583 -0.00232436451387 -0.00546629248601 0.0753981052874
1658919344.070648193 7.12763178451 0.516870726648 0.0275389032205 0.997200976351 -0.00285925276806 -0.00563699961225 0.0745000783445
1658919344.171431541 7.19574532089 0.528248302634 0.0258921269431 0.997138981902 -0.00319234933735 -0.00538863302409 0.0753300890176
1658919344.272332907 7.25732385172 0.536717266588 0.0309791224722 0.997109840709 -0.00248189109582 -0.00496706389418 0.0757702715663
1658919344.373217583 7.32184385043 0.54569786422 0.0334479309855 0.99721601796 -0.00279199164702 -0.005046218457 0.0743434865045
1658919344.474073172 7.39714115838 0.556393814325 0.0342658544663 0.997378258573 -0.00289656543131 -0.00512077680566 0.072124870055
1658919344.574925423 7.46346356119 0.570612563834 0.0347225637004 0.997486758734 -0.00197364341366 -0.00469813403494 0.0706696428319
1658919344.675648212 7.53288204611 0.584974059963 0.0336301297799 0.997464173729 -0.00277439667612 -0.00503506694779 0.0709378104409
1658919344.776632547 7.59570661311 0.594750011544 0.0318074707445 0.997445270298 -0.00287308404169 -0.00491611003942 0.0712075137168
1658919344.877415180 7.65936389696 0.611283646364 0.0344553444438 0.997385203474 -0.00232454262754 -0.00474295436864 0.0720753548525
1658919344.978319168 7.72305168543 0.623373520843 0.0389092097511 0.99737842722 -0.00232138921805 -0.00489295535407 0.0721591508842
1658919345.079185724 7.78838496742 0.631335519125 0.0390042517502 0.997425077437 -0.00178659124842 -0.00484314921238 0.0715301817249
1658919345.180041790 7.85415252075 0.645526322183 0.0388115128099 0.997397296129 -0.00190847209034 -0.00487877248265 0.0719109796054
1658919345.280869484 7.91679489806 0.662597112334 0.0436635921085 0.997158999738 -0.00220230399433 -0.00500217242077 0.0751269417021
1658919345.381803989 7.98938027854 0.681909846326 0.0476845853528 0.996761946775 -0.00352125377313 -0.00537842824109 0.0801516983122
1658919345.482623100 8.05719671096 0.69399094706 0.0415901674048 0.995908686142 -0.00203503346114 -0.0048975136168 0.090209544202
1658919345.583358288 8.11785096533 0.717285020979 0.0401050047057 0.99491618618 -0.00341767950249 -0.00500721383841 0.100523777054
1658919345.684369087 8.18400315007 0.738890650749 0.0390626946062 0.993794252776 -0.00192709617571 -0.00481016147915 0.111113148624
1658919345.785212517 8.25018989803 0.754650038276 0.041394253067 0.993493612842 -0.0027620738947 -0.00498449712009 0.113745184415
1658919345.886058807 8.31703902564 0.771207194223 0.0400655388745 0.993686863853 -0.0013259563747 -0.00528912210013 0.112056609056
1658919345.986869335 8.38462396354 0.782653831013 0.0479181545558 0.993811204245 -0.00405196133663 -0.00684232429103 0.110797357929
1658919346.087763786 8.45227357349 0.797944409182 0.0501371703609 0.993846333787 -0.00453411400378 -0.00667797890727 0.110473124448
1658919346.188661575 8.51533314009 0.817513852835 0.0594477231375 0.993792351994 -0.00371492029061 -0.00606297068947 0.111023424883
1658919346.289499760 8.57886750518 0.832497691388 0.0580756503053 0.993658068095 -0.00267958962226 -0.00614633176946 0.112243868939
1658919346.390214920 8.64074977304 0.854823526132 0.0704944878084 0.993621592862 -0.00335388721665 -0.00590132029433 0.112561343535
1658919346.491195917 8.70496413094 0.88418713453 0.0622042832285 0.993443020368 -0.00372116940172 -0.00609643116031 0.114105002993
1658919346.592026711 8.76867741843 0.903694413544 0.0613800667334 0.993069692519 -0.00367653599591 -0.00512493182555 0.117357590114
1658919346.693323135 8.83930156145 0.913370293483 0.0609588591089 0.992990873275 -0.00182865420404 -0.00516664628494 0.118063912281
1658919346.793899775 8.90454564182 0.934686023081 0.0518179608787 0.993270558377 -0.00361745078093 -0.00499821148072 0.115652625534
1658919346.894610405 8.97893916769 0.955951557658 0.0607373560345 0.993318630377 -0.0037267890145 -0.0048887125498 0.115240227693
1658919346.995478630 9.04190418399 0.968277384895 0.0586066971375 0.993164162789 -0.00355558653695 -0.00522774234061 0.116554597792
1658919347.096343279 9.10372066771 0.983363496699 0.0511854963056 0.993117920524 -0.0040117905459 -0.00533749767388 0.116928236919
1658919347.197182417 9.16694994575 0.999402869167 0.0519690470252 0.993071906341 -0.0029320902297 -0.00446284590627 0.1173868591
1658919347.297919750 9.22503085177 1.00605596311 0.0594228066475 0.992689796564 -0.00271186845892 -0.00511374667129 0.120554813936
1658919347.398903608 9.27903370304 1.01457109037 0.0579456409331 0.992046719947 -0.00244429539607 -0.00517603035559 0.125739968076
1658919347.499763966 9.3249036615 1.02251940912 0.0628880702188 0.991056449581 -0.00181927601735 -0.005065170365 0.133334721765
1658919347.600598812 9.37404472366 1.03070144301 0.0654272177543 0.989765212466 -0.003511134087 -0.00599839740537 0.142536014249
1658919347.701493263 9.42431136051 1.04784128189 0.06084239278 0.988311699078 -0.00421466719479 -0.00612278726719 0.152265339204
1658919347.802351713 9.46262887135 1.07313782128 0.0529995806542 0.987306459064 -0.00559601100852 -0.00664620722921 0.158588992307
1658919347.903200626 9.51086634375 1.09918649804 0.0575275652334 0.986069230047 -0.00356562564984 -0.00664710438525 0.166164303844
1658919348.004042864 9.5669151112 1.12800073022 0.0629879193173 0.985618654406 -0.00475798638497 -0.00687810080447 0.168777727744
1658919348.104944944 9.62891206022 1.15918275635 0.0630901984222 0.985446172029 -0.00442900574925 -0.00456700195773 0.169868679967
1658919348.205774307 9.68455282932 1.19368523208 0.0591417937263 0.985712232229 -0.00295773126485 -0.00283969242295 0.168388192003
1658919348.306499958 9.73689098995 1.21589845578 0.0535203836895 0.985737885758 -0.00032898970392 -0.00172177843699 0.168278780082
1658919348.407495975 9.78791336205 1.21896717253 0.0485001729651 0.984537987316 -0.00425030595572 -0.00407732947741 0.175072161738
1658919348.508277893 9.83084982232 1.22728998146 0.0585428362401 0.982027514646 -0.00160764400361 -0.00305888363232 0.188706171574
1658919348.609202147 9.86725766409 1.23590232491 0.0564072227336 0.979003280809 -0.00230900643433 -0.0040504300339 0.203791164358
1658919348.710038662 9.90373485097 1.25510088909 0.0602505870959 0.975573922667 -0.00339070252465 -0.00341062502707 0.219618742792
1658919348.810896873 9.94616258505 1.2778582385 0.0669935315392 0.97205064577 -0.00290650715035 -0.0048636943235 0.234702873333
1658919348.911813736 9.98982014995 1.31245326161 0.0693177490037 0.969666161331 -0.00256989322262 -0.00451395299831 0.244377894761
1658919349.012632847 10.0384330594 1.34785063086 0.0677789219789 0.967449890203 -0.00182747457559 -0.00374182122542 0.253028395752
1658919349.113476038 10.0836007052 1.38168794549 0.0661910206912 0.965369608773 -0.00200047162618 -0.00384861844633 0.260849965892
1658919349.214276791 10.1275523844 1.42092988804 0.0611643697564 0.963563700096 -0.00158709481868 -0.00320135361926 0.2674550959
1658919349.315186501 10.1735060023 1.46321974968 0.0627531323692 0.963009838961 -0.00131979216177 -0.00298070895473 0.269446513408
1658919349.416038275 10.2142015503 1.49950741019 0.0623407198035 0.962727449761 -0.000586161049925 -0.00222966699661 0.270463569593
1658919349.516935825 10.2544095732 1.53103599678 0.0599497299749 0.96235588499 -0.000496856102264 -0.00197027799175 0.271784881411
1658919349.617933273 10.2974569514 1.56220093197 0.0697729749398 0.962594570163 0.000458699917608 -0.00151487246113 0.270941300374
1658919349.718629360 10.341623359 1.59027349781 0.062216559027 0.963197855178 -0.000731214372834 -0.00187872391289 0.268785839476
1658919349.819350719 10.3860473431 1.61542070829 0.0653542404621 0.963381090309 0.000544180670509 -0.00153102067931 0.268131002829
1658919349.920408249 10.4267758141 1.63894174354 0.0594667019376 0.963328036213 -0.00276655120414 -0.000990607366672 0.268310379109
1658919350.021178484 10.4676171894 1.66517825246 0.0625943671428 0.96352727517 -0.000693191506407 -0.00154540856874 0.267604785461
1658919350.122066021 10.5082662103 1.6896226777 0.0641920033553 0.963562747974 -0.000719444465498 -0.00210943451239 0.267473107813
1658919350.222962379 10.5507303813 1.71310686229 0.0639588534106 0.963994685443 -0.000673005983111 -0.00220586968379 0.265911503398
1658919350.323751450 10.5954336437 1.74161868909 0.0681553505617 0.963867602779 -2.22581543349 -0.00191892656397 0.266374851549
1658919350.426170349 10.6380039569 1.7716650306 0.0679040244417 0.963890170211 7.98020035986 -0.00187640191731 0.266293470665
1658919350.525503159 10.6791965679 1.80243167923 0.0675055807438 0.96390401121 -0.000596986017729 -0.00164295894255 0.266244251519
1658919350.626318693 10.7182442873 1.83336888808 0.0657336224751 0.964079756453 0.000119556429722 -0.00134344760544 0.26560949541
1658919350.727193356 10.7552021346 1.85991187121 0.0624773883553 0.964257193609 -0.00115394782808 -0.00243530321552 0.264954339985
1658919350.828032017 10.7859661105 1.87954978315 0.0612123951431 0.964600688288 -0.00235628462898 -0.00254698584453 0.263692003938
1658919350.928938866 10.8113733309 1.89191111492 0.0631683825492 0.964689020795 -0.00226373680662 -0.00367374940139 0.263356169887
1658919351.029739141 10.8386135138 1.90386314373 0.0642731246962 0.964352912216 -0.00117631014622 -0.00352361041518 0.26459338836
1658919351.130660534 10.8693820694 1.92079695807 0.0623566763454 0.964291110848 -0.00604765512096 -0.00433515175602 0.2647400345
1658919351.231322289 10.908045676 1.94222103771 0.0649674591239 0.96404107873 -0.003024169896 -0.00234867562072 0.2657256793
1658919351.332363844 10.9350083641 1.96106656743 0.0685909255921 0.963948891564 -0.00264066695983 -0.00188448006692 0.266067679483
1658919351.433197021 10.965984574 1.97978475598 0.0605666227112 0.964004371964 -0.00695437234936 -0.0024052900694 0.265784540784
1658919351.534083843 10.9926641947 1.99810278782 0.0583682801394 0.96415898766 -0.00492175332442 -0.00296546066939 0.265262942948
1658919351.634906530 11.023876527 2.01584750946 0.0615656459363 0.96421918995 -0.00542578983686 -0.00177338153544 0.265044844609
1658919351.735765934 11.0526214237 2.03098037703 0.0647257380136 0.963825744335 -0.0035123484646 -0.00146464870903 0.266506008882
1658919351.836627960 11.082876907 2.05438199419 0.0648927228221 0.963909528479 -0.00445685228629 -0.000667413532483 0.266191870528
1658919351.937500477 11.1170374246 2.0757773376 0.0638417644245 0.963981643451 -0.00370991823309 -0.00132371104482 0.265939608529
1658919352.038308144 11.1454636166 2.095693884 0.0598463567541 0.963805488275 -0.00170556449474 -0.00102732945077 0.266598980523
1658919352.139185905 11.1701321075 2.11427434353 0.0611279197156 0.963767305437 -0.00141227169984 0.000512231967112 0.266740180844
1658919352.240032673 11.20083927 2.13247614779 0.0606576180217 0.963728252408 -0.00354745270137 0.000623234494998 0.266861167404
1658919352.340892315 11.2290612549 2.15005995413 0.0558649687162 0.96465654216 -0.00148835929898 -0.000988821973227 0.26350438836
1658919352.441711903 11.2591343771 2.16879310314 0.0509010185831 0.964769175677 -0.00221335836476 -0.00116837577472 0.263085867364
1658919352.542645454 11.2873267992 2.18412786644 0.0665527645728 0.964077548659 -0.00282080279347 -0.00218875641445 0.265596936333
1658919352.643471003 11.3138244896 2.19860087732 0.0753378764793 0.96375124877 -0.00543962945097 -0.00629183574512 0.266672746507
1658919352.744341373 11.3453979204 2.21684509694 0.0829174353978 0.963593206245 -0.00450461149734 -0.00558996761443 0.267276249628
1658919352.845158577 11.373419359 2.23342402425 0.0879931178631 0.96344186857 -0.00566188983152 -0.00630096314535 0.267783507248
1658919352.946069002 11.4081747498 2.26077951539 0.0830139635356 0.96320325369 -0.00448307226717 -0.00556296713473 0.268679079091
1658919353.046914101 11.4390375145 2.27609263347 0.0841863306356 0.963083597908 -0.00258778941291 -0.00487865241347 0.269145844362
1658919353.147667885 11.4763237246 2.29416441764 0.0902974990777 0.96329181162 -0.00329240935211 -0.00572096726217 0.268375327183
1658919353.248517036 11.5064119879 2.3142975779 0.0918991987649 0.963733793846 -0.00310589008988 -0.0058299010898 0.266783695716
1658919353.349484921 11.5400411488 2.33449281991 0.0798431299089 0.963453899695 -0.0022995778124 -0.00783308116578 0.267749767402
1658919353.450399399 11.5798744053 2.35836838589 0.0794998714254 0.963415434961 -0.00355685354342 -0.00634400475275 0.267913795978
1658919353.551179409 11.6224441374 2.38472730155 0.0809296841657 0.964020247359 -0.00343535377367 -0.00553877883336 0.265748909603
1658919353.652047157 11.6660211131 2.40595689812 0.0677469790899 0.964490633285 -0.00712040957074 -0.00577954891056 0.263957789973
1658919353.752897263 11.7155629207 2.43612284655 0.0783776606182 0.96506092007 -0.00374241207543 -0.00499427806559 0.261951278088
1658919353.853739262 11.7627369961 2.46024375571 0.0728520970846 0.966390225863 -0.00164382132799 -0.00528677578634 0.257019997684
1658919353.954602242 11.8115380112 2.47765427297 0.0906225404729 0.968097176044 -0.00422213173974 -0.00583149037684 0.250471605296
1658919354.055505276 11.8671843612 2.49846376145 0.0755521796884 0.970431518458 0.00173403618448 -0.00589228742185 0.24129845016
1658919354.156428337 11.9113571247 2.52136444806 0.0681938936351 0.972276549851 -0.00360459022975 -0.00532920603379 0.23374541087
1658919354.257199764 11.9580877267 2.55252937427 0.0741360821714 0.974193590578 -0.00171016936264 -0.00261555490633 0.225692450629
1658919354.358047724 12.0041652977 2.58584279755 0.0740690000336 0.975366504827 0.00279656599609 -0.00104532920103 0.220570323859
1658919354.458924770 12.0527126454 2.61338185298 0.0744446609759 0.975977523005 0.00101372980436 0.00033586978348 0.217868616675
1658919354.559751511 12.1085128799 2.63667086371 0.0683925257629 0.977450702794 0.00415909545947 0.000769774514769 0.211121370258
1658919354.660636663 12.1606974503 2.65658420441 0.0756528420081 0.978622985204 0.0067991610887 0.00201648765376 0.205540161565
1658919354.761477470 12.2083215763 2.67472428476 0.0796720662496 0.979968828208 0.00830347921308 0.00256427259526 0.198961233608
1658919354.862333298 12.2514282344 2.69367888494 0.0882785657302 0.981014398227 0.00503341579823 -0.000181554057397 0.19386949795
1658919354.963194370 12.2944474526 2.70870480829 0.0810735713882 0.981504064431 0.00176986509441 -0.00314110735861 0.191407347112
1658919355.064054251 12.3406725057 2.71982454443 0.0990362765522 0.982357362488 0.00133565020771 -0.00364938677348 0.186973020463
1658919355.164904594 12.3937080616 2.74479531986 0.0693194857039 0.983314743753 0.00958883386655 -0.000350478764765 0.181659148266
1658919355.265818119 12.4462582709 2.75943420823 0.0847727196049 0.983830303775 0.00301410165859 4.81372473369 0.17907776592
1658919355.367486477 12.5042624081 2.77377272585 0.0728107112217 0.985228189085 0.00385172742905 0.00154712275514 0.171196337691
1658919355.467495918 12.5559808809 2.79562783762 0.0836832900979 0.986405040942 0.000193156908357 -0.00220810535772 0.16431732156
1658919355.568329811 12.6091685245 2.82417478035 0.0830957945902 0.987125038309 0.0050958368275 5.12282315009 0.159869285877
1658919355.669188261 12.6565645696 2.84387925484 0.0753299570975 0.987448419777 0.00432369252015 0.00103811991038 0.157879214181
1658919355.770067692 12.7089753387 2.86265025655 0.076713188196 0.988036468659 0.00662632277256 0.00232237954525 0.154060491362
1658919355.870898724 12.7609648947 2.87884819649 0.0872828846019 0.989024657672 0.0108373510444 0.00653512039387 0.147207576372
1658919355.971680641 12.8171209368 2.9007376411 0.0811315727463 0.989903836198 0.0108696899453 0.00607767754872 0.141192445817
1658919356.072554111 12.8673893477 2.91911499056 0.0834797548888 0.99054220858 0.00767679576926 0.00611647241795 0.136856817852
1658919356.173485041 12.9199318512 2.94138523005 0.0815056847102 0.990790463999 0.00699931341012 0.00835198789257 0.134964848601
1658919356.274367809 12.9685493617 2.94763971103 0.0820260959992 0.991240328993 0.00179353464199 0.00666046009007 0.131890225881
1658919356.375687599 13.0187135002 2.95896300168 0.0878391226301 0.991881872967 0.0032914173607 0.00329843574273 0.127077287403
1658919356.476052761 13.0635642391 2.96926912556 0.0917746844464 0.992349336298 0.00294769290282 0.00126529499883 0.123420034368
1658919356.576918364 13.1097465286 2.98281989171 0.0885647977578 0.992526095172 0.0021456995595 -0.00138133306811 0.122005894506
1658919356.677763939 13.153670813 2.99442603124 0.0942525439952 0.992929491962 0.00282246212707 -0.00128410292732 0.118665111886
1658919356.778631926 13.2002411488 2.99654882801 0.0993861161393 0.994091502037 0.0036913236085 -0.00259720406528 0.108451437237
1658919356.879511833 13.2480434566 3.00915100351 0.097006309082 0.995382204848 0.00126537559873 -0.00369626546495 0.0959114316303
1658919356.980300426 13.2952781698 3.01736989656 0.085300052609 0.996643431591 0.000606097428326 -0.00465209072491 0.0817304163933
1658919357.081148148 13.3474348936 3.0288281263 0.0778072385385 0.997726138972 0.00336516039611 -0.00452558697595 0.0671620902679
1658919357.182059765 13.4048851682 3.04152603868 0.0849469312048 0.998564528996 0.00288030577713 -0.00473616057834 0.0532743282675
1658919357.282890558 13.4618533618 3.05535363136 0.0845630877147 0.999208959566 -0.000529643719342 -0.00650935737305 0.0392275778895
1658919357.383759737 13.5186482803 3.05390968682 0.0913799032544 0.999595932095 -0.00114916729365 -0.005988863437 0.0277630233927
1658919357.484639168 13.5705336613 3.05206853034 0.0873622647414 0.999789078851 0.00366933158107 -0.00569814464063 0.0193872371176
1658919357.585509062 13.6247313818 3.05325693622 0.0912520143351 0.999909973744 0.002509016964 -0.00567857497104 0.0118955044773
1658919357.686359406 13.6704841671 3.05898103448 0.0861830562735 0.999983113716 0.00242410180793 -0.00523329801976 -0.000713165163464
1658919357.787274837 13.7292213982 3.05731632829 0.0941732325922 0.999909669915 0.00536299129803 0.0019577824994 -0.012167884874
1658919357.888045311 13.7833479772 3.05433936329 0.0951167633011 0.999712966084 0.00703492978156 -0.00228193247859 -0.0227878913176
1658919357.988896847 13.8496441741 3.05082585769 0.0920067909893 0.999490085656 0.00538872380121 4.11728082671 -0.0314726648895
1658919358.089761734 13.9023046113 3.04580851742 0.0891852435277 0.999279990978 0.00605392611769 0.00179694223867 -0.0374115036968
1658919358.190639019 13.9590694456 3.03376161408 0.0951344887285 0.999033398341 0.00512919439357 -4.79847473698 -0.0436572795951
1658919358.291489124 14.0175242459 3.03213287381 0.0878852590155 0.998630892634 0.00163531893157 0.00144793339642 -0.0522644190432
1658919358.392343998 14.0724352357 3.0220741705 0.0970006634745 0.998262787927 0.00295472515147 -0.00286356773857 -0.0587747889787
1658919358.493193388 14.1312268653 3.01521606166 0.0832873154869 0.99801743799 0.0048131345453 0.000439448999273 -0.0627521640083
1658919358.594073772 14.1820399761 3.01112723459 0.101597437677 0.99792496636 0.00394097830346 -0.000708318415307 -0.06426296359
1658919358.696339607 14.2302609671 3.01117632612 0.0867843612999 0.997469627999 0.00150931157292 -0.00174260496768 -0.071056502348
1658919358.795769215 14.2827967469 3.00341478162 0.0875021238729 0.996759953865 0.00510137068285 0.000756241097368 -0.0802682906716
1658919358.896529675 14.3335603585 3.00035585749 0.0904872034847 0.995833046482 0.000976598346511 0.000869008458185 -0.0911857149657
1658919358.997367382 14.3817904139 2.98856125072 0.0893632381521 0.995101903242 0.0026137444944 0.00243600112971 -0.0987898598179
1658919359.098383427 14.4324531807 2.97304035445 0.0876437509626 0.994226522847 0.00412531324614 0.00211564146139 -0.107201339165
1658919359.199230194 14.4830482359 2.95640507019 0.0917415880385 0.993600623882 0.00664007745752 0.00431345382944 -0.112672550822
1658919359.300074577 14.5313927722 2.94206814365 0.0906198382088 0.992782739352 0.00487787019246 0.000886227251661 -0.119824260599
1658919359.400847912 14.5839441262 2.92685383753 0.0808422105355 0.992280486713 0.000350270425433 -0.00134771628236 -0.124006034772
1658919359.501763344 14.6389783914 2.91263477694 0.0846304157419 0.991524036957 -0.00137501284048 0.00126332938678 -0.129909959106
1658919359.602648973 14.6788299168 2.91009580105 0.0835944983596 0.990175509324 -0.00116623310987 -0.004416743076 -0.139755475799
1658919359.703457832 14.7171695972 2.89743470182 0.0929637505371 0.988023190283 0.0016240264276 -0.00211618659604 -0.15428240261
1658919359.804386854 14.769891989 2.88105632964 0.0954560478248 0.986361943767 0.0034966852504 -0.0011973463804 -0.164549249292
1658919359.905051231 14.823331927 2.86391357232 0.104052667673 0.985066834313 0.00517287325491 0.0059356806852 -0.171992270216
1658919360.006012917 14.8795021274 2.83391082354 0.0838348096398 0.984059401523 -0.00188229215849 0.00247377737271 -0.177812912003
1658919360.106910229 14.9282003191 2.80858111556 0.0803269472762 0.983705776523 0.00371357509753 0.00575465407563 -0.179655332658
1658919360.207745552 14.9799698097 2.78474098966 0.0816241150033 0.983953724331 0.000607782262766 0.00364938468287 -0.178385484184
1658919360.308638334 15.0314119518 2.75717128626 0.0852572487005 0.984688505772 0.00296121993809 0.00291402195595 -0.174273595972
1658919360.409483910 15.0841162237 2.74475133409 0.0926458396934 0.985040779167 0.000425477028071 0.0065577488845 -0.172196046056
1658919360.510354757 15.1343123772 2.7338644325 0.0888924244018 0.985387031142 -0.00303052993789 0.00418410765104 -0.170251895697
1658919360.611239910 15.1785811539 2.71977786733 0.0861211336898 0.985614010468 -0.00211848624636 0.0064641332219 -0.168874951866
1658919360.712049961 15.2237261585 2.70219337899 0.0757158122933 0.986441046716 0.00467223255794 0.00326049301437 -0.164017074664
1658919360.812903643 15.271000412 2.68602102741 0.0764746692341 0.98741071609 0.00175486829184 0.00272337097706 -0.158144179273
1658919360.913778067 15.3128714797 2.67002353955 0.0779648512105 0.988509947066 0.0012062472298 0.00148068725045 -0.151143762966
1658919361.014649868 15.3515540062 2.660034966 0.0787773572951 0.989318118061 0.0035324726123 0.00225455813079 -0.145712387537
1658919361.115510941 15.3940877564 2.6483525774 0.0821226311922 0.989981192679 0.00315162495007 0.00283916214828 -0.141135553852
1658919361.216361046 15.434414944 2.64174969216 0.0826491689776 0.990231544681 0.00328273351238 0.00237793662272 -0.139373803121
1658919361.317223549 15.4788760124 2.63140101819 0.0812267919156 0.990527166308 0.00489353187771 0.00138829326559 -0.137222661368
1658919361.417941570 15.526195618 2.61783034231 0.0787878379518 0.990846381269 0.00299194920309 -0.00339627424494 -0.13491835415
1658919361.518911839 15.573693976 2.61090475444 0.0826558295279 0.991156427598 0.00475906590045 0.000388030868365 -0.132612732249
1658919361.619771242 15.622735308 2.59657544419 0.0870800869026 0.990965141257 0.00552563793525 0.00107784032711 -0.134001471627
1658919361.720636845 15.6727023306 2.58420483263 0.0871724461381 0.99132500439 0.00762830840733 0.0028124594103 -0.131181685662
1658919361.821364164 15.7315935311 2.57131289476 0.0842045397224 0.991329601746 0.00566242375575 0.000765709448668 -0.131274412391
1658919361.922270536 15.7816609766 2.56650274783 0.0837714144881 0.991048867292 0.00612306368448 0.000318110735712 -0.133358725006
1658919362.023234129 15.8320493427 2.55518253189 0.0875651013937 0.990789313552 0.00647163686946 0.000202108730863 -0.135257581004
1658919362.124053478 15.8842906524 2.54069151367 0.0836965085866 0.990760831886 0.00966690646356 0.00137714333151 -0.135268726601
1658919362.224972486 15.9378412255 2.52375634345 0.0871284428961 0.990741984713 0.00539412893135 -0.00197930505881 -0.13563666706
1658919362.325772762 15.9927537468 2.50744484886 0.0907762485131 0.990575967459 0.00115871107821 -0.00365646603553 -0.136910702059
1658919362.426609516 16.0439526002 2.49514074565 0.0922335938543 0.990398189892 0.00439823033401 -0.00174271284465 -0.138163106435
1658919362.527498722 16.0963472915 2.48355644093 0.0912684876588 0.990555567726 0.00365312708581 -0.0032530523349 -0.137024594724
1658919362.628340244 16.1493010937 2.46713764228 0.0900280751338 0.990424389409 0.00283941545549 -0.00294634685189 -0.137995600017
1658919362.729196310 16.2032818279 2.45466614611 0.089273489054 0.989997153198 0.000991562844331 -0.00195127189155 -0.141070358332
1658919362.830022335 16.2583289669 2.44418848044 0.0880487367914 0.989985415512 0.00506424096498 -0.00148133521859 -0.141071032402
1658919362.930893898 16.3146770587 2.43012922559 0.0906078716818 0.989981482918 0.0015721821426 -0.00313366317639 -0.141153717196
1658919363.031763792 16.3685937277 2.41665071937 0.0952427033967 0.989796204649 -0.000321060875627 -0.00507029607756 -0.142399656883
1658919363.132538795 16.4239098736 2.40658945637 0.099767707413 0.989567107948 -0.00198243372916 -0.00820900086835 -0.14382496699
1658919363.233479023 16.4819547169 2.39090109845 0.101896559773 0.989460170981 -0.000497084801282 -0.00796952592937 -0.144584956358
1658919363.334366560 16.5382603716 2.37575753885 0.102717849093 0.989171257763 -0.00430709252982 -0.00797404480842 -0.146485788997
1658919363.435199738 16.5862637515 2.36672360872 0.0987997776568 0.989355260129 0.000351487693123 -0.00574576427589 -0.145406436944
1658919363.536061525 16.6393072995 2.35953183854 0.0946881055621 0.989912989655 -0.00288858016275 -0.00508450453691 -0.141555914151
1658919363.636899471 16.6928574604 2.35479232572 0.103863462741 0.990264833844 -0.0041934488731 -0.00864694992871 -0.138863976951
1658919363.737790108 16.7487103788 2.34400232449 0.0914495324915 0.991331143151 -0.0013167893138 -0.000366092337754 -0.131379970551
1658919363.838617563 16.8101537597 2.32656567385 0.0899871482764 0.992215401592 -0.0038005311336 -0.00338929250051 -0.124429359491
1658919363.939476013 16.8754293546 2.3065715472 0.103024609987 0.992241933071 -0.00291976280542 0.00647371469893 -0.124118943997
1658919364.040342331 16.9301393185 2.28755585218 0.093147324571 0.99193899657 -0.000250850462018 0.00044291319965 -0.126715302884
1658919364.141211033 16.9890266448 2.26852953792 0.100771679358 0.99179550615 0.000427693999374 0.00295001966502 -0.127799798284
1658919364.242057323 17.0521820899 2.23777350787 0.0941536649274 0.990522212478 -0.00198430737819 0.00316029116314 -0.137301936152
1658919364.342963219 17.1149736742 2.20959525507 0.102495407834 0.988001416464 -0.00106948231067 0.00607665904069 -0.154321519844
1658919364.444373608 17.1502385805 2.18484036412 0.088806489839 0.984713447445 0.00283896517222 0.00355316505705 -0.174122777704
1658919364.544634342 17.1854069628 2.17830648204 0.0939064964318 0.982609657769 0.000552235158432 0.00236354564517 -0.185667361554
1658919364.645378113 17.2166409443 2.17584600468 0.0909257899755 0.981931742406 0.00210357218564 0.00296988206652 -0.189200444079
1658919364.746306896 17.2448231018 2.17109911305 0.0937021967931 0.982072801693 -0.00144368326177 0.00105701319555 -0.188493529537
1658919364.847190857 17.2670978878 2.16459410072 0.094447909282 0.981714433493 -0.000703156490881 0.00262848247124 -0.190340136917
1658919364.948063850 17.2849298797 2.16103704874 0.0939567409894 0.981753952011 -0.00173335180004 0.00278484228923 -0.190127372718
1658919365.048924923 17.3001940611 2.15631987326 0.0935025725593 0.981901835716 -0.00228526449876 0.00300661684322 -0.189352905544
1658919365.149762154 17.3117820843 2.15367869001 0.093682703385 0.98172230016 -0.00215102625326 0.0036018830853 -0.190272764453
1658919365.250498295 17.3231599206 2.15261394859 0.0946669049582 0.981983104091 -0.00287666375561 0.000840115394939 -0.188944971597
1658919365.351535797 17.337523845 2.14689918369 0.0924708385771 0.982149704733 -0.00109473827111 0.00213261673346 -0.188085648009
1658919365.452325821 17.3490052496 2.13741491808 0.094289699895 0.9823736107 -0.00219579446086 0.00197489973038 -0.186904701005
1658919365.553183556 17.3629390715 2.13050905274 0.0976393743187 0.981869496794 -0.0024735836233 0.00176289175166 -0.189533809285
1658919365.654039860 17.3698510631 2.12717698278 0.0970502461867 0.981742684446 -0.00206104109148 0.00259316052027 -0.190184986699
1658919365.754972458 17.3747940352 2.12669792113 0.0947423235241 0.981856354308 -0.00127379444767 0.00320780609718 -0.189594796692
1658919365.855876923 17.3721414463 2.12798663856 0.0946447894335 0.981669277528 -0.00180198869317 0.0024178061574 -0.190568456487
1658919365.956414223 17.3719718579 2.128361746 0.0969244646328 0.981913165515 -0.00250093558746 0.00206194692059 -0.189304065153
1658919366.057504654 17.3709238404 2.12451618342 0.0967855767154 0.981860182649 -0.00384332187568 0.00295741443006 -0.189544359729
1658919366.158234596 17.3742456979 2.12267509192 0.0971603632132 0.981876062671 -0.00207127936708 0.00205628031999 -0.189501659798
1658919366.259201527 17.3777307435 2.12366455908 0.0978790575614 0.982044270915 -0.00227891493482 0.00196237385484 -0.188626630144
1658919366.360032558 17.3876128997 2.12375599333 0.0996370753367 0.982113983002 -0.0032598674173 0.00137753476478 -0.188254083765
1658919366.460937023 17.3952132537 2.12271615878 0.100238084042 0.982139636714 -0.0024628803429 0.0017196617097 -0.188129505871
1658919366.561673641 17.4012572874 2.1195748483 0.0986980641607 0.982102474051 -0.00167906777612 0.00170721645586 -0.188332144378
1658919366.662643433 17.4130786802 2.11438043409 0.103022635629 0.982261775368 -0.0037054908183 0.000225567891235 -0.187478060337
1658919366.763481855 17.4237748607 2.11318112383 0.0922581524572 0.982118783731 0.00286851181241 0.00262979173351 -0.188222077552
1658919366.864373922 17.4330219066 2.10845773759 0.0922676046878 0.982229055826 -0.000931103508594 0.00234886757291 -0.187669117754
1658919366.965110302 17.4451894557 2.09867119236 0.0902735389372 0.982379312048 0.000771970812001 0.00298542541358 -0.186872626557
1658919367.066058159 17.4563213174 2.09121670409 0.0900294907372 0.982363909774 0.00113032059773 0.00343370260508 -0.186944058037
1658919367.166904211 17.4659578122 2.08818328438 0.0931065650381 0.982894216598 0.00240308370543 0.00171181583168 -0.184147369932
1658919367.267826557 17.4827817942 2.07806861078 0.0937665488929 0.98338902879 0.00170426224828 0.00146047618769 -0.181496502872
1658919367.368619442 17.4998858307 2.07067846589 0.094269521075 0.983193275427 0.000835554367517 0.00125644302082 -0.182561513892
1658919367.469470978 17.518184248 2.06486046043 0.0917755138982 0.98306844219 0.00020333676059 0.00060784410339 -0.183237624819
1658919367.570349216 17.5296724745 2.06453176879 0.0965285758793 0.983549535506 2.26561647858 0.000787618945126 -0.180636901959
1658919367.671078205 17.5454404923 2.06149941775 0.0965418045699 0.984160343525 -0.000912897509622 1.98040711653 -0.177278268431
1658919367.772034407 17.5607118737 2.05377282051 0.0952176202372 0.983906829218 0.000281821728164 -0.00109726248674 -0.178678672512
1658919367.872978449 17.5789716846 2.04882231661 0.0976775698724 0.983544098133 -0.000833352820467 -0.00456667181215 -0.180608576928
1658919367.973812580 17.5957049942 2.04291611282 0.103385890969 0.983095386808 -0.000556395505166 -0.00400803162366 -0.183049410112
1658919368.074635506 17.6117923926 2.03656701881 0.105016297737 0.982834704934 -0.0003259003373 -0.00239306140868 -0.184472517801
1658919368.175647974 17.6306266116 2.02892801799 0.102241685875 0.983115858711 0.000875433106338 -0.00274565528597 -0.182961480493
1658919368.276280880 17.6530802545 2.0185358607 0.097057858351 0.983462154126 0.00215516522898 -0.00399947459967 -0.181056761452
1658919368.377209187 17.6850899446 2.00342295267 0.108055041283 0.983908474642 -0.00131704436209 -0.00554374044057 -0.178582322372
1658919368.478105545 17.706065967 2.00071353682 0.109879112651 0.983634114172 0.00169776730031 -0.00106918682009 -0.180166322775
1658919368.578952074 17.7332682685 1.99451814435 0.111149245678 0.983430264898 0.000203376332238 -0.0033177970727 -0.181256351457
1658919368.679769516 17.761069037 1.98378344063 0.105929774899 0.983951581456 0.000995237292956 -0.00146947889592 -0.178426835102
1658919368.781539440 17.78612312 1.97467728574 0.101815818263 0.983759909247 0.00191899786653 -0.00017929064421 -0.179479041283
1658919368.881341457 17.807111345 1.96847486554 0.102235639007 0.983446652836 0.00257159188237 -0.00145046540149 -0.18117385046
1658919368.982345104 17.8284155203 1.95732735434 0.0995914226348 0.98354919542 0.00267266994755 -0.000306257565056 -0.180620439679
1658919369.083093166 17.848172439 1.95071709828 0.0965219492769 0.983434582231 0.00305300496583 -0.000122823525624 -0.181237652124
1658919369.184062719 17.8657619849 1.94696475367 0.0946046357342 0.983625976532 0.00410095707144 0.000757272759126 -0.180173657843
1658919369.284925938 17.8876818432 1.93709868874 0.092344898698 0.983966160238 0.00397531723153 0.00132045486084 -0.178306053623
1658919369.385783195 17.9221785259 1.91123825363 0.0871747517515 0.986645735353 0.00786725608502 0.00254131575283 -0.16267095901
1658919369.486675262 17.9672801418 1.89114830633 0.091910397177 0.991867475664 0.00560692040923 0.00200938363698 -0.127135500708
1658919369.587537050 17.9970276546 1.8797499139 0.0905710805092 0.996162726956 0.00749349810464 0.0031369687868 -0.0871425747646
1658919369.688357353 18.024107852 1.88003989068 0.0821151493335 0.99900855914 0.00842556049683 0.00298506390439 -0.0436119030702
1658919369.789220333 18.0490084456 1.88457918273 0.0770839333295 0.999941973926 0.00501382606428 0.00335176842529 -0.00892614015135
1658919369.890081644 18.0665138537 1.90185656626 0.0740239906933 0.999704551651 0.00552055185566 0.00189518892318 0.0235953633865
1658919369.990938187 18.0784993482 1.92047436227 0.0763360660888 0.998755047522 0.00524562479628 0.00350036647141 0.0494831881068
1658919370.091766596 18.0901824918 1.939917361 0.0532807923328 0.996537374183 0.0120866646122 0.00798446077886 0.0818744330145
1658919370.192523718 18.1170789732 1.96155544027 0.057331720863 0.993368583083 0.009266601426 0.00229573361773 0.114576253423
1658919370.293849945 18.1409779701 1.98338211974 0.062779341665 0.989686995668 0.00870562069958 0.00266841242342 0.142957134656
1658919370.394239902 18.1665504222 2.00331156533 0.0668426570212 0.985265180518 0.00664475351586 0.00214501638589 0.170891106302
1658919370.495200157 18.1915107475 2.02289246238 0.0756628420328 0.980556810307 0.00813313230151 0.00306373259373 0.196042871491
1658919370.595978737 18.215395446 2.0492705134 0.0773928342855 0.975925031891 0.0074828498127 -0.000292123074138 0.217977645071
1658919370.696945190 18.2403061787 2.07032075548 0.0769994119143 0.971474319417 0.0105474097756 -0.000969732411998 0.236908122441
1658919370.797726154 18.2649553225 2.09321941274 0.0787740085243 0.96718479747 0.010741221811 -0.000100759510475 0.253846771783
1658919370.898619175 18.2908829764 2.11668921657 0.0921775817403 0.96449917958 0.00839266083374 -0.000487928644651 0.263951998968
1658919370.999479771 18.3173030033 2.13785875239 0.0937971949514 0.961458590183 0.00747161541283 0.00162011506754 0.274843463727
1658919371.104451895 18.3445481584 2.16152588229 0.0986959732902 0.958974228548 0.00665867805761 -0.000871082146717 0.283413712093
1658919371.201206684 18.3722910873 2.19330531135 0.101159850791 0.95634835355 0.00346478076342 -9.63427024693 0.292208508901
1658919371.302058220 18.3996418833 2.22161377525 0.102169883968 0.953521904354 0.00800809946491 -0.000599036299438 0.301216681835
1658919371.402948380 18.4429472517 2.2504760249 0.0955854051786 0.950538917943 0.00148385506682 0.00147911214851 0.310598415766
1658919371.503784180 18.475829284 2.28652689064 0.101587265413 0.947182137691 0.0058362132687 0.0031454545432 0.320627576432
1658919371.604674339 18.5070964657 2.3255242884 0.104038487598 0.946840788075 -0.00206275879412 0.0029893988054 0.321682033317
1658919371.705485821 18.5494183334 2.35756345405 0.103606217148 0.947546874849 0.00127857371648 0.00275306522431 0.319602418396
1658919371.806344509 18.5794044797 2.39284755587 0.109805714446 0.9473251037 0.000558794669684 0.00301042374038 0.320258915561
1658919371.907197475 18.6108675801 2.42403604063 0.109745252109 0.94739507225 -0.00414536898293 0.00499295397446 0.320000724068
1658919372.007947683 18.6340545363 2.4576714452 0.105745410309 0.94882555241 -0.0037075514208 0.00316117957805 0.315763094899
1658919372.108851910 18.6659750675 2.48913553582 0.103682355321 0.948697756153 -0.00239052464439 0.00467101157257 0.316140846006
1658919372.209824085 18.7000126431 2.51606455638 0.101794118631 0.948526916851 -0.00192509067522 0.00124656521303 0.31668821909
1658919372.310633659 18.735841416 2.54532055676 0.104385776066 0.94880067618 0.000235461323456 0.00316940089936 0.315859424961
1658919372.411469460 18.7797629099 2.56988096458 0.0986798714682 0.949088932863 -0.00499669331863 0.000447179538462 0.314968300951
1658919372.512367249 18.8128445887 2.60111364183 0.092406131923 0.950704471677 -0.00310985556183 0.00384779776601 0.31005891502
1658919372.613245249 18.862731842 2.63044896632 0.0924617125575 0.951179133948 -0.00119194254342 0.00262426477244 0.308625902426
1658919372.714064360 18.9052313646 2.66315027166 0.0912974913847 0.950222169546 -0.00512118830225 0.00142865694842 0.311527785074
1658919372.814914227 18.9454827994 2.69027782106 0.0868696663848 0.949218050197 -0.00260286657932 0.00333329336508 0.314590539305
1658919372.915765285 18.9836490005 2.72470835831 0.0887451302931 0.949181774959 -0.00253917331402 0.00191968535736 0.314712290026
1658919373.016577244 19.0209053139 2.74968143983 0.0880204539233 0.949408269473 -0.00146952164723 0.00148835270063 0.314037518728
1658919373.117524624 19.0552408876 2.77861022086 0.0915709506703 0.95074857827 -0.00348500235406 6.4530784009 0.309943529553
1658919373.218240023 19.0888512774 2.80035605506 0.0933050741514 0.951194732668 -0.00475422535231 -0.00275663380749 0.308542345322
1658919373.319214106 19.1161895038 2.82413111601 0.0949127666074 0.951309077981 -0.0033683919749 -0.00304221803942 0.308205186517
1658919373.420069695 19.1462593461 2.84843965143 0.103526248747 0.950957621784 -0.00277888059765 -0.00169069330496 0.309304091389
1658919373.520864487 19.176653543 2.87652233476 0.105401517675 0.950512169151 -0.00405029019185 -0.000419447201166 0.310660643643
1658919373.621690035 19.2106407057 2.90899760183 0.100041263139 0.951942735787 -0.00519227775669 -0.00892678687603 0.306101911968
1658919373.722654819 19.2397459184 2.93384740484 0.10224183674 0.954296322443 -0.00669180112428 -0.00201322922689 0.298780346872
1658919373.823474169 19.278537527 2.9633094301 0.103969887669 0.95557581098 -0.00503545018895 -0.00186159769844 0.294696535719
1658919373.924356937 19.323984398 2.99615126884 0.0997663079103 0.956030352645 -0.00829032253753 -0.00266655903308 0.293138405597
1658919374.025172710 19.3565699014 3.0213153138 0.105292182341 0.956646257127 -0.00921983675598 -0.00259151228217 0.291094859794
1658919374.126067877 19.3884219201 3.04319547644 0.101263424753 0.956954472243 -0.0121603249981 -0.00347657928819 0.289962373328
1658919374.226911306 19.4211781076 3.06979389166 0.10245416717 0.957492432693 -0.00951073447659 -0.00117003495786 0.288299181898
1658919374.327786922 19.4567909135 3.09248023253 0.0988130544538 0.95592336859 -0.0046874937725 -0.00343358240212 0.293558769751
1658919374.428615570 19.4930219657 3.13097835662 0.0888405780293 0.954859560955 -0.0101148549123 -0.00333784745324 0.296866581711
1658919374.529369593 19.5351153021 3.15981074433 0.0968119690289 0.955288288377 -0.0111387837575 -0.00250361034457 0.295455488223
1658919374.630367756 19.5817316513 3.1865744682 0.103663000703 0.954497972841 -0.00983600651311 -0.000962708756352 0.298053595868
1658919374.730991125 19.6170667379 3.21722059488 0.104939175747 0.953946337147 -0.00707501523951 -0.00213309821761 0.299886278271
1658919374.832073689 19.6578070709 3.24757451215 0.115774706605 0.953165764257 -0.00865348974582 0.00132988492621 0.302321640589
1658919374.932972670 19.6963571586 3.27584487387 0.111664549544 0.952224103554 -0.00732340829854 -0.000432433355384 0.305312032687
1658919375.033793211 19.7421300362 3.32058812117 0.111745622022 0.952420331057 -0.00549056649992 0.00425688040939 0.30470846007
1658919375.134643555 19.787169286 3.34959200897 0.112278606684 0.953186356307 -0.00568928986519 0.00278570718979 0.302317121525
1658919375.235499382 19.8270396543 3.38240177125 0.106982453282 0.953827428664 -0.00415683139527 0.00231823153568 0.300317470161
1658919375.336237431 19.8647303025 3.40716876478 0.100834848141 0.954617952438 -0.000968086932333 0.00204687873013 0.297824508693
1658919375.437188625 19.9065022472 3.43614612601 0.103393566595 0.955433241047 0.000228115515399 0.00103789073359 0.295205339804
1658919375.538080931 19.9501959852 3.45937115747 0.0963437253678 0.95603434139 -0.000378084656115 0.00193224822153 0.293248122846
1658919375.638928413 19.990629115 3.48330647418 0.0934450263103 0.95657978289 0.00170736502006 -0.0014471706598 0.291462020798
1658919375.739771843 20.0388358023 3.51180111059 0.0986503918794 0.957403314483 -0.000149282918568 0.000284721632309 0.288753857229
1658919375.840618610 20.085401789 3.53937695529 0.0953786781879 0.957794392335 0.000505352740277 -0.00476962310309 0.287414156446
1658919375.941564560 20.1330854257 3.56708728655 0.0987276995532 0.958986949783 -0.000419221314263 -0.00550931798485 0.283396368738
1658919376.042322159 20.1847659402 3.60383729566 0.10528880447 0.961227693718 -0.00298719130266 -0.0045225744203 0.275702636619
1658919376.143198013 20.2285619979 3.629821171 0.105852879252 0.963428380736 -5.47330778697 -0.00321273955405 0.267946693394
1658919376.244039536 20.2664692506 3.64600083589 0.113974945853 0.965135135997 0.00312867514963 -0.00439235627938 0.261696556842
1658919376.344928741 20.3034778931 3.67142023465 0.110780589522 0.967174864264 -0.00558277887797 -0.00673721327473 0.253961068813
1658919376.445740461 20.3507239128 3.70303659217 0.118570253361 0.968429986937 0.000154256236496 -0.00687158124822 0.249190926755
1658919376.546659708 20.3964611419 3.72880930984 0.110848336137 0.970925823797 0.0027208475429 -0.0074562675783 0.239248920053
1658919376.647662163 20.4498461259 3.7463062823 0.116132520193 0.973096683899 -0.00069734705059 -0.00267764611269 0.230380528049
1658919376.748353481 20.5057510588 3.7602544578 0.107577151528 0.975968011689 -0.00160992649205 0.000767608148267 0.217906537473
1658919376.849210978 20.5505206709 3.78150728245 0.110682789434 0.977150521474 0.00145686730718 0.00044075596981 0.212543034832
1658919376.950080156 20.6104014614 3.78419443667 0.112964509453 0.978382858097 0.00167651722837 0.000282036444172 0.206794808271
1658919377.050913334 20.6606209782 3.75694235745 0.102049819933 0.982413812617 0.0055464356197 -0.00878384005991 0.186427417468
1658919377.151736259 20.7077239476 3.7647964063 0.0971059004901 0.986546583711 0.00489120389697 -0.0075725108343 0.163231649418
1658919377.252650261 20.7558767532 3.78287147743 0.110599174801 0.989357435863 -0.00135478353727 -0.00359449518143 0.145454832402
1658919377.353487492 20.8088193874 3.79871090857 0.1021391456 0.99157055128 0.00113994769389 -0.00796650327689 0.129317737294
1658919377.454335213 20.85719773 3.82587551898 0.114614888601 0.993070335579 -0.0019851545877 -0.00522491787376 0.117388534313
1658919377.555209637 20.901931882 3.85371764086 0.107060266652 0.993844757454 0.00158674434146 -0.00912847845841 0.1103936194
1658919377.656077862 20.947439026 3.87405968756 0.114425204563 0.994585514578 -0.000554051416674 -0.010630213807 0.103374783064
1658919377.756767750 20.9951711988 3.88876075717 0.10771619589 0.995182788027 -0.00122058868879 -0.0102533723424 0.0974915223647
1658919377.857693195 21.0412005503 3.91577759788 0.113668626712 0.996107489582 -0.00437221081559 -0.00883262666249 0.0875941646344
1658919377.958640099 21.0786857615 3.95443415379 0.123090601209 0.995519572542 -0.00223414006722 -0.0122719692605 0.0937293341181
1658919378.059497356 21.1310019334 3.98288788502 0.122759492947 0.994281311931 -0.00255041800169 -0.00618556453045 0.106582864028
1658919378.160324574 21.1798039704 4.00129654169 0.112939888699 0.993066885221 -0.000250722536745 -0.00831259779188 0.117256127063
1658919378.261189938 21.2235600132 4.0171952562 0.122392034364 0.991919187024 -0.00132959803504 -0.00649351892224 0.126698037847
1658919378.362050533 21.2758676502 4.04059467595 0.12745964794 0.989849402645 0.000820615824791 -0.00253254591677 0.142095295081
1658919378.462962151 21.3296784784 4.05171243783 0.117710653181 0.988166305365 -0.000910071465523 -0.00396400421079 0.153332355952
1658919378.563700199 21.3784413504 4.05741921192 0.123135499409 0.987967112786 -0.000350085811522 0.0016685877769 0.15465470348
1658919378.664637327 21.4274195417 4.06692867019 0.113002687583 0.987738718958 0.00276623424867 -0.000112076968559 0.156091506681
1658919378.765489101 21.4803648716 4.07479390105 0.124655479568 0.987529219101 0.00266171407266 0.00311422442027 0.15738252224
1658919378.866366386 21.5335929859 4.08811176482 0.120012596732 0.987842156729 0.00363533276194 0.00142712742703 0.155411135546
1658919378.967206955 21.5902751437 4.10296106038 0.120372110621 0.987839462994 0.000813963937535 0.00747814879192 0.155295235292
1658919379.068072796 21.6451063062 4.11736704726 0.118625707159 0.987880707587 0.00193637889733 0.00747283150627 0.155022949279
1658919379.168900967 21.6974609626 4.1307390061 0.117961758887 0.987889885373 -0.000269100603178 0.00743072982674 0.154978341121
1658919379.269773483 21.750678096 4.14348006516 0.118371224325 0.98868274983 0.00199928449579 0.00477238132045 0.149932142742
1658919379.370615721 21.8083708926 4.16751424916 0.126340564413 0.989190301237 0.00212025686833 0.00272942730666 0.146596734874
1658919379.471478939 21.8545237041 4.1900730988 0.122207683781 0.989307907219 0.00202726425002 0.00179560128597 0.145816771087
1658919379.572237730 21.9011891194 4.21169637341 0.124031759951 0.989124439709 9.61890948916 0.000189417696251 0.147080922079
1658919379.673224926 21.9476472494 4.22838191268 0.127116616772 0.989077172344 -0.00226781342514 -0.000831534117495 0.147378806893
1658919379.774083614 21.9862306614 4.25572036928 0.133969205636 0.989088768186 -0.000929979818827 -0.00554907810481 0.147213285803
1658919379.874862909 22.0337898474 4.2701540069 0.131147538351 0.987807775621 0.00219232380144 -0.00484367250575 0.155587695449
1658919379.975762367 22.0838300847 4.29040002157 0.11773097259 0.987063166995 0.00034421465361 -0.001153897401 0.160327335156
1658919380.076549530 22.1355500592 4.31038419814 0.118993686223 0.986709901084 0.000589313090237 0.00130279480299 0.162485465623
1658919380.177484035 22.185913459 4.32016140676 0.122560331231 0.986929603939 -0.00176182116676 0.00463994457077 0.161075521941
1658919380.278422356 22.244720645 4.33653311828 0.114166860218 0.987250671072 0.00452329430237 -0.00316944991444 0.159077361252
1658919380.379192591 22.2978934276 4.35506127683 0.118585305618 0.986817233253 0.00250598685643 0.00144033898789 0.161812835113
1658919380.480097294 22.3497785613 4.37578836725 0.120852645268 0.986834464347 0.0029264437971 0.00316431424198 0.161676105279
1658919380.581827641 22.4013596508 4.3955366873 0.122064043813 0.987046500329 0.00104812903919 0.00196473820747 0.160418974617
1658919380.681707621 22.4439384991 4.40708778206 0.1219350288 0.987611355814 0.00295794636583 -0.00111375950561 0.156887921655
1658919380.782553911 22.4953725608 4.42237773843 0.118074519217 0.987451701531 0.00443248965666 -0.00082129478219 0.157856946803
1658919380.883485794 22.5423709169 4.43945801207 0.118632305032 0.987110805241 0.00278218024801 -0.00214606576822 0.15999972516
1658919380.984342813 22.5923890748 4.46173902272 0.120242459487 0.986191460133 0.00157897447214 -0.000489049885505 0.165600940912
1658919381.085244179 22.6372851319 4.4859128195 0.115122545292 0.985325969806 0.00145602649669 -0.00099828738519 0.170674006908
1658919381.186063766 22.6910224939 4.5066823987 0.115869990194 0.984053510131 0.0043909971815 -0.00266127003218 0.177798554506
1658919381.287027836 22.7419401635 4.53008454371 0.119207695962 0.982808342783 0.00408749899399 -0.00399627504218 0.184540194791
1658919381.387761593 22.788208322 4.55550866791 0.120679325907 0.981298716593 0.00520000284593 -0.00455647947734 0.19236690796
1658919381.488605261 22.8280637969 4.57435809477 0.12416222498 0.979937106254 0.00445577469817 -0.0036648383968 0.199223449465
1658919381.589499950 22.8730196836 4.59691188064 0.128454274226 0.979636462605 0.00211178848737 -0.00904840936134 0.200564373138
1658919381.690334558 22.9263857921 4.61740196949 0.127143791939 0.979639624424 0.00299845146661 -0.00339870097195 0.200712890413
1658919381.791238785 22.9844415811 4.64627587623 0.121572662114 0.978814838054 0.00548079291902 -0.000660287455009 0.204673001967
1658919381.892053843 23.0353080054 4.67662761446 0.123492542736 0.976568677176 0.00160469599273 0.00130864827092 0.215196029585
1658919381.992915154 23.0798730639 4.70783401068 0.127460801362 0.974994638628 0.00111974643506 0.000941203981778 0.222223569741
1658919382.093764544 23.1216174697 4.73782436246 0.127944217439 0.973028293795 0.00284626512369 -0.00152542180516 0.230663198923
1658919382.194633007 23.1619819572 4.76386541811 0.126043295245 0.971124616496 0.00415984157203 -0.00218146212551 0.23852655235
1658919382.295408726 23.2038130506 4.78754699229 0.126868203361 0.969554253335 0.00784134458154 -0.00217457643311 0.2447413622
1658919382.396398306 23.2435204394 4.80788400529 0.127550182157 0.968163709829 0.00496744374067 -0.00276557731422 0.250253285803
1658919382.497174263 23.2840374472 4.83323875557 0.123810801791 0.966322583357 0.00564046086919 -0.00128164786042 0.257268745622
1658919382.598102570 23.3262376168 4.86159841864 0.125988386205 0.963842132329 0.0045089149668 0.00172199844201 0.266430194149
1658919382.700111389 23.3665237427 4.88949375856 0.129663736728 0.9623753044 0.00474318961066 -0.0001225163786 0.271682278817
1658919382.799800873 23.4103403141 4.91929407905 0.131804033525 0.961085310441 0.00209107529023 -0.00221400584045 0.276234957303
1658919382.900645018 23.4574964168 4.95162473263 0.136879433478 0.9600125871 0.00262597756099 0.00019661061564 0.279944455554
1658919383.001472235 23.4954237476 4.97618601061 0.138404310088 0.957913290021 0.00336274835462 -0.00317670205828 0.287020433572
1658919383.102339745 23.5287986879 4.99594464928 0.140046571962 0.956923655863 0.00237029488897 -0.00346173102084 0.290309343579
1658919383.203225374 23.5623986542 5.02682710736 0.137106709003 0.955106681535 -0.000639504240758 -0.00126912040401 0.296258683002
1658919383.304074287 23.6003247648 5.05192253421 0.133899777367 0.951328514319 7.91424738733 8.42174083879 0.308178591871
1658919383.404813528 23.6427339197 5.08401412625 0.136216113206 0.945482374733 -0.00160321763014 0.00308275287316 0.325654733416
1658919383.505794764 23.6882716107 5.12381015417 0.143082487916 0.940583748893 -0.00298176865509 0.00319534421696 0.339533665707
1658919383.606720448 23.7275070088 5.16776803114 0.139854104703 0.936746899927 -0.0022314211011 0.00045408883627 0.350000085771
1658919383.707500458 23.769134201 5.2085281736 0.140212562279 0.933618393413 -0.00304897636121 -6.98375988041 0.358256045793
1658919383.808344841 23.8203627703 5.25118076947 0.14314701127 0.929242851483 -0.00269589422991 0.00375542516344 0.3694405932
1658919383.909309626 23.856584546 5.29325132596 0.145846888074 0.924767902568 -0.00291540303111 0.00158532986386 0.380517165887
1658919384.010061741 23.8893999513 5.33389016311 0.144442660974 0.919712936229 -0.00354845989943 0.00090972099693 0.392574446154
1658919384.110938072 23.9171075102 5.37618724568 0.140913395609 0.914125743357 -0.00376425731749 -0.000932532934029 0.405412242145
1658919384.211833477 23.9407287351 5.41817457381 0.134164789765 0.909452918296 -0.00343709737875 6.5990543663 0.415792702448
1658919384.312649250 23.9718029225 5.46262458618 0.132371063839 0.904130034866 -0.00296876811964 0.00050986830811 0.427246774715
1658919384.413535595 23.9985790921 5.50545356652 0.126493703038 0.899627403488 -0.0015840606516 -0.0027744221615 0.436646685808
1658919384.514356613 24.0285395014 5.5530084187 0.119414253308 0.895034235679 -0.00181394301393 -0.00168009340285 0.445990587187
1658919384.615234375 24.0535454929 5.59842307004 0.116292327209 0.891120515017 -0.00340917271468 -0.000712989771109 0.453753343683
1658919384.716058254 24.078280298 5.64292104061 0.115551083541 0.887216545258 -0.0030023978156 -0.00134392025336 0.461341501825
1658919384.816932440 24.0988241177 5.6932136876 0.117165953422 0.880253922434 -0.00342777832903 -0.00144713482468 0.474488343562
1658919384.917778969 24.1187937672 5.74005735226 0.118621052859 0.872904224817 0.00165892293128 -0.00459600900332 0.487867132499
1658919385.018646717 24.145683554 5.79201771564 0.118393380142 0.86594554505 -0.00134582146565 -0.00233384549253 0.500131037767
1658919385.119477272 24.1696050233 5.84056813707 0.122914880469 0.859440123973 -0.00118107447443 -0.000736381330812 0.511234521635
1658919385.220273018 24.1939326147 5.88505742449 0.120395823019 0.852226761169 -0.00160791732017 0.00231197037218 0.523164999729
1658919385.321245670 24.2108789381 5.92298274692 0.126512185691 0.845510554427 -0.00313998929847 0.00258167353744 0.533943234605
1658919385.422103405 24.2242304125 5.95362898653 0.129486109136 0.839750489934 -0.00237220192795 0.00260122209553 0.542961067625
1658919385.522977829 24.2371870764 5.98275702962 0.129825116471 0.832433023521 -0.0020204765604 0.00265373549561 0.554115634785
1658919385.623793602 24.2424130104 6.01342928637 0.128951320119 0.825866755229 -0.00262614335545 0.00177713490667 0.563856407048
1658919385.724635124 24.2515364712 6.04435715795 0.132280886457 0.819814180488 -0.00424194774596 0.00252828341269 0.572608350562
1658919385.825495243 24.2525202582 6.07389570994 0.136246366473 0.812453907431 -0.00417348928899 0.00385061044856 0.582997772798
1658919385.926245213 24.2579033376 6.10169723004 0.132876714022 0.804313399253 -0.00357083472891 0.0021533833969 0.594190683081
1658919386.027195215 24.25953449 6.12646987128 0.133151276838 0.795546730869 -0.00309679761764 0.0045094821542 0.605867537848
1658919386.128094673 24.2616220087 6.14417061004 0.134685778857 0.785435415946 -0.00215448157511 0.00466513200217 0.618922290865
1658919386.228891850 24.2641166288 6.16509325585 0.134941577663 0.776543806583 -0.00121758275296 0.0059722515111 0.630033781762
1658919386.329759121 24.2621002844 6.18103592167 0.135687757244 0.768970478047 0.000141291207462 0.00329642893787 0.639275775769
1658919386.430519104 24.2539361252 6.2020792224 0.140128588163 0.755054696602 -0.000318845014848 0.00111641440117 0.655660778982
1658919386.531437874 24.2507458021 6.22240963325 0.136404846857 0.738558741795 -0.000942724142218 -0.00134806815836 0.674187124544
1658919386.632302284 24.2380886778 6.24583513666 0.137405329501 0.720571472778 -0.00173634069109 -0.00197961213765 0.693375669371
1658919386.733162403 24.2327889281 6.26929508415 0.13646678332 0.705571911395 -0.00213279299306 -0.00122156174407 0.70863406412
1658919386.834069252 24.222722472 6.29276072856 0.132311945499 0.692623098429 -0.00515527326843 -0.00074314168148 0.721280884553
1658919386.934892654 24.2125459915 6.32084823783 0.128320240611 0.678154718764 -0.00425253911142 -0.00143718204847 0.734905455032
1658919387.035782814 24.2010074973 6.35632611358 0.131481529544 0.6626892695 -0.00144329760563 -0.00121228002246 0.74889210128
1658919387.136680365 24.1899915076 6.39009480112 0.13085993647 0.64842540167 -0.00382108259522 0.000355265248554 0.761268527908
1658919387.237494469 24.1775604444 6.43054289236 0.126686718686 0.636377691467 -0.0044079936089 -0.000523494826896 0.771364848401
1658919387.338350296 24.1715329655 6.4592006545 0.126174059342 0.621395959338 -0.00217023303664 -0.00101494086362 0.783493025943
1658919387.439222336 24.1551253014 6.49407567378 0.126104282961 0.60829406531 -0.00836087712472 0.000128545503408 0.793667694516
1658919387.540110588 24.1370632752 6.52265364404 0.124649959674 0.592653638598 -0.00339143160348 -0.00417711225785 0.805439454324
1658919387.640957594 24.1162207032 6.55077173023 0.124226111575 0.576800924312 -0.00449679777021 -0.00335656891549 0.816865476054
1658919387.741815805 24.0913287864 6.58028672869 0.112663050561 0.558465611569 -0.000412028723926 -0.00339126382773 0.829520638837
1658919387.842654228 24.0764649589 6.61922691462 0.11884590593 0.539818999081 -0.000275905395732 -0.0045190025817 0.84176894141
1658919387.943487406 24.0445612303 6.6596354872 0.115886585326 0.514938154219 -0.00343318173191 -0.00127598804291 0.857219506572
1658919388.044355631 24.0160894711 6.69463764342 0.122800207528 0.492142321539 -0.0092112495966 0.00128898621382 0.870465063484
1658919388.145139694 23.9898163655 6.72071065752 0.126295181522 0.473589144083 -0.0044806808584 -0.00208380826293 0.880732027264
1658919388.246071815 23.9617393116 6.75231463928 0.128956207814 0.457341695611 -0.00565202389392 -0.00110914226204 0.889272398022
1658919388.346951962 23.9330668423 6.77963725093 0.128698605095 0.439055015313 -0.00326783127807 -0.00134744402621 0.89845322594
1658919388.447767735 23.9026073752 6.80588660668 0.122726228406 0.420284012172 -0.00600583103904 -0.00115473792494 0.907371999615
1658919388.548693180 23.8745788449 6.83170856209 0.120947985035 0.404659447977 -0.00541757166248 -0.000129517370947 0.914451400734
1658919388.649410009 23.8438453669 6.85926859351 0.125822403003 0.388895001954 -0.00889940722483 0.00158030310185 0.921237743825
1658919388.750282288 23.8137686322 6.88731539943 0.129604896915 0.376467071039 -0.00656619313971 -0.000400667016136 0.926406643433
1658919388.851190090 23.7828154677 6.91163930127 0.131706763805 0.35965786206 -0.00283394401241 -0.000711534620083 0.933079677594
1658919388.952075720 23.7477648106 6.93710258553 0.126071352611 0.341434499145 -0.00678693355387 0.00198887501682 0.939878962794
1658919389.052905560 23.7091191071 6.95223175144 0.122691250766 0.320303400707 -0.004138819988 0.000908238460492 0.947305535066
1658919389.153800488 23.6718808378 6.9667440707 0.121987015296 0.297995452337 -0.00686942516889 -0.0017847004208 0.954540903382
1658919389.259463787 23.6397054737 6.97969207216 0.122530476132 0.277203876522 -0.00323079158743 -0.001299599359 0.960804810494
1658919389.355427265 23.6014673145 6.99214414187 0.117253863726 0.255853097274 -0.00411118990836 -0.000147546683158 0.96670691989
1658919389.456367731 23.5631287936 7.00564633892 0.119811177111 0.232034118675 -0.00641990165248 0.00151649890269 0.972685279453
1658919389.557164669 23.5214789465 7.0164156472 0.116734253334 0.209797030921 -0.00289301480101 0.000179146735372 0.977740663054
1658919389.658050060 23.4818455245 7.02852961685 0.114072911737 0.190849801145 -0.00712504817719 -0.000290179156279 0.981593349044
1658919389.758952141 23.4350780419 7.0395871566 0.112099427284 0.17267201236 -0.00425431605041 0.000176580550701 0.984970175062
1658919389.859757900 23.3879078264 7.04630465269 0.112044518802 0.152576161992 -0.00535545912796 -0.000577490823541 0.988277036237
1658919389.960660458 23.3498066082 7.05502053454 0.115413864606 0.134648937846 -0.0074121426251 -0.000541251781705 0.990865495779
1658919390.061488390 23.3122785347 7.05581867725 0.116819393246 0.115235380205 -0.00445792256114 0.000612924201611 0.993328021551
1658919390.162352324 23.2698085872 7.05960620592 0.118335529066 0.0970450379914 -0.00584669883819 0.000102625017525 0.995262812619
1658919390.263196945 23.2313104025 7.05921889171 0.115964555596 0.0797083841487 -0.00272833406486 0.000669364895589 0.996814266371
1658919390.364097595 23.193940875 7.06177222894 0.119599000409 0.0628015743414 -0.00301124894308 -0.000195976411475 0.998021470828
1658919390.464914560 23.1470772574 7.06124130136 0.122886081446 0.0451961359862 -0.00290856915201 -0.000887763293994 0.99897350385
1658919390.565787554 23.1092662319 7.05177402061 0.11850477613 0.0257892460137 -0.00355587232736 0.00132873109032 0.999660194784
1658919390.666637897 23.0675246016 7.04560341985 0.119913614836 0.0028708648688 -0.00420293807076 0.000806959118409 0.999986721043
1658919390.767497063 23.0324089259 7.03672385574 0.11893852351 -0.0165161238114 -0.000954838305977 -0.000523851552587 0.999863006375
1658919390.868375540 22.9901357773 7.02676355374 0.115446193185 -0.0303636065668 0.00444128482708 -0.00536922744636 0.999514631099
1658919390.969213963 22.9479540162 7.01852369692 0.112524142845 -0.0449379501213 -0.00104265579004 -0.00287284097927 0.99898510514
1658919391.070043087 22.913474702 7.01406238079 0.122194034803 -0.0527989988994 0.00416531083917 -0.0041058323672 0.998588032194
1658919391.170935631 22.8859704489 7.00619727722 0.121056422515 -0.0613110991172 0.00419831743473 -0.00212528584196 0.998107612643
1658919391.271778345 22.843883228 6.99476132026 0.116739051787 -0.0716184548004 -0.00527746532681 -0.000371007575116 0.997418070643
1658919391.372622013 22.7994534689 6.98599010255 0.116456465331 -0.0804241240391 -0.00534083364564 -0.00256102397934 0.996743134877
1658919391.473487139 22.7604253351 6.97767632857 0.123245376277 -0.0812085826379 -0.00399192902552 -0.00649903907785 0.996667945255
1658919391.574401855 22.7165299866 6.97099492521 0.125646118754 -0.0815653243959 0.000382113231841 -0.00794814275449 0.996636231968
1658919391.675157547 22.66854583 6.96058997776 0.11736468313 -0.0861346908839 0.00197981804592 -0.00172422843418 0.996280042148
1658919391.776051044 22.6193300905 6.95032723471 0.125973610347 -0.0878129595177 -0.000998617679934 -0.00343045195274 0.99613057322
1658919391.876921892 22.5731835026 6.93834587552 0.125953696549 -0.0914823795994 -0.00701486325265 -0.00570594719988 0.995765639135
1658919391.977762222 22.5243946062 6.92538843143 0.127522601689 -0.0835524570611 -0.00636414653335 -0.0112860540141 0.996419143505
1658919392.078696251 22.4802966408 6.91961944725 0.132493315007 -0.0897209752197 -0.00276648929033 -0.00221545940081 0.995960634203
1658919392.179489851 22.4355943997 6.90631714507 0.133196236753 -0.0979874615006 -0.00460336415561 -0.00159909546195 0.995175717811
1658919392.280391693 22.3934950286 6.89620946023 0.133159984604 -0.105628737061 -0.00535618829927 -0.00119383645331 0.994390494679
1658919392.381196976 22.348313403 6.88123657323 0.13294732427 -0.111229175284 -0.00636783907963 -0.004814313809 0.993762719956
1658919392.482105732 22.3051321638 6.8683637261 0.130279346094 -0.119439244513 -0.005038685767 -0.00296520279817 0.992824297692
1658919392.582911015 22.2769803555 6.86302731919 0.136072741216 -0.118404199309 0.000141160928757 -0.00553362858821 0.99295005142
1658919392.683793545 22.2439038803 6.86305362241 0.137693543771 -0.105563292683 0.00662190797069 -0.00286345235423 0.994386414938
1658919392.784644842 22.1925985941 6.85255037743 0.127373417747 -0.10457020769 -0.00545847584024 -0.00817879184933 0.994468895476
1658919392.885516644 22.1444197634 6.83701627948 0.129951503647 -0.106833816412 -0.00166164687479 -0.00694776014985 0.994251227422
1658919392.986346960 22.0897644842 6.81814114051 0.122942595289 -0.108593270746 -0.00711533060847 -0.0107869943729 0.994002270808
1658919393.087192059 22.0310051078 6.79781340483 0.121723882473 -0.116262685858 -0.00519671037481 -0.00890937714916 0.99316494354
1658919393.188055038 21.9828641109 6.78406740292 0.120528208518 -0.126677601166 -0.00590825965429 -0.00826362646401 0.991891924712
1658919393.288967609 21.9318076377 6.76206356679 0.128218616187 -0.135002753251 -0.0012434717176 -0.00562791702461 0.990828459897
1658919393.389784813 21.8661852117 6.737740224 0.0628644657602 -0.148323210729 0.0032224528967 -0.0158110750985 0.988807287018
1658919393.490640640 21.823584923 6.71372130934 0.0674954934401 -0.167490057353 -0.00484529243376 -0.00314501059268 0.985856841908
1658919393.591674805 21.780170416 6.69600578846 0.0793993900586 -0.175870629833 -0.00546635285524 -0.00581272708174 0.984380948999
1658919393.692353010 21.7353833053 6.68497821739 0.0947426015383 -0.175463862784 -0.00375458264846 -0.00565172765694 0.98446248986
1658919393.793198109 21.6908577462 6.66716634881 0.102794480823 -0.171125556714 -0.0030808789094 -0.00422390232634 0.98523535801
1658919393.894123554 21.6536127086 6.64949532978 0.10972927531 -0.165862525324 -0.00207211256793 -0.0040958296854 0.986138201887
1658919393.995085955 21.6136925476 6.62941879481 0.121898714623 -0.165162630417 -0.00176865851232 -0.00385411751895 0.986257229702
1658919394.095657349 21.5716620237 6.60770578739 0.125795121548 -0.166332282445 -0.00317132753467 -0.00440445592075 0.986054823662
1658919394.196835518 21.52946705 6.59154248112 0.12592169638 -0.169000714039 -0.00759247907512 -0.00411908606684 0.985578077093
1658919394.297495842 21.4837450875 6.56834376571 0.126737692778 -0.171331693744 -0.00452321798108 -0.00530095535736 0.985188759117
1658919394.398348093 21.4338850277 6.55048567866 0.123055795824 -0.175480824035 -0.00570214001701 -0.00617593163466 0.984446963459
1658919394.499242783 21.3957721341 6.53141717791 0.125939763899 -0.176144524088 -0.00236035841684 -0.00746409741968 0.984333186778
1658919394.600078344 21.3557602533 6.51463654269 0.121323728854 -0.180101597017 -0.00970321013745 -0.00792717079252 0.983568209342
1658919394.701036930 21.3126372705 6.49192601416 0.119149137485 -0.188198347387 -0.00794274422221 -0.00383323389253 0.982091442368
1658919394.801789284 21.2655051085 6.46906417886 0.115172311359 -0.198364414538 -0.00916083960907 -0.00481603607355 0.980073693076
1658919394.902655363 21.2172898962 6.45241897508 0.114602165283 -0.211532601181 -0.00557635972982 -0.00640564845962 0.977334042443
1658919395.003495455 21.1735989823 6.42646215655 0.108377327286 -0.223097883378 -0.0112513764742 -0.00301037462681 0.974726463478
1658919395.104367733 21.1268445356 6.40177872164 0.113383497447 -0.23389210416 -0.00606027311049 -0.00100816837585 0.972243148753
1658919395.205229282 21.0878781882 6.37891108283 0.103451496631 -0.239835099543 -0.00892280634747 -0.00646591437704 0.970751101213
1658919395.305949688 21.044559981 6.35191377028 0.11284460717 -0.250025052866 -0.00511103434845 -0.00330459499321 0.968220238334
1658919395.406942606 21.0063741888 6.3257748383 0.11268583678 -0.257660457332 -0.00790767399881 -0.00271222805731 0.966199358952
1658919395.507677555 20.9622149576 6.29552796937 0.110515595347 -0.266569425133 -0.00704480574384 0.0017042142129 0.963788466392
1658919395.608624458 20.9170729014 6.26974363136 0.119088751972 -0.274196778593 -0.00632962349459 -0.00420860944643 0.961643567067
1658919395.709491253 20.8790815706 6.24329114943 0.115113048029 -0.282601583897 -0.007599053149 0.000316635828851 0.959207224176
1658919395.810359001 20.8330341561 6.21882710365 0.105220016546 -0.293105754918 -0.00800394175338 -0.000557143592796 0.956046360247
1658919395.911192894 20.7945984874 6.19166363895 0.106853778459 -0.302727784051 -0.0103875321834 -0.00130466340046 0.953019562125
1658919396.012110710 20.7464982672 6.16647639756 0.106855023313 -0.31209233216 -0.00735608942878 9.99602751933 0.950023291379
1658919396.112962723 20.7108726271 6.13376467505 0.109841910918 -0.322683104154 -0.00266411751673 -0.000581576071041 0.946503131818
1658919396.213759184 20.6752944686 6.10113780229 0.114996043944 -0.332023743328 -0.00342445359777 0.00689959224579 0.943239578586
1658919396.314683437 20.6366066125 6.05920705055 0.109777139519 -0.34250808321 -0.00856409250503 -0.00206569231195 0.939473577154
1658919396.415480137 20.6059400526 6.01670859291 0.106246012593 -0.350407092056 -0.00786302964897 -0.00113956375594 0.93656379601
1658919396.518570662 20.574270784 5.98200629474 0.10222616545 -0.358089036487 -0.00885606194735 0.00130315132791 0.933644532952
1658919396.617187023 20.5327287518 5.95378882645 0.0997726143717 -0.368777996422 -0.0058800053354 0.00648423133964 0.929476287829
1658919396.718049049 20.5028959056 5.91406633489 0.0981446787056 -0.381618817831 -0.00693049893361 0.00201780896557 0.924291606858
1658919396.818910360 20.4755740945 5.87865032937 0.100341310916 -0.393878585066 -0.00660061622462 0.00176738624413 0.919137078154
1658919396.919759274 20.4477659013 5.84600071696 0.0960250833271 -0.404293378832 -0.0076065139778 0.000977229767513 0.914597206315
1658919397.020529985 20.4216409205 5.80845653845 0.0989464290756 -0.419329347186 -0.00485263691853 0.00219147546643 0.90781856554
1658919397.121453047 20.3948604984 5.77815535966 0.0993245173253 -0.433175925294 -0.00736254343604 -0.00106335042536 0.90127869163
1658919397.222356319 20.3737179076 5.73780015304 0.102318464054 -0.448180723139 -0.0103409996183 0.000765397087679 0.893882831976
1658919397.323325157 20.3542502635 5.69897005358 0.105723648115 -0.45807380613 -0.0115394076976 -0.000440070999919 0.888839151109
1658919397.424069405 20.3294242014 5.66712275443 0.108914394733 -0.472689382245 -0.0125451651251 0.0010219870185 0.881139218448
1658919397.524903536 20.3091318306 5.62782231035 0.103382988537 -0.488459826003 -0.0088261417265 0.00191134487903 0.87253965203
1658919397.625618935 20.287603855 5.5802720876 0.101084405007 -0.502190651416 -0.00832362221979 0.00356420999087 0.864709525419
1658919397.730440617 20.2707658993 5.5284958395 0.102742639753 -0.514177596134 -0.00489229984273 0.00472375008911 0.857656779383
1658919397.827510357 20.2492532488 5.47869118747 0.106317209264 -0.523524824923 -0.00552008608685 0.00427223014085 0.851981827499
1658919397.928337097 20.236890316 5.42759892798 0.105795201954 -0.530136091609 -0.00580504293055 0.00412664977606 0.847882654977
1658919398.029112816 20.2186865322 5.39209424453 0.106398692224 -0.53668762093 -0.00454418009802 0.0060204589982 0.843747297501
1658919398.130737305 20.203749635 5.35180933044 0.108690703118 -0.548995340859 -0.00566233071228 0.00373737076835 0.835797873763
1658919398.230741024 20.1893239799 5.31032362985 0.104958565874 -0.557334655832 -0.00595548238924 0.00267527403405 0.830262281781
1658919398.331779003 20.1709172102 5.27022416983 0.0968886790846 -0.569290654995 -0.00552498408417 -0.00169570041792 0.822116019359
1658919398.432614803 20.1637467393 5.22420249562 0.0939492816335 -0.581752157572 -0.00689252763612 -0.00116212737339 0.813336074254
1658919398.533545256 20.1624352461 5.17982322424 0.100137565859 -0.592669232746 -0.00710702577696 -0.000672798334958 0.80541431455
1658919398.634345531 20.1626639292 5.13367421331 0.0938726126683 -0.603955991202 -0.00728501499906 -0.000486841199925 0.796984223328
1658919398.735073566 20.1597551978 5.09223996575 0.0981982169029 -0.617189304556 -0.00460129359767 -0.00148398127244 0.786799840009
1658919398.836076736 20.151853782 5.05194422111 0.105501027557 -0.630591559924 -0.00488093249568 -0.00136071674942 0.776098324634
1658919398.936853886 20.1519594648 5.00174848643 0.10895769299 -0.641168125735 -0.00573633218235 -0.00202001085082 0.767376340911
1658919399.037781715 20.1496249014 4.95329746938 0.113426847549 -0.647931126939 -0.00686204774406 -0.00233481731078 0.76166443771
1658919399.138609409 20.1430866494 4.90534590934 0.113481429539 -0.65227189769 -0.0086734680741 -0.00194527262396 0.757932951091
1658919399.239474058 20.1401482088 4.83855912971 0.111488261318 -0.650291588759 -0.0068625877081 -0.00484813314517 0.759638236323
1658919399.340873003 20.1259864463 4.78489812123 0.112197572241 -0.643314552487 -0.0087989021647 -0.00292564314132 0.765545822594
1658919399.441211462 20.1280822979 4.74013133304 0.112515169562 -0.628763530619 -0.00415708951637 -0.0013064380473 0.777584358375
1658919399.542034149 20.1167003974 4.69123497601 0.10629466986 -0.61583306832 -0.0102567376539 -0.0030389684206 0.787804033987
1658919399.642946005 20.1083293896 4.65008826311 0.101703274005 -0.602286766753 -0.00569623156953 -0.0002992622058 0.798259427744
1658919399.743761778 20.0891061406 4.62999383991 0.095810836504 -0.587892312396 -0.00857781664455 -0.000773494927085 0.808893350073
1658919399.844685555 20.0945337901 4.58624639908 0.114965398204 -0.569708224389 -0.0201191060812 -0.00638662917613 0.821575907389
1658919399.947499752 20.0637967896 4.54210443435 0.113028882294 -0.549830383453 -0.0197561213908 -0.00586013374061 0.835022097871
1658919400.046292782 20.0166593741 4.50024621359 0.110128230673 -0.533487300861 -0.0219516653381 -0.019356639876 0.845301570271
1658919400.147205353 19.9867095002 4.44730707416 0.0937775313235 -0.506540025286 -0.0125432038273 -0.0119594646281 0.86204225072
1658919400.248080254 19.9517518982 4.4166223124 0.0949476499523 -0.483144150434 -0.00710292794266 0.000973204368215 0.875511468337
1658919400.348933220 19.9078411542 4.38986426932 0.0961509677915 -0.462204072092 -0.00148881816951 0.00288479970129 0.886767645493
1658919400.449648142 19.8698365023 4.35639372083 0.089810552482 -0.44764039307 -0.00933497651002 0.00153715737112 0.894163616936
1658919400.550655603 19.8331439039 4.3355245486 0.0921660653702 -0.43185988887 -0.0114785005339 0.00146287816676 0.901866475926
1658919400.651476145 19.803105137 4.30781032706 0.0881106526973 -0.417067263724 -0.0140661112532 -0.00202336288895 0.908764517379
1658919400.752439499 19.7733389689 4.29103662492 0.0877774410937 -0.404165973767 -0.00851202693276 -0.0062917329251 0.914624417531
1658919400.853234768 19.7469760021 4.25050382119 0.0914912958235 -0.395324136213 -0.011021311694 -0.00327621491315 0.918469718843
1658919400.954001427 19.7206013888 4.22363095345 0.0912429315477 -0.394115283485 -0.0087527494267 0.00211312888231 0.919016902667
1658919401.054843903 19.6965605665 4.20021907875 0.0876562098154 -0.388962620548 -0.00802215262135 0.00265734165846 0.921214775945
1658919401.155648708 19.6838290208 4.16161488035 0.0828105842637 -0.386226176993 -0.0143163946719 -0.000349517023974 0.922292935507
1658919401.258019209 19.6670096321 4.12557978533 0.0859830307643 -0.389945513739 -0.0131341320016 0.00025984372088 0.920744222557
1658919401.357509613 19.6467713606 4.10406123216 0.0900949337174 -0.387528383894 -0.0105380012057 0.00127159292181 0.921796661557
1658919401.458330631 19.6187780259 4.08292187014 0.0895052953404 -0.387148579241 -0.00991913759057 0.00433292489795 0.921953802565
1658919401.559235096 19.5922134276 4.06234126487 0.0953204431594 -0.389217377705 -0.00777301014692 0.00217901857377 0.921110560727
1658919401.660040140 19.5698994074 4.02991430772 0.0928358313877 -0.388733467146 -0.00832579946228 -0.00143061400191 0.921311524908
1658919401.760929823 19.5414714413 4.01295305955 0.089238814511 -0.38442814747 -0.00700472171045 0.00110899184581 0.923127674508
1658919401.862978935 19.5149709414 3.98850060451 0.0934482455674 -0.379020955013 -0.0055380974358 -0.00106662636307 0.925370902636
1658919401.962672234 19.4935453426 3.94853877904 0.0861392253526 -0.379129578082 -0.00730653247156 -0.00297810717609 0.925309952656
1658919402.063507080 19.4760023407 3.91678745367 0.0884123223403 -0.383286918742 -0.00398342053592 1.05572378223 0.923620739417
1658919402.164401531 19.4530981694 3.88878227014 0.0894826176088 -0.385471488362 -0.00117846967444 0.00143171080719 0.922717883794
1658919402.265706539 19.4242792106 3.85830980321 0.089159870381 -0.386346849782 -0.00483841144627 0.00305947885122 0.922335807083
1658919402.366044998 19.3948531703 3.82647630952 0.0886755941655 -0.387538517802 -0.00471909344369 0.00146600437756 0.921840267187
1658919402.466894150 19.3647881618 3.79776515954 0.0855092384169 -0.385468199513 -0.00515886834726 0.000306509267386 0.922706648558
1658919402.567680836 19.3377508762 3.76934948174 0.0849206469595 -0.381215538895 -0.0057870877287 -0.00142086971807 0.924466983537
1658919402.669204473 19.3035177843 3.74165869219 0.0830084533613 -0.379483753172 -0.00682166418388 -0.00155397116355 0.925171946802
1658919402.769517899 19.2774057998 3.71861876933 0.0839156535191 -0.379553714833 -0.00764330934916 -0.000672226878899 0.925137884582
1658919402.870269299 19.2430329882 3.68639390482 0.0839139347098 -0.380838137118 -0.0069775156921 -0.000930140259738 0.924614926567
1658919402.971136570 19.2149765385 3.65277368931 0.0849135203663 -0.382060831243 -0.00590245006212 0.000456348003865 0.924118214332
1658919403.072043419 19.188166045 3.62883111703 0.0857878171976 -0.381950612207 -0.00661434585407 -0.000460997840886 0.924158951558
1658919403.172920704 19.1629712032 3.59626288763 0.0801625302343 -0.383153997945 -0.00710854275889 -0.00257796304305 0.923653526267
1658919403.273780823 19.1371338956 3.56317654793 0.0802461221098 -0.384057414809 -0.00668660314737 -0.00400798239818 0.92327630076
1658919403.374636173 19.1139264446 3.53751740373 0.0836819699003 -0.383806313674 -0.00512902898377 -0.00121949014756 0.923398570223
1658919403.475478649 19.088565211 3.51686848225 0.0938143879318 -0.384364789699 0.000842808157103 -0.000463256571551 0.92318079676
1658919403.576362848 19.0633178164 3.4940769209 0.0880793174128 -0.382792904597 -0.00480717544039 0.000141364145361 0.923821662049
1658919403.677130938 19.0423104401 3.48841183116 0.0896354046246 -0.372157487581 -0.00390049839365 -0.000372305197841 0.928161328616
1658919403.778051615 19.0270129564 3.47069469212 0.0892372971496 -0.368811705711 -0.00271633462219 -0.0012566033664 0.929499310492
1658919403.878719330 19.0128792376 3.44622329164 0.0906978016843 -0.369981420464 -0.00401448571558 -0.00078335636496 0.929030149547
1658919403.979804516 19.0015818873 3.41735433821 0.0887528347791 -0.374805602208 -0.00996676425418 0.000864117340008 0.927049447152
1658919404.080527782 18.9867376717 3.39414273356 0.0886272005343 -0.38034831209 -0.0108658446211 -0.00137164600604 0.924778467255
1658919404.181509972 18.9709509891 3.37354291209 0.0914708412458 -0.384576483478 -0.0115129969938 0.00200477210782 0.923019154809
1658919404.282245636 18.951295694 3.36877800231 0.0899902030914 -0.386385226237 -0.00998001177969 0.00162366154222 0.922282071838
1658919404.383196354 18.9320165568 3.36225762212 0.0935097961584 -0.382640546196 -0.00936666028828 0.00223557012675 0.92384710873
1658919404.484079838 18.9147771704 3.34899325383 0.0948223575306 -0.379649598552 -0.00906822330136 0.00161371310497 0.925084507261
1658919404.584946632 18.90287444 3.33783161712 0.092407697842 -0.377456717698 -0.0104491368686 0.000695612105435 0.925968011287
1658919404.685785770 18.8958779649 3.32710867522 0.0893356047327 -0.377753165116 -0.0096024496653 -0.000170972043902 0.925856527748
1658919404.786631107 18.8885897747 3.32511951073 0.0881113632268 -0.377893363876 -0.00920452641246 -0.000113308957626 0.925803364324
1658919404.887497425 18.8809081326 3.31278630722 0.088583401099 -0.378786277115 -0.0074603376455 0.00184680033595 0.925452261848
1658919404.988329411 18.8752013091 3.30185194839 0.0858101415535 -0.379781652711 -0.00822776576181 -0.000599502999466 0.92503937253
1658919405.089201927 18.8632349337 3.29456329775 0.0840740794567 -0.378507057337 -0.00779590932596 -0.0017742144193 0.925563873272
1658919405.190038919 18.8555800196 3.28533810409 0.0819814787717 -0.378427369327 -0.0082884282357 -0.00130795305525 0.925592954468
1658919405.290931702 18.8517192854 3.2763358177 0.0820837623418 -0.37895251632 -0.00889905142294 -0.00407704526317 0.925364347141
1658919405.391919613 18.8530842944 3.27361054479 0.0841875032779 -0.381665850147 -0.00839279394118 -0.00247841100345 0.92425894495
1658919405.492629766 18.8482548349 3.27057944674 0.0847216397885 -0.382595930065 -0.00770520821267 -0.00107107286207 0.923883021203
1658919405.593622923 18.8511730869 3.27240995477 0.0852348558031 -0.382959331043 -0.00795072014436 -0.000201317013189 0.923730965318
1658919405.694345951 18.8504013879 3.27231951519 0.0839439371341 -0.383172743601 -0.00703705952648 0.000115005034394 0.923649887743
1658919405.795074701 18.8461870829 3.26930487011 0.0837041858453 -0.383308833723 -0.00730142335605 -0.000286155582672 0.923591330255
1658919405.896063805 18.8419969709 3.27168928799 0.0816853362303 -0.383644955927 -0.00814936914777 -0.00134622565272 0.923443730419
1658919405.997189999 18.8410752693 3.27262099153 0.0790046796179 -0.383257251196 -0.00759827557135 -0.000559509788551 0.923610216792
1658919406.097831726 18.84280639 3.27180621186 0.0783508503763 -0.383274214816 -0.00782739232008 -0.00223762624822 0.923598723048
1658919406.198627472 18.8402246307 3.27451795547 0.0786703559458 -0.38324429287 -0.00748182946937 -7.52669593618 0.923616710841
1658919406.299519539 18.8445186591 3.27677484164 0.0804741789003 -0.383294657429 -0.00789243036877 -0.000272415394325 0.923592356464
1658919406.400340557 18.8466228802 3.27378800724 0.08185532377 -0.383767434269 -0.00763722401399 -0.00132681966276 0.923397243202
1658919406.501126766 18.8488093194 3.27595770309 0.0818110847361 -0.382812322308 -0.00751725557414 -0.000499006493261 0.923795414445
1658919406.602619171 18.8496022296 3.27553012154 0.0808774919668 -0.383448722355 -0.00806060454124 -0.00142048806439 0.923525899037
1658919406.702956676 18.8450909002 3.27446246288 0.0827804775577 -0.38354759388 -0.00813893434098 -0.00151359269339 0.923484006366
1658919406.803741455 18.8476964077 3.27576754555 0.0820906754945 -0.384272713049 -0.00771585829714 0.000322675545823 0.923187328453
1658919406.904670715 18.8476772164 3.2735701302 0.0810411541128 -0.383949149547 -0.00843979652692 -0.0014223300886 0.923314571191
1658919407.005427361 18.8448400622 3.27654633678 0.0806484299684 -0.383395912121 -0.0082975121376 -0.00104206087766 0.923546230554
1658919407.106326103 18.8419023018 3.2759608081 0.0782478376776 -0.383522764304 -0.00835760178603 -0.00140437022679 0.923492537868
1658919407.207150459 18.8414518001 3.27993865458 0.0767744688623 -0.383547196944 -0.00921539816191 -0.00299531182262 0.923470439299
1658919407.308032513 18.8428880776 3.27788418259 0.0776339280264 -0.383462125575 -0.00866121055448 -0.0024870685522 0.923512639963
