1658919488.800631523 0.0132190212325 0.00921265423982 0.00237104153076 0.999998935984 0.00141330940647 0.000249295970445 -0.000261609187436
1658919488.901517868 -0.004043888309 0.00163441994908 0.00167418925107 0.99999985515 0.000485136898268 0.000128445445349 -0.000194534065654
1658919489.002335072 0.00199922322272 0.00888717267502 0.00238577825553 0.999999442644 0.000955068797331 0.00017943946472 -0.000412743081826
1658919489.103250980 0.00414670811262 0.00723197940286 0.00164025260834 0.999999370625 0.0010577540607 0.000190246930502 -0.000322045048348
1658919489.204011917 0.0161573839299 0.00960926163202 0.00232408613619 0.999996197296 0.00179044111632 0.000259149680314 -0.00208147940657
1658919489.304924250 0.0358256065917 0.0139458466275 0.000711294690134 0.999990303955 -0.00119825516688 -0.000298644028489 -0.00422693655166
1658919489.405807495 0.069522902056 0.00724297262243 0.00292626691444 0.999965237616 -0.000231483484273 -0.000246932063964 -0.00833120640651
1658919489.506653786 0.120055483469 0.00241930899396 0.00221964334751 0.999944892224 0.00183413083531 0.000186122991698 -0.010335078019
1658919489.607508421 0.176403752475 0.00220094469687 0.00401323735635 0.999948956614 -0.000918967012104 -0.000436011898167 -0.010052341051
1658919489.708384037 0.235862053181 -0.00233619948288 0.00365861576441 0.999957610613 0.000558305592781 -0.00022356802469 -0.00918777936755
1658919489.809242725 0.305851573819 -0.00748718603766 0.00501805227642 0.999985458243 0.00256150208862 0.000385822270448 -0.00473002641359
1658919489.910248995 0.361700036555 0.00374446667798 0.0152071614618 0.999984277967 -0.00212880368975 -0.000374254517614 -0.00517416144013
1658919490.010947704 0.408640149408 0.0134630356052 0.0123161323298 0.999955280605 -0.00225117343436 -0.000553574278166 -0.00916856383859
1658919490.111807346 0.449927885497 0.00468349746154 0.00941683987595 0.999949800956 0.000685433393086 -0.000279532347778 -0.00999237768087
1658919490.212659359 0.48182929551 0.00445097850476 0.0141089002181 0.999958319432 -0.000265639744574 -0.000850586904044 -0.00908654694984
1658919490.313505173 0.5307203916 0.0048416517957 0.00868204815695 0.999930058451 0.00067913755399 -0.000462378178653 -0.0117984399486
1658919490.414374352 0.581614644933 -0.00512578127761 0.0154268249005 0.999921530595 0.00230523664242 -4.19843881012 -0.0123132763509
1658919490.518212557 0.624285985929 0.00767849832692 0.0182580211288 0.999877707822 -0.00376266652259 -0.00117929890054 -0.0151334396504
1658919490.616100788 0.669132097919 0.0140704357425 0.0187363269909 0.999803710631 -0.00108910248425 -0.000800276936784 -0.0197664771848
1658919490.716966152 0.714434228588 0.00928714421392 0.0247601413903 0.999761120327 -0.000916669986551 -0.000928221617882 -0.0218174334902
1658919490.817884922 0.751721088193 0.00659079861791 0.0255357042315 0.99973674101 0.000151678746012 -0.000756323570412 -0.0229314989148
1658919490.918557167 0.782959668982 0.00145196146073 0.0275606914426 0.99975030631 -0.000851464353396 -0.000952901151691 -0.0223090120834
1658919491.019530535 0.803250642195 -0.00635478247891 0.0275188819019 0.999762351507 0.00028213329572 -0.000441363557999 -0.0217937171907
1658919491.120383263 0.828900538626 -0.00852544488044 0.0260893213026 0.99980071368 -0.00133278869674 -0.000971118964574 -0.0198950629028
1658919491.221272469 0.848115567089 -0.00263154746361 0.023607679939 0.999760555936 -0.0021081699854 -0.0012483105947 -0.0217446116372
1658919491.322076321 0.875810838872 0.000959203499123 0.0262991452881 0.999787508553 -0.000787399274385 -0.000510207434179 -0.020592654806
1658919491.423008919 0.895056496814 0.00182955846507 0.0280547828416 0.999819815309 -0.00333574261953 -0.00117665444233 -0.0186500729358
1658919491.523839474 0.912680471836 0.00612682174695 0.0231137987524 0.999842347639 -0.000700041381431 -0.000823593447862 -0.0177231911274
1658919491.624661446 0.932877088732 0.00541823399777 0.0232114341261 0.999851742843 -0.00243249052577 -0.00120059642918 -0.0170039375558
1658919491.727934837 0.95264101794 0.00219217295854 0.0203600879362 0.999863773983 -0.00155167330485 -0.00097126839248 -0.0164037320284
1658919491.826352119 0.973347898712 0.00461577263814 0.0230043957936 0.999845321729 -0.00226700860631 -0.00111642149234 -0.0174053696039
1658919491.929396629 1.00847876281 0.00447108227935 0.0306468165452 0.999887626398 -0.00278714569268 -0.00115608286003 -0.0146843408932
1658919492.027952671 1.04957308839 0.00504994428214 0.0367939845316 0.999894220174 -0.00420534641669 -0.00148159278562 -0.0138444359591
1658919492.128887415 1.08889988271 0.00527684056291 0.0377934673646 0.999899539582 -0.0022222087104 -0.00114719084974 -0.0139519348478
1658919492.229676008 1.11756594228 0.00105714672179 0.0312446097392 0.999913158879 -0.00172265740669 -0.00096981532597 -0.0130294516224
1658919492.330543518 1.14853751346 -0.00513390335378 0.0354774205592 0.999876765315 -0.00436127222481 -0.00124279272729 -0.0150296025636
1658919492.431499481 1.18123565914 -0.00144812874527 0.0302170660554 0.999759094024 -0.00320293419107 -0.0014570512383 -0.0216649978408
1658919492.532359600 1.22804729724 -0.00762540942571 0.0382016380856 0.999737971332 -0.00369937055901 -0.000861726717377 -0.0225734525725
1658919492.633249283 1.25813865276 -0.0010876392623 0.0314000340929 0.999794452745 -0.0013226539168 -0.000897081358664 -0.0202113357255
1658919492.734119892 1.29885036942 0.00147583652909 0.0379397622957 0.999927491634 -0.00480961425212 -0.00101614411085 -0.0109930222135
1658919492.935801983 1.35427822286 0.00631907707581 0.00447844307209 0.99979436468 -0.00350710457968 0.0160742970615 -0.0118551906317
1658919493.036532164 1.39563161254 0.00888708236858 0.00589487460838 0.99980329769 -0.00449729617377 0.0158276407169 -0.011073664494
1658919493.137494564 1.42357995469 0.0229417126037 0.00871812607311 0.999847034074 -0.00122769943948 0.0158056766608 -0.00738794912438
1658919493.238355875 1.45325897391 0.0282047225173 0.0062192470064 0.999872429782 -0.000810584669671 0.0159488030382 0.000320617394004
1658919493.339266777 1.48529065373 0.0372374140249 -0.00475437152455 0.999839639434 0.00047820460077 0.0161090564437 0.00780801113269
1658919493.440093517 1.52493167951 0.0503757013826 -0.0255094433977 0.999753438037 0.00115381729321 0.0160513641598 0.0152998545199
1658919493.540923595 1.55880483582 0.0530745051093 -0.0143570368591 0.99958373891 0.00156035159878 0.0160491532172 0.0239236053019
1658919493.641804218 1.59564022726 0.0530433051838 -0.000193049705857 0.999456983244 4.67096860009 0.0157366241239 0.0289498726059
1658919493.742655516 1.62732173892 0.0470890219456 -0.014959842512 0.999280409368 0.00133429365861 0.0157088154571 0.0344980612482
1658919493.843506813 1.6687413538 0.0458838408343 -0.0052907233045 0.999187660674 0.005380386344 0.0162090950684 0.0365011703385
1658919493.944361210 1.70681363204 0.0412943951082 -0.010394599209 0.999171380827 0.00440154232775 0.0158072533754 0.0372465958585
1658919494.045156002 1.75033334513 0.0423591059627 -0.00797148127099 0.999284131415 0.00408816143025 0.0158325671834 0.0341151206185
1658919494.146121979 1.78400045389 0.0483495162853 -0.0187518914305 0.999287687486 0.00304805218495 0.0157426977538 0.0341613009841
1658919494.247120380 1.81974218399 0.0589746891945 -0.0181472226425 0.99921867906 0.000204304896068 0.0155590270032 0.0363305154824
1658919494.347806692 1.86591841924 0.0614081524553 -0.0213773762127 0.999131687192 -0.000723657754851 0.0156622835347 0.0386010471691
1658919494.448681116 1.90818994732 0.0677610024073 -0.0108559465739 0.999134901319 -0.000150365680796 0.0152480057153 0.038690110859
1658919494.549464226 1.94890642946 0.0814029187993 -0.00785235867635 0.999078930732 -0.00243188910494 0.0151715612586 0.0400649449241
1658919494.650363207 1.99445948133 0.0958258965425 -0.00831111736758 0.998782540192 0.00187853626896 0.0152978037784 0.0468602785766
1658919494.751138210 2.04209735264 0.103546782507 -0.0217516655608 0.998473255345 0.0044575926831 0.0154055270021 0.0528579035337
1658919494.852057457 2.10266680618 0.110489955571 -0.014385226192 0.998296851546 0.00652565376137 0.0155943526421 0.0558357251348
1658919494.952982664 2.15612292207 0.109181777018 -0.0111113129632 0.998271574067 0.00727084857861 0.015817790035 0.0561319578189
1658919495.053735495 2.19851198903 0.0949297798022 -0.0156238277174 0.998388453216 0.0102705743633 0.0158716190129 0.0535079760085
1658919495.154681206 2.24211815692 0.0922798457395 -0.0422216857471 0.998747905695 0.0104081671186 0.0156844997281 0.0463496212976
1658919495.255468845 2.29946872029 0.0950142501697 -0.0399121843732 0.998946565894 0.00583157647915 0.0158368922164 0.0426725209984
1658919495.356376171 2.36249458841 0.0932483751318 -0.0397623814313 0.999102486989 0.00699584026782 0.0157489361911 0.0386943112105
1658919495.457245111 2.41847293625 0.0909401758892 -0.030252722522 0.999466642544 0.00443234724069 0.0155310824889 0.0283825688842
1658919495.558137894 2.47603688494 0.104796191054 -0.036545118619 0.999536913381 0.00726242351039 0.0157476561053 0.0250045459908
1658919495.658836365 2.53590060921 0.122325505935 -0.0323443147435 0.999435062583 0.0114165293847 0.0158041540788 0.0273760342177
1658919495.759797335 2.60172488326 0.137175743127 -0.037888857942 0.999478471383 0.00757947792824 0.0156865148593 0.0271895201829
1658919495.860642910 2.65659957807 0.143167417364 -0.0319365530541 0.999506519342 0.00797007534874 0.0156836006301 0.0260234579426
1658919495.961534023 2.71491594458 0.146947836035 -0.0342232566063 0.999485302982 0.00992294273477 0.0152482529644 0.0264226250102
1658919496.062414646 2.76508061113 0.150139182288 -0.0414648654672 0.999387266875 0.013177667191 0.015989585839 0.028209449489
1658919496.163219929 2.82105751724 0.147964464729 -0.0364306192208 0.999490633375 0.0087901313133 0.0156945451069 0.0263607405297
1658919496.267995119 2.87454279838 0.148229544089 -0.0248734612327 0.99954498672 0.00628075352011 0.0152789374371 0.0252373875328
1658919496.364966869 2.92111778046 0.152929303997 -0.0209696986407 0.999532778849 0.00634131221359 0.0152356548027 0.0257271566445
1658919496.465784073 2.97496351835 0.149267841233 -0.0188600686013 0.999608808506 0.00586982746404 0.0149523270341 0.0228954798656
1658919496.566642284 3.01817047353 0.146979475399 -0.0305200078126 0.999745166971 0.00627842672097 0.015004184667 0.0156542939013
1658919496.667503357 3.07325118693 0.153533066174 -0.0373853609294 0.999826055623 0.0062444608496 0.0148135542913 0.00945641658344
1658919496.768260956 3.12095145456 0.15101586438 -0.0323605260118 0.99985636585 0.00692947564539 0.0153333881327 0.00202909963975
1658919496.869234562 3.17645338346 0.153068717583 -0.03844589615 0.999853021986 0.00642123766938 0.0152003102391 -0.00465324618099
1658919496.970002651 3.22896778074 0.158152691914 -0.0388395878722 0.999854110033 0.00446586467426 0.0148517699917 -0.00715818627953
1658919497.070922852 3.27851680124 0.168635040952 -0.0281467067806 0.999811877023 0.00552770315701 0.0145631476333 -0.0115572398324
1658919497.171779156 3.33054922914 0.16669450051 -0.0401229984019 0.999776963113 0.00595596590786 0.0146904569083 -0.0139549623541
1658919497.272640705 3.38515290437 0.174295810963 -0.0462262572662 0.999749431695 0.00826598354063 0.0153820231425 -0.0140050243135
1658919497.373532772 3.43769500759 0.161716200603 -0.0340342604639 0.999726872763 0.00324466867678 0.0149062965139 -0.0177046413485
1658919497.474353313 3.50071076767 0.15661203301 -0.0400239836345 0.999745450409 0.00511047521149 0.0148165261126 -0.0162292323723
1658919497.575217724 3.55354069434 0.162401600012 -0.0399408926284 0.999777468334 0.00791281318853 0.0149848248799 -0.0125640846068
1658919497.676077366 3.59741086466 0.15510220576 -0.0489668210076 0.999789484077 0.00672217256866 0.0149201804947 -0.0123769195824
1658919497.776907444 3.63792784839 0.159432650384 -0.0554894712389 0.999646280207 0.00655789851765 0.0151500548955 -0.0208514812886
1658919497.877817869 3.69436721608 0.157859817913 -0.0561197655091 0.999277653149 0.0100155675752 0.015678033281 -0.0331369823009
1658919497.978590965 3.74314701523 0.160004341946 -0.0623704004267 0.999004118694 0.00800814789538 0.0152769061435 -0.0411491985125
1658919498.079535246 3.78204528284 0.152914593845 -0.0661396950962 0.998571155229 0.00685441306927 0.015422464188 -0.0507031809993
1658919498.180305481 3.83979273691 0.143819495988 -0.0691695015362 0.998310842957 0.00923585719841 0.0158608013686 -0.0551234501548
1658919498.281245708 3.89354346463 0.140232520329 -0.0614344772374 0.998265259802 0.0068429026093 0.0152888405007 -0.0564437517488
1658919498.382086754 3.94449749534 0.140785116571 -0.0514212068446 0.99753344208 0.00272319229063 0.0143684746359 -0.0686524805977
1658919498.482952118 4.00283801422 0.132575383764 -0.0500810974026 0.99684039937 0.00546662879695 0.0148862908524 -0.0778314364435
1658919498.583817005 4.05378959271 0.120251001266 -0.0525725844085 0.996372789524 0.0070491323724 0.015465380493 -0.0833810292273
1658919498.684659958 4.09055246315 0.125777543902 -0.0651962036931 0.995436282445 0.00633272595052 0.0150957459253 -0.0940139491203
1658919498.785529137 4.10157440353 0.134025518206 -0.0921537195263 0.992234304369 0.00824953034991 0.0152948421296 -0.123162893306
1658919498.886406898 4.13551848791 0.130347159303 -0.0909274621646 0.989173035012 0.00286826997909 0.0148213743308 -0.145975363314
1658919498.987226486 4.1845508805 0.105944086295 -0.0603871203906 0.98706228731 0.00210908091191 -0.00179354680394 -0.16031336793
1658919499.088087320 4.24605616449 0.0797289770542 -0.0254424258473 0.984998840486 0.000551489574747 -0.00273728814536 -0.172538364875
1658919499.188971519 4.30047077945 0.0523137528462 0.00507540680881 0.982097948306 -0.000569632324894 -0.00325507265807 -0.18834197608
1658919499.289755583 4.3416833161 0.0222637884737 -0.0092076639631 0.980488591446 0.0044354085544 -0.00342248894272 -0.196496146945
1658919499.390679836 4.39832024124 -0.0145436560482 0.00553624286983 0.979850940875 0.000599533664475 -0.00358669443195 -0.199697045168
1658919499.491520166 4.44097927183 -0.0383559884771 0.0110506431175 0.979115514806 0.0018568463837 -0.00343921338553 -0.203267145893
1658919499.592364788 4.47985797175 -0.057170187637 0.0372698558808 0.977261441251 -0.00135441602427 -0.00367104229011 -0.212001802942
1658919499.693176270 4.5323524084 -0.0822669931656 0.026085581705 0.976818012428 -0.000249510848165 -0.00434245860262 -0.214027221151
1658919499.794139385 4.57407203162 -0.106921022741 0.0240063393551 0.976993167475 0.000208814589138 -0.00376157046518 -0.213237327154
1658919499.894824743 4.60729643333 -0.125721923709 0.0192450378206 0.976468200611 -0.000253775398179 -0.00411264353325 -0.215622065099
1658919499.995876074 4.64373582883 -0.143795413996 0.0244214276715 0.974880762924 0.00209722399813 -0.00246928489997 -0.222703844519
1658919500.096651316 4.69185372274 -0.164792970756 0.0344535426542 0.974296373422 -0.000413574216479 -0.00324202734139 -0.225246298418
1658919500.197536945 4.74506840186 -0.194221172439 0.0342068584982 0.974825221224 0.00442873169312 -0.00237500233036 -0.222913736153
1658919500.298473358 4.7933831893 -0.208854607425 0.0617303916997 0.974392343778 -0.00130554262663 -0.00268658853248 -0.224834690799
1658919500.399224758 4.83665145051 -0.225721945859 0.0781274554369 0.973303313457 -0.0031981819058 -0.00426308506414 -0.229460797853
1658919500.500109196 4.88110885003 -0.248072815754 0.0882276343927 0.973096768595 -0.000795673862159 -0.00332907085332 -0.230371359201
1658919500.600965500 4.93224837248 -0.270865534157 0.114410765615 0.973410176895 -0.000173160108267 -0.0027599185951 -0.229052352929
1658919500.701815605 4.97033648819 -0.293310160589 0.112570888178 0.973270049641 0.000714232474071 -0.00306432760912 -0.229642135158
1658919500.802715302 5.00808923623 -0.312436645712 0.110328386258 0.973149093963 -0.00229388005357 -0.00411802337454 -0.230127401491
1658919500.903564692 5.05038627573 -0.32947995315 0.110968588586 0.973187858353 -0.00195267491802 -0.00371253820266 -0.229973469066
1658919501.004406214 5.08042565237 -0.341486083501 0.111798690957 0.972640023736 -0.0039966176989 -0.00463464356032 -0.232236800168
1658919501.105209827 5.10322818753 -0.355846348164 0.101080393507 0.971417118342 -0.00267245670886 -0.00419008006721 -0.237326954633
1658919501.206006527 5.13224379847 -0.37212547499 0.101659282153 0.96994353511 -0.00289254993603 -0.00450608534789 -0.243271180061
1658919501.306937695 5.16914290876 -0.387452813006 0.109348411326 0.968608636689 -0.00215634797887 -0.00389221842333 -0.248550819211
1658919501.407789946 5.21214958181 -0.410855417449 0.109375000436 0.967979887706 -0.00109498645223 -0.00369376886502 -0.250998195358
1658919501.508661270 5.24599337547 -0.428044170769 0.101796995347 0.966956318862 -0.005016800532 -0.00500215582248 -0.254843653173
1658919501.609362125 5.28483721101 -0.44611731749 0.101606615538 0.966348312957 -0.00370174649649 -0.0046922165001 -0.257167685029
1658919501.710360765 5.31749727725 -0.464576965469 0.100096554928 0.965268088612 -0.00642331629199 -0.0058172035417 -0.261117632988
1658919501.811199188 5.35085614314 -0.486552791582 0.0938789473797 0.963884209131 -0.00593036841116 -0.00580722930623 -0.266192295542
1658919501.912080050 5.38291396287 -0.505384921701 0.0927633763944 0.962551528745 -0.00577466592625 -0.00576090915508 -0.270976049993
1658919502.012924910 5.41407288131 -0.52629632113 0.0873538306795 0.961738951645 -0.0056929625104 -0.00563884335958 -0.273850292151
1658919502.113886118 5.45278765408 -0.539073895649 0.0865145133602 0.960232868967 -0.00455070562003 -0.00509136331201 -0.279116832982
1658919502.214637756 5.49396855554 -0.560587714757 0.0874408857011 0.958700754621 -0.00524338419608 -0.00562944206801 -0.284312643745
1658919502.315524101 5.52729489128 -0.585234250977 0.0895938020152 0.957721396691 -0.00531774704547 -0.00565979459235 -0.28759244533
1658919502.416425705 5.55988676453 -0.608790987674 0.0903934577489 0.956455613618 -0.00494650225423 -0.00529710323037 -0.291787820156
1658919502.517138243 5.58622664451 -0.631145696632 0.0912581100682 0.954728807481 -0.00530993485378 -0.00557526121504 -0.297377916498
1658919502.618017673 5.61996645819 -0.652131132323 0.0867731428758 0.954102451456 -0.00312280563268 -0.00523706054912 -0.299418325102
1658919502.718928337 5.64711641757 -0.677130712442 0.0897701778933 0.953379558776 -0.0062068931565 -0.00592675556658 -0.301651727915
1658919502.819786310 5.683302148 -0.696805652823 0.0957495109191 0.952521121712 -0.00520513345455 -0.00594942951641 -0.304369879534
1658919502.920518398 5.70856601683 -0.716126952232 0.0927189435227 0.951010931405 -0.00285512327975 -0.00503329205809 -0.309103093788
1658919503.021574020 5.73651608215 -0.738942546059 0.0910788169767 0.950635515047 -0.00313283749359 -0.00493055241232 -0.310254721984
1658919503.122651100 5.77382052423 -0.762487294753 0.0975962988392 0.951164936251 -0.0032666566253 -0.00513812831894 -0.30862305915
1658919503.223123312 5.80161497912 -0.779435770825 0.0851359976591 0.952261927819 -0.00449946279249 -0.00723089003503 -0.30516338229
1658919503.324042559 5.83295775466 -0.801410357695 0.0853808351569 0.952477461162 -0.00339120920524 -0.00560565671087 -0.304538605584
1658919503.424948454 5.86441926698 -0.816500679992 0.0836674697754 0.952317533909 -0.0056271389054 -0.00711320828578 -0.304973854919
1658919503.530656099 5.89551051879 -0.838958761683 0.0770060861008 0.951420777935 -0.00383386787563 -0.00636185581542 -0.307804047343
1658919503.626638174 5.92990245236 -0.863894274249 0.0801789392172 0.9502156448 -0.000183892526214 -0.00354737780545 -0.31157280156
1658919503.727485180 5.95949840361 -0.889754120448 0.0731893091761 0.949764470546 -0.0025376643572 -0.00593062475104 -0.31289908667
1658919503.828377724 5.98856806052 -0.917487447692 0.0658457075321 0.949546043425 -0.00210737996783 -0.00544019519578 -0.31357339594
1658919503.929306984 6.0200005831 -0.940972150753 0.0600607128373 0.948731984674 -0.00123549735844 -0.00602606932755 -0.316021805089
1658919504.030093670 6.05570515958 -0.961437710259 0.0547146510504 0.947458610219 -0.000926174239587 -0.00552022862609 -0.319829409528
1658919504.130927563 6.08410788577 -0.990894462874 0.052539576593 0.946168123154 0.00172847894118 -0.00442328346354 -0.323640741642
1658919504.231801033 6.11206130058 -1.01989400467 0.0648546381119 0.944225392847 0.00158493790747 -0.00321242961366 -0.329280390807
1658919504.332684040 6.14067572603 -1.0433837351 0.0632501057352 0.943830205483 0.00560072120117 -0.00365932879458 -0.330363110006
1658919504.433514118 6.17039257301 -1.06360214435 0.0659001035837 0.943591553653 0.00266978506918 -0.00422798044167 -0.331073974065
1658919504.535681725 6.19793925526 -1.08204833519 0.0671877188691 0.943845111177 0.0026035189685 -0.00336045591924 -0.330360916472
1658919504.635236740 6.23004956162 -1.103578702 0.0719905353883 0.94460965303 0.000782480367878 -0.00379579287461 -0.328173099267
1658919504.737402439 6.26306424454 -1.11614089453 0.0724426618327 0.945006560211 0.000954835518286 -0.00333708979884 -0.327032954424
1658919504.836964130 6.29295001958 -1.13332055577 0.0803130645804 0.947379787688 0.00142649398278 -0.00320570703182 -0.320092527932
1658919504.937813282 6.3270250033 -1.15649562429 0.0838862565749 0.949386228849 0.00240584234123 -0.00134712971311 -0.314099006105
1658919505.038641930 6.36301883047 -1.18127988576 0.0825033793161 0.951039659945 0.00420517546453 -0.000479363727999 -0.309039887265
1658919505.139563560 6.40214133172 -1.21121867188 0.0800335847145 0.952901871967 0.00284972473616 0.00157541645809 -0.303261305698
1658919505.240372181 6.44055045591 -1.23231457642 0.0803942000853 0.954910469459 0.00336525296703 0.00142214436025 -0.296871433277
1658919505.341209650 6.47977458292 -1.25330921439 0.077865760161 0.957372477386 0.00214921910144 0.00427873926073 -0.288816572918
1658919505.442080498 6.52248016205 -1.27738443905 0.0769713852268 0.959829395262 0.00249313135581 0.00381612246123 -0.28054723933
1658919505.542889833 6.55997091662 -1.2990012006 0.0776203108884 0.962174172585 0.00226055222076 -8.27110754603 -0.272425668161
1658919505.643779278 6.59709158845 -1.31696796661 0.0840072146429 0.963854600913 0.00191486181965 -0.00128653569561 -0.266418817708
1658919505.744648457 6.63770981101 -1.32941688939 0.077719413138 0.965683839235 0.00085993538186 -0.00614751139985 -0.259646281035
1658919505.845512390 6.67693616355 -1.34541624418 0.0795211153404 0.967994366143 -0.00133614163402 0.000580121172124 -0.250967697723
1658919505.946362257 6.71681324168 -1.35754035793 0.0728707445874 0.970014959183 -0.00108658353942 -0.00179689644673 -0.243036148465
1658919506.047255039 6.75030791166 -1.36601775075 0.0770325802057 0.973088565054 -0.00144288777719 -0.00317291072084 -0.230405067813
1658919506.148058176 6.79369450435 -1.38093985538 0.0795571277815 0.976864281999 0.000455458432047 -0.0025705144152 -0.213844241373
1658919506.248941898 6.83718249968 -1.39813672552 0.0701606196733 0.979141284576 -0.000405562927861 -0.00369811921733 -0.203146509377
1658919506.349752665 6.88208201865 -1.42026464521 0.0707080765779 0.979602526098 -0.00199595652638 -0.00187268813119 -0.200926354814
1658919506.450673580 6.92105192783 -1.43972936309 0.078366714928 0.980181938476 -0.00273110997345 -0.0012911568339 -0.198076352545
1658919506.551523209 6.9553675389 -1.45584272749 0.077676604324 0.980623702443 -0.00323604104057 0.000775931690117 -0.195872612112
1658919506.652349949 6.98788743315 -1.47105752776 0.0765401908702 0.981446778194 -0.000407049953838 -0.00551465137695 -0.191655014293
1658919506.753194332 7.02623615473 -1.48807841372 0.076211762863 0.981562445612 -0.000213708586276 -0.00715298785092 -0.191007734027
1658919506.854033470 7.06391214111 -1.50425548629 0.0822866142709 0.980588163115 1.45676040504 -0.00798089355948 -0.195916205261
1658919506.954868317 7.09597275904 -1.51505097924 0.0772716865069 0.979807661273 -0.0021552459253 -0.00149827833267 -0.199925128456
1658919507.055834293 7.13113978301 -1.52440803262 0.0880078282206 0.980111158888 5.29115709871 -0.00596038866224 -0.198359741857
1658919507.156647921 7.16757127091 -1.53300743026 0.0845774049961 0.97980890056 -0.00166426005252 -0.00615638352337 -0.199834550473
1658919507.257531166 7.20614669357 -1.54100525666 0.0879565324318 0.980359321528 -0.0027958126632 -0.00644946565648 -0.197094364499
1658919507.358376026 7.24213127029 -1.54753738461 0.0728279859275 0.981836865356 -0.00153324834449 0.00339336061573 -0.189690548214
1658919507.459218979 7.28136493603 -1.55342098083 0.0671594972416 0.983640003742 0.00149663176201 0.00168063945421 -0.180131281521
1658919507.560075045 7.32119559811 -1.56543865545 0.0740836975827 0.985209025919 -0.000900423714653 0.00302131821357 -0.171327861485
1658919507.660933018 7.36561083216 -1.5763575342 0.0672370650267 0.985864848021 -0.00264361186511 0.00117466413127 -0.167517560027
1658919507.761803389 7.4075347453 -1.5872421468 0.0682301504509 0.98728440558 0.00170979487094 0.00268487303872 -0.15893196833
1658919507.862668037 7.44591637399 -1.59319202565 0.0761654017378 0.989097375077 0.000109122510953 0.00343429902674 -0.147222879668
1658919507.963509560 7.48150230723 -1.60658339751 0.0686008043362 0.989789293166 -0.0041550360109 0.0045375129254 -0.142405413469
1658919508.064421177 7.51639380918 -1.61733487504 0.0716919989611 0.989902404965 -0.00314440387436 0.00430983783656 -0.141650155904
1658919508.165238857 7.55258578673 -1.62273862896 0.073641582719 0.989909189992 -0.00201368974074 0.00233104604687 -0.141669710408
1658919508.266108990 7.59334667066 -1.6264991262 0.0738366613916 0.990266057211 -0.000690405641847 4.9233361433 -0.139185691981
1658919508.366971016 7.62508700072 -1.63309025744 0.0759551191447 0.991568825382 -0.00315333618534 0.00217277075861 -0.129524515321
1658919508.467961788 7.65710548043 -1.6449602652 0.0761182601673 0.992006681445 -0.00406940981063 0.000693926500243 -0.126117811341
1658919508.568648338 7.68595581135 -1.64929216289 0.0767997098009 0.992233649053 -0.00372902487098 -0.00132574737214 -0.124325067685
1658919508.669501781 7.71557961373 -1.64451380388 0.0765345504676 0.99297066743 -0.00545480071656 -0.000612034171603 -0.11823334634
1658919508.770357609 7.75084938619 -1.63773236579 0.0775768783299 0.994290662604 -0.00571620220308 -0.00305506132858 -0.10650854375
1658919508.871221542 7.78415159647 -1.63295552349 0.0867311787972 0.995462320388 -0.0063831285068 -0.004264957616 -0.0948463731209
1658919508.972115993 7.81577498155 -1.63064986585 0.0874905737854 0.996445585374 -0.00873842271594 -0.0035352673709 -0.0837098395785
1658919509.074037790 7.84229691425 -1.63502914499 0.0887294089021 0.99727015343 -0.00437430464626 -0.0064039320327 -0.0734308939761
1658919509.173803091 7.8780381234 -1.63865362036 0.0859906952803 0.997899935754 -0.00758839635873 -0.00399466756015 -0.0642041828334
1658919509.274651051 7.91956426896 -1.64268563636 0.0754603791247 0.998266375708 -0.0111190079874 0.000435649919241 -0.0577963753369
1658919509.375525951 7.95310644488 -1.65087598687 0.0819882971122 0.998632140913 -0.00806618557593 0.000686630411226 -0.051655709497
1658919509.476369858 7.98830489862 -1.6523069493 0.0827257415505 0.998917959904 -0.00759836785485 0.00204644749936 -0.0458365164365
1658919509.577241421 8.024657094 -1.65507749395 0.0788447819704 0.999158566363 -0.00799288415375 0.00261923406651 -0.0401424049892
1658919509.678073883 8.06157140477 -1.65619238958 0.0796102646007 0.999422827521 -0.00524211274338 -0.00208291902708 -0.0334991571924
1658919509.778970718 8.10125229337 -1.66037231991 0.0743203496156 0.999539275547 -0.00824616391678 -0.00181828394408 -0.0291535806229
1658919509.879792929 8.13649464948 -1.66010787657 0.0816720296391 0.999595789283 -0.0082215768275 -0.000545726540074 -0.0272096656607
1658919509.980662584 8.17300095595 -1.65741958259 0.0866182687988 0.999663908674 -0.00856661814181 0.000165071283335 -0.0244674375528
1658919510.081511497 8.21256635794 -1.65848116809 0.0915877087538 0.999752874061 -0.00653978443181 -0.000521218588773 -0.0212403003307
1658919510.182330608 8.24765096716 -1.65289998598 0.0921317987775 0.999828569448 -0.0068828252741 0.00137300444868 -0.0171339805658
1658919510.283224583 8.28174698412 -1.65194718192 0.0898361066378 0.999906229913 -0.00551484420538 -0.00419409429303 -0.0118121736855
1658919510.384083986 8.31823041168 -1.64310620478 0.0916099513957 0.999947148862 -0.00821699133133 -0.00398666293304 -0.00472091675274
1658919510.484973431 8.35371225325 -1.63720572729 0.0886336572134 0.999942187133 -0.00896416244134 -0.00463916546096 0.00370733418925
1658919510.585801125 8.38921676803 -1.63431551861 0.0868022675084 0.999890851696 -0.0069280799326 -0.00650696449922 0.0113113136279
1658919510.686664581 8.42179053879 -1.63561886686 0.0850480580233 0.999835246125 -0.00636882412478 -0.00648184093591 0.0157131926676
1658919510.787527561 8.45732488608 -1.63544552836 0.0819099970987 0.999757537954 -0.0065846307396 -0.00465643177245 0.0204896458157
1658919510.888385057 8.49269076076 -1.64026988589 0.0734391027737 0.99968980017 -0.00629845591459 -0.00653709039494 0.0231926570006
1658919510.989248514 8.53083262109 -1.64431411425 0.074625862471 0.999687230895 -0.00436618960689 -0.00412951248373 0.0242759943155
1658919511.090070963 8.56656857583 -1.64852866357 0.0786121936914 0.999692825353 -0.0045958526545 -0.00365065830375 0.0240791563571
1658919511.190974712 8.60625007875 -1.64494164564 0.0762518803169 0.999671535483 -0.00377690050886 -0.00442289710854 0.0249598507316
1658919511.291828632 8.65090526515 -1.63998017984 0.0787226488559 0.999671970515 -0.0027249076164 -0.00134890957613 0.0254304283733
1658919511.392655373 8.69447936288 -1.63350927051 0.0815951048541 0.999660066633 -0.00544585016602 0.000938932009287 0.0254796448367
1658919511.493423462 8.73559997276 -1.63073730216 0.0818179444273 0.999707753708 -0.00615131681121 0.00152369057873 0.0233290986857
1658919511.594253778 8.77024285804 -1.62576368104 0.083747457021 0.999746815934 -0.00315037389688 0.00257460670446 0.0221303089498
1658919511.695204258 8.80402121379 -1.62347850663 0.0827493939 0.999754867684 -0.00456921350673 0.00109593633104 0.0216362139211
1658919511.796107292 8.84220454042 -1.6199474596 0.0844641616551 0.999773826431 -0.00276160686794 0.00214882647896 0.0209774177472
1658919511.896852970 8.87993741918 -1.61626706173 0.0844552637947 0.999773775161 -0.00327386429186 0.00404335160209 0.0206235695552
1658919511.997834921 8.91465204132 -1.61957174664 0.0861992181366 0.999731703771 -0.00547092840916 0.00439016839846 0.0220752313288
1658919512.098639011 8.95905660121 -1.61478422011 0.0875064502114 0.999735847996 -0.0040974570349 0.00764836778374 0.0212825643898
1658919512.199398994 9.00503365314 -1.61525298366 0.0858324089337 0.999670905502 0.00102512589414 0.00852729511962 0.0241726094305
1658919512.300377846 9.04074832802 -1.61536810627 0.0845481594697 0.999557616541 -0.00368847177021 4.47737638651 0.0295121057694
1658919512.401238918 9.09248544356 -1.60758267407 0.081756236915 0.999333804402 -0.00355858532644 0.009958974483 0.0349299681728
1658919512.502013922 9.14619985383 -1.59916057226 0.086732198023 0.999276758354 -0.00256005230233 0.00718248861049 0.0372534321074
1658919512.605171204 9.19576240717 -1.59717059351 0.0792734593415 0.999132794271 5.30277766506 0.00842139048663 0.0407766695824
1658919512.703628778 9.24006538551 -1.58633911378 0.0841462538722 0.99920226815 -0.00134239145428 0.00617090107664 0.0394327945953
1658919512.807192326 9.28181565977 -1.58120349559 0.0814300930387 0.99939994148 -0.00246884703367 0.00555142373131 0.0341004905922
1658919512.905532360 9.31570062959 -1.5797918489 0.0781924471387 0.999517416406 0.000325318596971 0.0034250835119 0.0308722735256
1658919513.006381035 9.35055631816 -1.57911034838 0.0775923472781 0.999559000115 0.000223480926747 0.00163026789853 0.0296495796333
1658919513.107233763 9.39261526647 -1.58247711942 0.0780170951192 0.999507844903 0.00131188699139 0.00184995390401 0.0312877707927
1658919513.208540440 9.43345391561 -1.58325764728 0.0775172550948 0.999330429865 0.00264308190439 -0.000532935803524 0.036488656362
1658919513.308945179 9.47240994733 -1.58225202828 0.0839714326885 0.998885316573 0.00206758240996 -0.00432844967677 0.0469586409717
1658919513.409655333 9.5035357374 -1.58248256635 0.0797100246908 0.99849221403 0.000581077093477 -0.00857313857013 0.054216807034
1658919513.510679960 9.54072772309 -1.57221973352 0.0835427154403 0.997957446512 -0.00057837190549 -0.00883036656842 0.0632663027515
1658919513.611531019 9.56940158737 -1.5706719733 0.0815911399752 0.997471655533 0.000658665180577 -0.00833993687666 0.0705712974315
1658919513.712385654 9.60095981169 -1.55815660032 0.0856415861182 0.997137050389 0.00124658218167 -0.0117099972819 0.0746928693905
1658919513.813227177 9.62723247023 -1.55201952258 0.0825966894835 0.996906782757 0.00213602770054 -0.0145653157318 0.0772020430818
1658919513.914115906 9.65510713619 -1.53603849652 0.0857630315685 0.997000393955 0.000500160841572 -0.00932557801936 0.0768309695899
1658919514.014982939 9.68767341643 -1.5212535202 0.0883520045656 0.997048465239 -0.000406541816678 -0.0108741116836 0.0759996472583
1658919514.115869045 9.71959542376 -1.51384977195 0.0891889932154 0.997344157193 0.000329631807487 -0.00738964913515 0.0724563078065
1658919514.216682434 9.75402478305 -1.50262204832 0.0957837125149 0.997366718078 0.000655099351428 -0.00336892000722 0.0724420519656
1658919514.317478895 9.78588343183 -1.49573467372 0.0956699196342 0.997480889607 -0.000286241110116 -0.00451433621443 0.0707913391876
1658919514.418372869 9.81831166739 -1.49763823115 0.098037984383 0.996978083486 0.00344523167971 -0.00380480633039 0.0775135786532
1658919514.519233227 9.85233427439 -1.49292878248 0.0943160563542 0.996780324078 0.00386870293615 0.000177980305117 0.0800873709893
1658919514.620070696 9.8846366885 -1.48565376809 0.0884080625093 0.996842705395 0.00158751969503 0.000178706990579 0.0793855688784
1658919514.720961094 9.91612002613 -1.47751892213 0.0861437379834 0.9970790005 -0.00186770414589 -0.00323639096814 0.0762856750449
1658919514.821811676 9.95210477522 -1.47384720754 0.0852242158009 0.996985637147 -0.00164166677845 -0.0018652288565 0.0775465355428
1658919514.922650099 9.98812558157 -1.48246117296 0.0950119651267 0.996194647942 0.0041165979063 0.000619103816569 0.0870568420286
1658919515.023521900 10.0198324855 -1.47104844992 0.0880692507478 0.995614820268 -0.00295502839112 -0.000289607919507 0.0935003400924
1658919515.124310017 10.0553773268 -1.45946656797 0.0937824079123 0.996065331642 0.00024307034661 0.00112692451308 0.0886144799644
1658919515.225236177 10.0874793942 -1.45393788701 0.0970767220111 0.99662008872 -0.000519387358132 0.0021790336742 0.0821180906241
1658919515.325995445 10.1177340244 -1.44345960931 0.0975722427788 0.997028896222 0.0016815451301 0.000577868671878 0.0770079123992
1658919515.427046776 10.1489947853 -1.43635312396 0.103235226773 0.997110419758 0.00302047677677 0.00173124409716 0.0758860351038
1658919515.527784824 10.181445732 -1.43211332462 0.106195925305 0.997117500029 0.00225995360413 0.00213614426882 0.0758091065268
1658919515.628549576 10.2107379766 -1.42412126428 0.104254814306 0.997325543688 0.00354668592291 0.00437388722757 0.0728700901415
1658919515.729498148 10.2435416896 -1.41900636927 0.102320060386 0.99720623234 0.00219778444932 0.00418163000038 0.0745480643371
1658919515.830292702 10.2813910494 -1.41316375661 0.0921256418198 0.996877770482 0.00427529522486 0.00201525362757 0.0788185975708
1658919515.931229115 10.3187142165 -1.40848394191 0.0923216841949 0.996609493141 0.00242105184344 0.00197269921421 0.0822177909451
1658919516.032134771 10.3556252856 -1.40167705323 0.0951159380104 0.99649230439 0.00219925707897 -0.00103503761012 0.0836491437939
1658919516.132925272 10.388885964 -1.39580904129 0.0963914881042 0.996718963884 -0.000678191214142 -0.00534614935451 0.0807605459218
1658919516.233730316 10.4226392186 -1.38618641749 0.0961247685144 0.996848377977 0.00133775957521 -0.00524353789813 0.0791456065419
1658919516.334640741 10.4502754788 -1.37680272619 0.0950888366501 0.996957985905 0.00288207989785 -0.00271446534231 0.0778402186106
1658919516.435522795 10.4833413307 -1.36709803414 0.107354020118 0.997093143108 0.00592157972241 0.0011187956036 0.0759535855442
1658919516.536368847 10.5053181546 -1.35801580747 0.109382472209 0.997256691893 0.00546630998861 -0.000149464303804 0.0738186127651
1658919516.637223244 10.5180249448 -1.35263547576 0.112173458416 0.997563477083 0.00422429992202 0.00105393105904 0.0696286845344
1658919516.738088846 10.5248260771 -1.3559898429 0.11296699384 0.997666710655 0.00191519006081 0.00133940126839 0.0682324886172
1658919516.838963270 10.5265896191 -1.35434194311 0.114006945682 0.997623035252 0.00283719410803 0.00144647875879 0.0688341308089
1658919516.939814568 10.5297976049 -1.35321779288 0.112015238677 0.997503363837 0.00348874046113 0.00104237275689 0.0705250401051
1658919517.040691376 10.5374604627 -1.34932088633 0.108548802253 0.997185614329 0.00463757447777 0.0016602758353 0.0748103399475
1658919517.141539574 10.5482832266 -1.34244686641 0.105376298945 0.996400900262 0.00532613785646 0.00192882151019 0.0845763433886
1658919517.242364168 10.5605752942 -1.32813541591 0.096774207523 0.995256798735 0.000304643567133 0.00198061994714 0.0972619602351
1658919517.343214989 10.574434248 -1.31607301736 0.0943676213153 0.993744708035 0.00215577567512 0.00144863102179 0.11164546275
1658919517.444079876 10.599874557 -1.30223405411 0.102062917077 0.992016804296 0.00682062400311 0.000494852212036 0.125920189814
1658919517.544979095 10.621237942 -1.29747071077 0.105929790176 0.990596831992 0.00354401722366 0.00257851775992 0.136743217879
1658919517.645857334 10.644962173 -1.28355186542 0.105269013492 0.989141706996 0.00321355136974 0.00248209280638 0.146908800909
1658919517.746706009 10.6727862863 -1.2945108275 0.0997265094367 0.987665482462 0.00244005422259 0.000987889839507 0.156556587095
1658919517.847541571 10.7037036667 -1.32002313674 0.107328276047 0.989086579322 0.00327766659899 0.00383746176631 0.147249004729
1658919517.948373795 10.7275147588 -1.32371829108 0.101953903426 0.991474127343 0.00115684045182 0.00117797830534 0.130293241947
1658919518.049168110 10.7474710405 -1.30908201114 0.0945031539541 0.992223952728 -0.00316424229296 0.00244418915062 0.124401129988
1658919518.150094748 10.7561271947 -1.2921176109 0.0981932661755 0.991716179581 -0.00447238073132 0.0040646934446 0.128306255633
1658919518.250953436 10.7662896593 -1.2786775437 0.094082951032 0.991136459017 -0.0022234534277 0.00191428079668 0.132815328146
1658919518.351817131 10.7767165811 -1.26915824956 0.0907417218927 0.99070821793 -0.00249174093677 0.00157179613493 0.135972598745
1658919518.452675343 10.797836407 -1.26349494193 0.088048331358 0.990507704457 -0.00114338518184 0.00146999791604 0.13744460407
1658919518.553537369 10.812813438 -1.26587248455 0.0886460481769 0.990843600586 -0.00138347880784 0.00131893395384 0.135001131759
1658919518.654336691 10.8366195895 -1.27487642831 0.0905754417637 0.992225621237 -0.00190475958477 0.000756646801358 0.124435187699
1658919518.755274296 10.8603951547 -1.27383525081 0.091129353902 0.993486254301 -0.00523158023797 0.000655532003389 0.113829975668
1658919518.856183052 10.8830179809 -1.27647182409 0.0859769323015 0.994626232919 -0.00568268996612 0.00151803080489 0.103363723846
1658919518.956964970 10.9144552358 -1.272536723 0.0872897101801 0.995654193676 -0.00262603807211 0.00175209366038 0.0930739528976
1658919519.057829380 10.9420081284 -1.2636088337 0.0918140587023 0.996531398761 -0.00196738458319 0.000754515653122 0.0831909333255
1658919519.158665180 10.9609198777 -1.25052268746 0.0924837988333 0.997031296577 -0.00187852019201 -0.000142662096669 0.0769743103544
1658919519.259503365 10.9741670951 -1.24313282656 0.0899599191643 0.997115777925 -0.0032190332222 -0.000555520515807 0.0758251583225
1658919519.360401154 10.987619102 -1.24915212328 0.0906416108906 0.997686250885 -0.00258746963318 0.00264390870894 0.0678856357544
1658919519.461123943 10.9909687034 -1.26183975004 0.0909301349033 0.998643822972 -0.00422356786534 0.00152884618264 0.0518684773649
1658919519.562102079 10.9917635753 -1.2630026533 0.0947213204929 0.999247409041 -0.00243198500138 0.00140135048302 0.0386876878323
1658919519.662940502 10.9964241058 -1.26628849909 0.0980812307643 0.999750104817 0.00116423922807 0.00305542692259 0.0221141771575
1658919519.763865948 10.995617621 -1.27059716789 0.0975149703688 0.999998175613 -0.00151325803639 -0.000250674892272 -0.00113841217716
1658919519.864634514 10.990736513 -1.27206025134 0.0919305116665 0.999647186678 -0.00265901556068 -0.0030221348963 -0.0262544949313
1658919519.965563297 10.9746843491 -1.26861482811 0.0899767926673 0.998781500694 -0.00438269650643 -0.000851397956361 -0.049148560145
1658919520.066364527 10.9481501737 -1.26308110548 0.0975958701685 0.997869831491 1.65978211494 0.00162273571192 -0.0652163005137
1658919520.167226791 10.9218000805 -1.25892202919 0.106575868607 0.997027714758 0.000929486465221 0.00228343891331 -0.0770042723897
1658919520.268075228 10.8901848482 -1.25543246099 0.0988013190508 0.996139748214 -0.000202221399719 -0.000860378874635 -0.0877771091009
1658919520.368910789 10.85898901 -1.25535446983 0.0947600475181 0.995329783985 0.000885809554447 0.00117769275924 -0.0965217565776
1658919520.469705820 10.8185143699 -1.26015356113 0.0876988958006 0.993921598143 -0.000456930478603 0.000112375611297 -0.110089215324
1658919520.570671797 10.7854199658 -1.26386333235 0.0861392220939 0.991372132878 0.000441882647661 0.0012205944834 -0.131071007634
1658919520.671492815 10.761151688 -1.2641758462 0.0877145090303 0.989997042081 0.000568788554476 0.00201768550154 -0.14107254196
1658919520.772420406 10.7300123885 -1.26527145162 0.0918118488588 0.988152084733 0.00154988068388 0.00372202936299 -0.15342490608
1658919520.873234510 10.7062072068 -1.2591367342 0.0955373473981 0.98643827702 0.0014377437992 0.00294343051237 -0.164099953501
1658919520.974132061 10.6853088726 -1.2601033539 0.099422397361 0.985751919204 0.00701808118829 0.00346444946021 -0.168023504048
1658919521.074973345 10.6691340485 -1.25588995066 0.099107286921 0.984376905552 0.00398301002932 0.00327049486564 -0.175998713943
1658919521.175808430 10.6498399673 -1.25106504456 0.100021797634 0.983342719334 0.00403888809429 0.00342793955718 -0.18168388191
1658919521.276648521 10.6280164778 -1.24527551449 0.0987261792657 0.982267076537 0.00238142296297 0.00338698053418 -0.187441317585
1658919521.377359629 10.6090292245 -1.23784147452 0.0977918641309 0.981791770925 0.00198897453284 0.00250615805934 -0.189933361199
1658919521.478241444 10.5897982587 -1.23035722424 0.0973487148611 0.981785851397 0.00239729731688 0.00250370536958 -0.189959275694
1658919521.579140425 10.5698200144 -1.22075141092 0.099147427626 0.981495002683 0.00086435311266 0.00252166939099 -0.191469198006
1658919521.679965019 10.5458900725 -1.21395430153 0.0985791334327 0.981345338131 0.00246469395384 0.00125270576843 -0.192233408492
1658919521.780990601 10.5222735778 -1.20738761805 0.0956563235362 0.980674422393 0.00218664552796 0.000285427452461 -0.195634389557
1658919521.881816626 10.4971702865 -1.19912680546 0.0937977398901 0.980350893869 0.00197955672073 0.000944382420489 -0.197249371068
1658919521.982670784 10.4700549258 -1.18944460186 0.0922352962554 0.980376878147 0.00155083302683 0.000270017180502 -0.197126098734
1658919522.083557844 10.4466034319 -1.17981269224 0.0935077268656 0.980860146407 2.92945734844 -0.00124309529427 -0.194709596697
1658919522.184367180 10.4227917973 -1.16859972448 0.097497596808 0.981180380189 0.000299944033917 0.000387077886169 -0.193092780123
1658919522.285229206 10.3996401196 -1.1609540803 0.0984896902783 0.981066608977 0.00133620899878 -9.64611782025 -0.193666009414
1658919522.386150837 10.3727781093 -1.1516616533 0.097897358581 0.980836511084 0.00076249549702 -0.00322959743357 -0.194804329585
1658919522.486989975 10.3464532859 -1.14373691194 0.0910532069025 0.980830570723 -0.00165836367094 -0.00291894498362 -0.194833572892
1658919522.587825775 10.3234051339 -1.13013472778 0.0919534500895 0.980831896259 -0.000150796376309 -0.00258205260627 -0.194838655161
1658919522.688656807 10.2993101888 -1.1194168989 0.0929216936184 0.980515070165 0.00127661358037 -0.00227474234537 -0.196426558755
1658919522.789529324 10.275093294 -1.10673195923 0.0920509869039 0.980665476559 -0.000697156363751 -0.0018308168666 -0.195681846803
1658919522.890368223 10.2560047639 -1.09826093722 0.0931560151286 0.981016622345 -0.000808593084404 -0.0013458756156 -0.193917305775
1658919522.991237402 10.2324716003 -1.09150470564 0.0918389239169 0.98098988227 -0.000238625232807 -0.000959501996966 -0.194056366289
1658919523.092140436 10.2040025653 -1.08407981556 0.0916320193754 0.980186734884 -0.00247846310852 -0.0015795291953 -0.198053848905
1658919523.192848682 10.1822357635 -1.07299946201 0.09231010132 0.979093995861 -0.000696288038486 -0.00156003112115 -0.203401152296
1658919523.293797255 10.1673451721 -1.06645249821 0.0915766758175 0.978503177373 -0.00282429432734 -0.00116250697662 -0.206209126398
1658919523.394622564 10.1483188499 -1.06226923364 0.0927274775834 0.977139245982 -0.00199944457741 -0.00217661325067 -0.212579769821
1658919523.495533943 10.1220533384 -1.0599872784 0.0934011925286 0.97376302744 -0.00165099594437 -0.00154540611852 -0.227553185701
1658919523.596407413 10.0948258054 -1.05153803315 0.0937064149487 0.96994481264 -0.00224508220111 -0.00142012991102 -0.243310507932
1658919523.697264194 10.0718969857 -1.04433334481 0.0917468429292 0.966286225344 -0.00217048418787 -0.00176421871746 -0.257455058683
1658919523.797986031 10.0496475122 -1.034886428 0.0867760394159 0.962740828603 -0.00316487634969 -0.00241787761421 -0.270396439262
1658919523.899078369 10.0300672744 -1.02435631537 0.0877869407081 0.959607932088 -0.00379601406948 -0.0027593572141 -0.281301604862
1658919523.999821186 10.0138572032 -1.01327450052 0.0856564538254 0.957400263933 -0.00596762423811 -0.00488780191133 -0.288661101421
1658919524.100673676 9.99514160557 -0.99889420732 0.0789760749181 0.955656132373 -0.0064355843214 -0.00560735568091 -0.294361168422
1658919524.201521397 9.97706191679 -0.982444286016 0.0790805920104 0.952746564973 -0.00603156475974 -0.00633085759524 -0.303640450864
1658919524.302462816 9.96170637074 -0.978682363257 0.0826085401002 0.950346257094 -0.00451411618241 -0.00818862793834 -0.311053951518
1658919524.403258801 9.95532822947 -0.980395744225 0.081941950678 0.949147992736 -0.00396367852783 -0.00783758692664 -0.314707720542
1658919524.504146814 9.96742736773 -0.982704105531 0.0814273442189 0.94978946701 -0.00473405194073 -0.00726936463272 -0.312769425371
1658919524.604958773 9.98699458974 -0.991137064693 0.0807630079434 0.951805652724 -0.0045149567719 -0.00572359697464 -0.306615157886
1658919524.705666065 10.0094939435 -1.00343163883 0.0849233395945 0.955580757186 -0.00496716389391 -0.00420025719816 -0.294657600646
1658919524.806670666 10.0295956508 -1.0177198454 0.0841897121933 0.958103061998 -0.00433892250099 -0.00302149503641 -0.286374871294
1658919524.907683849 10.0426573555 -1.03340054759 0.0835355887671 0.958364206179 -0.00418764556358 -0.00321672618405 -0.285499850458
1658919525.008430243 10.0605732158 -1.04560783066 0.0828378222251 0.957628614685 -0.00335285763539 -0.00353326147641 -0.287964773444
1658919525.109260559 10.0721219772 -1.06005345578 0.0824130755639 0.954214528773 -0.00183384343164 -0.00330747115812 -0.299099198814
1658919525.210169792 10.0874354207 -1.08231853624 0.0850738767515 0.949703237021 -0.00211331029241 -0.00157061820089 -0.313140269958
1658919525.310924292 10.1061875403 -1.10118254505 0.0872930137082 0.943688187766 -0.00275422161329 -0.000943447004723 -0.330823409754
1658919525.411852360 10.1289377894 -1.11960600347 0.0868205977554 0.938023964401 -0.00338172918064 -0.00211777800569 -0.346547429848
1658919525.512674570 10.151528871 -1.13868452485 0.0819180908847 0.931803774231 -0.00396548506019 0.00074265415437 -0.362940008435
1658919525.613515139 10.173444665 -1.16321179716 0.0890859150533 0.925886500551 -3.49814194519 0.00229633324306 -0.377794803733
1658919525.714393854 10.1981009226 -1.18502305183 0.0872879904601 0.918119481267 -0.00161911417415 0.000956798713362 -0.396299231797
1658919525.815361500 10.2178698602 -1.211264476 0.0820344546904 0.910804250017 0.000252255073245 0.000288297552072 -0.412838311452
1658919525.916127682 10.2319010575 -1.23857841935 0.0829801290195 0.902566584053 -0.000130137283743 0.00154514666535 -0.430547508339
1658919526.016993523 10.2495059338 -1.2671086876 0.0867385333142 0.894252711334 0.00305675797217 0.00254957926756 -0.447544683967
1658919526.117821217 10.2567831787 -1.29721698888 0.0901983663266 0.883477454715 0.00286865550163 0.00195093425821 -0.4684608326
1658919526.218665361 10.2636083955 -1.32725675369 0.0972849813611 0.871935194167 0.00367361917256 0.00190096027201 -0.489603827646
1658919526.319537640 10.2832593121 -1.37214477358 0.103340789541 0.857560504501 0.0114156071793 0.00661697307608 -0.514213847247
1658919526.420375109 10.2910454586 -1.4086417369 0.110419909427 0.84436016454 0.0113720352021 0.00668462669057 -0.535613578169
1658919526.521253347 10.2945914154 -1.43296275535 0.113654127513 0.830944085164 0.0119298313818 0.00620685416751 -0.556193384908
1658919526.622124195 10.2939306468 -1.45020943053 0.111400059571 0.818682841491 0.00883739983859 0.00459589193865 -0.574159545065
1658919526.722901344 10.2934395698 -1.47760578982 0.102490951381 0.806008189076 0.0068669037227 0.00360773922461 -0.591853553672
1658919526.823860407 10.2942242223 -1.50838181361 0.106090726593 0.787709021015 0.00873567055538 0.00592820205594 -0.615957013672
1658919526.924666643 10.2909078983 -1.52991214115 0.09830156925 0.769358830594 0.00753354426481 0.00398659003048 -0.638760003912
1658919527.025491953 10.2893753974 -1.5439485651 0.0978789684452 0.752385989081 0.00707439510651 0.00421200296051 -0.658671037316
1658919527.126210213 10.2795325909 -1.54753467271 0.0951508228408 0.736795372868 0.00659088045483 0.00312755868716 -0.676076443305
1658919527.227219105 10.2676119343 -1.54480877892 0.0894289068701 0.719806553471 0.00336047979486 0.000820609232463 -0.694166089171
1658919527.328079224 10.2676139404 -1.54704369827 0.0915283644798 0.703534004046 0.00661131224929 0.00280848038334 -0.710625293765
1658919527.428956747 10.2535384447 -1.54808725709 0.0873477022197 0.684455770287 0.00434553713321 0.000596946007641 -0.729041191211
1658919527.529810905 10.2508213799 -1.54495892024 0.08485062082 0.663973849767 0.00352753546012 0.000242226696802 -0.747747433727
1658919527.630696774 10.2458393276 -1.54876718419 0.0883894430007 0.645436325118 0.00606619919976 0.00117515346015 -0.76378908768
1658919527.731505632 10.2374480367 -1.54284134699 0.0874680561245 0.63345490331 0.00107344523026 -0.00279927953208 -0.773773802362
1658919527.832343578 10.2264600898 -1.55706752346 0.0894333527458 0.625912758416 0.00675027639809 0.00412101511401 -0.779852979641
1658919527.933245659 10.2104376891 -1.57828388077 0.0917280093531 0.603584173437 0.00695190473596 0.00478686588781 -0.797254603318
1658919528.034102917 10.1953669229 -1.58041485622 0.0938156143767 0.582160145109 0.00563911624156 0.00478530474992 -0.8130405074
1658919528.134990931 10.1868499434 -1.57054775408 0.0949317037252 0.562297224165 0.00578436653179 0.00470581850416 -0.826901583063
1658919528.235802650 10.1793335548 -1.56110487469 0.0939482574354 0.545751058009 0.00344289509013 0.00304901541531 -0.837934742483
1658919528.336709976 10.1720861755 -1.55471127987 0.0984211134775 0.531477973391 0.00754582717383 0.00747652589726 -0.847005505208
1658919528.437542439 10.1685160966 -1.54121765735 0.0980429002422 0.512033042376 0.00920488007754 0.0097146653939 -0.858861489982
1658919528.538399220 10.166602452 -1.53630100613 0.0973091428147 0.49079172443 0.00789541312853 0.00785397093331 -0.871205751142
1658919528.639271736 10.1693758697 -1.52861442384 0.0978450890151 0.469666755439 0.00667183335527 0.00768116440227 -0.882785152338
1658919528.740179777 10.1760229302 -1.51217195901 0.0931203279093 0.447841007734 0.00622910041802 0.00571960248055 -0.894073216379
1658919528.840944290 10.1853695126 -1.48992252771 0.0893205590913 0.426761955869 0.00466466673636 0.00496913810309 -0.90433831146
1658919528.941819191 10.1972931575 -1.46902011524 0.0881615352885 0.412442749472 0.00397730373012 0.00403434864352 -0.910965906878
1658919529.042663336 10.2171220423 -1.44238309238 0.0857101327578 0.396786116341 0.00398227662387 0.00418878125681 -0.917892898689
1658919529.143516064 10.2311072641 -1.42069710982 0.088877225748 0.381123713505 0.00516756185938 0.00490428541992 -0.924496597773
1658919529.244373322 10.2442095593 -1.39970135323 0.0881096620652 0.363895427477 0.00486443878023 0.00355778212038 -0.931420311826
1658919529.345314264 10.2568169512 -1.36890264427 0.0929773958681 0.349319068996 0.00277157610723 0.00427436672747 -0.936989987241
1658919529.446066856 10.2755940339 -1.35075125057 0.0946819059368 0.33944590862 0.00263080406754 0.00612820815763 -0.940601934431
1658919529.546932220 10.2936236314 -1.33026475663 0.0952707441805 0.325233571395 0.00193630159172 0.00549671176662 -0.945615757553
1658919529.647815228 10.3061812417 -1.30677738211 0.092674934912 0.312163152048 0.00179565401191 0.00493133364884 -0.95001401257
1658919529.748641491 10.3235912411 -1.28992839243 0.0948230894882 0.296409192115 0.00371359754005 0.00889861705066 -0.955012363605
1658919529.849513531 10.3419348792 -1.2695970226 0.0966647844019 0.279627727364 0.00359782494187 0.00941686681055 -0.960055577747
1658919529.950358391 10.3575350028 -1.25534951219 0.0917163477516 0.26369921746 0.00437595261811 0.00911157287866 -0.964551996001
1658919530.051280975 10.3729226554 -1.24642679074 0.0914977561449 0.253915651503 0.00374222261125 0.00595315465533 -0.967200805232
1658919530.152088404 10.3878222356 -1.23331069748 0.0890030888427 0.243838405183 0.00107883841049 0.003354481623 -0.969809473927
1658919530.252995968 10.3998852514 -1.22646414125 0.0896735263782 0.237727637845 0.000512545482111 0.00276863926797 -0.971327772762
1658919530.353574991 10.4148521818 -1.22237437323 0.0949449090088 0.240683106975 0.00175754425364 0.00549528095152 -0.970586603525
1658919530.454654694 10.431033954 -1.21266174516 0.0953223769542 0.24367799906 0.00210288751723 0.00598627796393 -0.969835437131
1658919530.555441618 10.4508590625 -1.20180113663 0.0970998657986 0.244963805942 0.00252107359044 0.0054723901765 -0.969513502181
1658919530.656500340 10.4736875622 -1.18895354273 0.10328965417 0.245358825137 0.000411734280659 0.0052818424503 -0.969417856006
1658919530.757296085 10.4974354943 -1.1800554919 0.109868069615 0.24916304975 0.000936796291776 0.00761378450427 -0.968431168095
1658919530.858080387 10.5169103712 -1.16517242932 0.109732012062 0.249718775275 0.00104797811606 0.00619421629887 -0.968298025765
1658919530.958981514 10.5359481537 -1.14850178323 0.107954420801 0.24676757149 0.000338821432182 0.0047105386193 -0.969063187665
1658919531.059777021 10.5534185625 -1.13505640518 0.107605854295 0.245213317319 0.000239864001314 0.00443237744493 -0.969458985984
1658919531.160633564 10.5671138695 -1.12066257219 0.105576673438 0.244666942509 0.000284060877101 0.00521694347945 -0.969593105407
1658919531.261491776 10.5818791717 -1.11349188891 0.103526632253 0.244352249031 0.000625002016679 0.00461788027209 -0.96967533894
1658919531.362353325 10.5971711034 -1.10508623322 0.103395119557 0.245237364927 0.00107998016476 0.00490920805094 -0.969450033866
1658919531.463227987 10.6120555918 -1.09404282882 0.105246047976 0.245854112898 0.00324477005743 0.00500631842004 -0.969288483071
1658919531.564083576 10.6284038619 -1.08695889357 0.105782627228 0.246693095555 0.00196171769073 0.00693062670833 -0.969066888652
1658919531.664964676 10.6452129012 -1.07912710627 0.104335994982 0.246348866022 0.00118481193239 0.00423215357361 -0.969171254891
1658919531.765792847 10.6573434674 -1.07284378225 0.103066461594 0.248190551818 0.00136533719395 0.00434224272352 -0.9687005372
1658919531.866634369 10.6676240108 -1.05889874861 0.099855655606 0.245895201097 0.00457132205865 0.00257293319365 -0.969282225725
1658919531.967534065 10.6855174821 -1.0540527313 0.108818419736 0.241798643485 0.00309309454386 0.00389839722216 -0.970313687049
1658919532.068256617 10.7090157826 -1.04362121399 0.105368061758 0.244257768739 0.00141663582591 0.00507428437002 -0.969696028244
1658919532.169277191 10.7291520043 -1.0334584852 0.105340452438 0.24618362493 0.00128105845526 0.00619133506291 -0.969202584126
1658919532.270088673 10.7454553145 -1.02473155746 0.101816948159 0.246967053362 0.00179735117831 0.0034390556288 -0.969016107698
1658919532.370968580 10.7589031838 -1.02014219241 0.0985675605368 0.246191095752 0.00360544910641 0.00437766387019 -0.96920471582
1658919532.471817970 10.7685902942 -1.01697024265 0.0981842034985 0.247442845209 0.00189238585614 0.00264820575724 -0.968897024578
1658919532.572737694 10.7712776946 -1.01398837356 0.0980852081727 0.251229898626 0.00200563012637 0.00219961737987 -0.967922867365
1658919532.673563004 10.7716552908 -1.01325829448 0.0990869700082 0.252378886693 0.00255850247354 0.00309497272701 -0.96762015934
1658919532.774371147 10.7751851835 -1.010803337 0.0967103553557 0.251316073226 0.00197840259434 0.00250254240004 -0.967899816377
1658919532.875233650 10.7765141144 -1.00724283709 0.0938326943472 0.250534091445 0.0014994821892 0.00161943882203 -0.968105261836
1658919532.976077557 10.7777346157 -1.00489047213 0.0922624927386 0.249846691509 0.00214080519529 0.00277433583004 -0.968279066569
1658919533.076943398 10.7823944209 -1.00043884043 0.0935317581897 0.249532699647 0.00202885903668 0.0037970180734 -0.968356803142
1658919533.177787781 10.7886280137 -0.993082376015 0.0955176948962 0.249756525202 0.00170310689962 0.00315531292097 -0.968302030126
1658919533.278678894 10.7905365977 -0.996190325371 0.0987221558344 0.251953483595 0.0025581339865 0.00349641354035 -0.96772964879
1658919533.379559278 10.7930322091 -0.992733652888 0.097423028627 0.252916556425 0.00242385767624 0.00457133970952 -0.967474259737
1658919533.480270147 10.8016721452 -0.990793975263 0.0998254234077 0.253050526715 0.00372385811409 0.00522500606581 -0.967431787322
1658919533.581109285 10.8060449017 -0.989084142633 0.101509923138 0.252266346688 0.00395962806055 0.00628688771885 -0.967629312659
1658919533.682103872 10.8064626079 -0.98949489141 0.105086229993 0.253727101176 0.00409459390921 0.00548476964685 -0.967251626895
1658919533.782995701 10.8022276333 -0.989791198363 0.105155912736 0.251746449892 0.00383102497645 0.00627175460393 -0.967765319335
1658919533.883801699 10.801996597 -0.990301184957 0.103677959944 0.251748611166 0.00351327569193 0.00618005810821 -0.967766552714
1658919533.984680653 10.8036874169 -0.986367660473 0.109018319933 0.250820581213 0.00404927563824 0.00683313327917 -0.968001006041
1658919534.085521460 10.8024991295 -0.989714725431 0.108851381523 0.250946893138 0.00411987599353 0.00575835810789 -0.967974960812
1658919534.186367035 10.8030379702 -0.988161642829 0.103852066574 0.251694581216 0.00350265456391 0.00635428076919 -0.967779516374
1658919534.287224293 10.8022787583 -0.987326314674 0.105246201636 0.251330632928 0.00362662487843 0.00612977438442 -0.967875088227
1658919534.388109207 10.8038667713 -0.986206541898 0.107698402264 0.25146277882 0.00411163022809 0.00584393372268 -0.967840593178
1658919534.488958597 10.8056015886 -0.987918561014 0.109651884438 0.251593173569 0.00338317875089 0.00674453471408 -0.967803668296
1658919534.589845419 10.8044034185 -0.988407332014 0.11241100662 0.252366332823 0.0043345207544 0.00704428852834 -0.967596415861
1658919534.690630913 10.8096602133 -0.989230260455 0.112887193138 0.252438618285 0.00329028054245 0.00641810642438 -0.967586030264
1658919534.791511059 10.8136059472 -0.990894334534 0.112700731996 0.252441559041 0.00410748931655 0.00613252481672 -0.967583991155
1658919534.894464254 10.8106327977 -0.989831563636 0.112095440461 0.252678731801 0.00323263740156 0.00637471188147 -0.967523835158
1658919534.993127823 10.8103337358 -0.991162020076 0.112125501423 0.252550842924 0.00339558614092 0.00607518394067 -0.967558594543
1658919535.094077110 10.808130011 -0.989260299655 0.108989738362 0.251573614415 0.00368111675807 0.0058276739227 -0.967813620552
1658919535.195053577 10.8075168832 -0.988066216122 0.109599506855 0.251827749831 0.00286538441635 0.00688284521293 -0.967743354629
1658919535.295771599 10.8097070531 -0.985628651288 0.108032100217 0.252671859689 0.00313381878916 0.00605357558882 -0.967528017539
1658919535.396661282 10.806672968 -0.985613497537 0.106654691336 0.252318605013 0.00341081051127 0.00516184922365 -0.967624432953
1658919535.497612715 10.8042061978 -0.989068752232 0.105648071021 0.252424316368 0.0032859704786 0.0056184649867 -0.967594749756
1658919535.598370314 10.7982426594 -0.991543472536 0.103205131062 0.252892611434 0.00290200399602 0.00559959639724 -0.967473798082
1658919535.699243069 10.7895375657 -0.997450777446 0.102925482707 0.253738930346 0.00212790034164 0.00506465241075 -0.967257140869
1658919535.800113201 10.7750385692 -1.00901838092 0.10233840334 0.253451017199 0.0014586951175 0.00396187451895 -0.967339008642
1658919535.900960445 10.7580865292 -1.01916417622 0.103026560954 0.252216281587 0.00202724566592 0.0059843374571 -0.967650259796
1658919536.001803160 10.7474416402 -1.02633431512 0.104523462512 0.252996140156 0.00149108545658 0.00650372495919 -0.967444278133
1658919536.102647305 10.7369981247 -1.03512285178 0.102147848915 0.248681064853 0.000837965221353 0.0050510830563 -0.968571893231
1658919536.203319550 10.7232561613 -1.04237240966 0.100781289161 0.24673820979 0.00114578896618 0.00459578715762 -0.96907059688
1658919536.304373264 10.7087952799 -1.04840373963 0.099881640253 0.249566131223 0.00138977809884 0.00477222657061 -0.96834500077
1658919536.405193090 10.6916523111 -1.057960243 0.104446776987 0.252879409587 0.00256352784564 0.0063184491091 -0.967473777284
1658919536.506127834 10.6754182427 -1.0694691994 0.106055011726 0.252395514737 0.00207652794281 0.00587811394118 -0.967604071896
1658919536.606935024 10.6571455629 -1.0762227237 0.106391632602 0.253452445947 0.00106658438228 0.00635929978982 -0.967326356173
1658919536.707830667 10.6334768206 -1.08764220169 0.097379104447 0.256800338389 0.00497847270063 0.00383589915454 -0.966444042296
1658919536.808507442 10.6052987488 -1.10334249833 0.0995737777205 0.258799641781 -0.00041953454884 0.00303927330003 -0.965926152572
1658919536.909550190 10.5817317567 -1.12135902752 0.104625568133 0.256357892348 0.000278600176438 0.00416966891128 -0.966572898065
1658919537.010232925 10.5590007915 -1.13972405377 0.1037562327 0.253688948002 0.00119642803689 0.00434519749178 -0.967275351428
1658919537.111231327 10.5345430613 -1.15560762037 0.100746941597 0.252695010883 0.00154171467469 0.00513072311694 -0.967531152093
1658919537.212072849 10.5073492825 -1.17189967856 0.0981177282645 0.251321605109 -0.000487043874325 0.004091678108 -0.96789486607
1658919537.312963486 10.4829954867 -1.18782848091 0.0979572688148 0.249137332482 0.00130711779624 0.00703076329709 -0.968441763543
1658919537.413707972 10.4627836877 -1.20219891361 0.0956772904913 0.248981158234 -0.000126010571303 0.00555222215021 -0.968492405647
1658919537.514679432 10.4421478115 -1.21452414355 0.0950434254638 0.2498124587 0.000226849281274 0.00588372029207 -0.968276337547
1658919537.615542412 10.4197460252 -1.22749765534 0.0886226163704 0.253163884034 0.00434990543529 0.00443935403868 -0.967403441321
1658919537.716403008 10.3964530294 -1.24198008375 0.0917813121586 0.255834640723 0.00295365482019 0.00666333356281 -0.966693080825
1658919537.817269325 10.3731290132 -1.25752714319 0.0936657866165 0.257066969832 0.00257886884188 0.00657939691931 -0.966367752976
1658919537.918087006 10.3430941459 -1.27641387992 0.0891975632066 0.255284862978 0.0053190011798 0.0062079024474 -0.966831323917
1658919538.019055367 10.3185565714 -1.29122868641 0.0909066779861 0.25283736047 0.00547947335811 0.00780595277273 -0.967461788198
1658919538.119826555 10.2903922223 -1.30777792274 0.0924677982948 0.2527911983 0.00497375016542 0.00627125430976 -0.967487748367
1658919538.220676899 10.2598400982 -1.3272172347 0.095593962681 0.257377718484 0.00432631447267 0.00558487951326 -0.966285052224
1658919538.321539879 10.232308403 -1.34417498076 0.0911093564371 0.25724308426 0.00600592543372 0.00359662708111 -0.966321369283
1658919538.422391415 10.2044555388 -1.36244315332 0.0902318544969 0.256652341662 0.00512048274359 0.00538555885389 -0.966475220547
1658919538.523141861 10.1749802378 -1.37709060969 0.0889306152592 0.252650763685 0.00394615932125 0.00415131961999 -0.967540586219
1658919538.624014854 10.1538028547 -1.39089711909 0.0871319980859 0.250399226723 0.00450945347877 0.00530360393108 -0.968117639479
1658919538.724967480 10.1317739249 -1.40646655878 0.0862662855074 0.249248810231 0.00441767535969 0.00512183583783 -0.96841586188
1658919538.826732874 10.1104594797 -1.42167528432 0.0881627038144 0.250673079358 0.00268119223101 0.00544749273507 -0.96805275854
1658919538.926608086 10.0881034498 -1.43036791838 0.0922131867325 0.250246146379 0.00170759869926 0.00445213546876 -0.968170506067
1658919539.028475761 10.0685409621 -1.44468480839 0.0868578010097 0.252142988591 0.00376766655202 0.00304628903474 -0.967677858647
1658919539.128181934 10.0478878129 -1.45750267996 0.08011541821 0.253176861881 0.003447585078 0.00373086711925 -0.967406673223
1658919539.229231596 10.0262036807 -1.467546429 0.0798639944236 0.253274884419 0.00242057995245 0.00402712980239 -0.967382941725
1658919539.330097198 10.0073758103 -1.47825549612 0.0815927136036 0.253178554567 0.0027943753276 0.00348080432603 -0.967409269635
1658919539.430953026 9.98721966631 -1.48642112583 0.0838034023856 0.251860072192 0.00176898658644 0.00283036551794 -0.967757905549
1658919539.531795263 9.96494890714 -1.49485001889 0.0814594498301 0.253269793457 0.00264747866175 0.00152917123632 -0.967390853902
1658919539.632680416 9.94026344472 -1.50192367076 0.0762669748245 0.254578208769 0.00376887250841 0.00201235521344 -0.967042750682
1658919539.733535767 9.91518427743 -1.51608209916 0.0765943227427 0.256108520379 0.00374586246655 -0.000101597466597 -0.966640772977
1658919539.834385395 9.89116581228 -1.53028641492 0.0810988296578 0.257499527175 0.00432200342222 0.00428068481316 -0.966259276555
1658919539.935223579 9.86442552019 -1.54557803802 0.0777873538323 0.257353127667 0.00341881553847 0.00134511670146 -0.966310441857
1658919540.036027431 9.8393367001 -1.56537872394 0.0767576086909 0.258263749886 0.00332788392196 0.000824623998696 -0.966068362322
1658919540.136949778 9.80662526684 -1.58431920105 0.0835605083073 0.257320267199 0.00486239084648 0.00498271603129 -0.966301096856
1658919540.237846375 9.773959067 -1.60211630179 0.0876674049004 0.258448375383 0.00591223947282 0.00244998741457 -0.966003871756
1658919540.338645935 9.743390766 -1.62327049227 0.0926751397339 0.257979435062 0.00640890652304 0.00500277029022 -0.966116198649
1658919540.439518690 9.71359920762 -1.64257254343 0.0924133302738 0.255276527968 0.00936210660102 0.00452528856426 -0.966812167379
1658919540.540359497 9.68749063316 -1.65156181095 0.0850257038987 0.255900210871 0.00722619573718 0.00126880097792 -0.966675361388
1658919540.641240835 9.65295927492 -1.67202258505 0.0862016541811 0.258130459451 0.00880203267792 0.00218762787329 -0.966067494748
1658919540.742124319 9.61946908248 -1.69208338952 0.0867537002192 0.257261471285 0.0106876122495 0.00558562257317 -0.966266583898
1658919540.842816353 9.59058222268 -1.70765082502 0.085439961502 0.255274478239 0.0127140163596 0.00144485827207 -0.966783950494
1658919540.943694592 9.56355334959 -1.71503432263 0.0796663224263 0.249518566006 0.0134154813474 -0.000918561718624 -0.968276647618
1658919541.044722557 9.52746713613 -1.71844707975 0.0741876419172 0.239583616599 0.0127199028503 -0.00121548218023 -0.970791644655
1658919541.145548344 9.49717295559 -1.72839934397 0.0790320791738 0.22828881276 0.0133298501308 0.00275206521103 -0.973498309809
1658919541.246403456 9.46892136682 -1.74584765968 0.080967014214 0.219047508526 0.0135879167287 0.00154336670588 -0.975618355479
1658919541.347239494 9.43602776332 -1.76634187107 0.0761259710625 0.215067770704 0.0112931617282 -0.000200790837888 -0.97653380801
1658919541.448083639 9.40879412755 -1.78318811264 0.0784207620664 0.212013743012 0.0111294630133 -0.000134636300612 -0.977203300087
1658919541.548975945 9.38165572134 -1.80760276874 0.077696224734 0.210465609411 0.00911442316799 -0.00125108867314 -0.977557972359
1658919541.649818420 9.35243329056 -1.83092612906 0.075349481059 0.213476479239 0.00958461608377 -0.00037580837786 -0.976901114092
1658919541.750640869 9.32355683941 -1.86235770696 0.0706621309035 0.219972211182 0.01135430089 0.00121602250809 -0.975439299725
1658919541.851472378 9.29438932153 -1.89765323199 0.0771838136316 0.234372783067 0.0111560533506 0.000500622421944 -0.97208265616
1658919541.952358246 9.26449508065 -1.93448460341 0.0812388193668 0.252655603911 0.00957917740988 -0.00159968992766 -0.967507532872
1658919542.053153992 9.23275278666 -1.95783686474 0.0819925341364 0.269220583402 0.00962592951124 -0.00170725171863 -0.963028921811
1658919542.154104948 9.19806268911 -1.97535947361 0.0845288330746 0.280625650456 0.00590283095323 -0.00588050287477 -0.959781131602
1658919542.254850388 9.16356367911 -1.97694906079 0.0853596812413 0.280377754312 0.004362596095 -0.00322019407497 -0.959874425637
1658919542.355812073 9.12936038727 -1.97430497339 0.0792092444459 0.272842807879 0.00259172095036 -0.00397467575785 -0.962046925635
1658919542.456706524 9.09784725709 -1.9835706248 0.0816759410984 0.265775776885 0.00320672720002 0.000425351335147 -0.964029445815
1658919542.557403564 9.06310415673 -2.0001488001 0.0687991583723 0.261495196664 -0.000912957392167 -0.0044411111816 -0.965194128226
1658919542.658390522 9.03552749216 -2.01236762081 0.0706196750154 0.258366117554 0.000895435315254 -0.00321689209954 -0.966041302999
1658919542.759241819 9.00300515696 -2.02456192981 0.0715132146604 0.252418051424 0.000729711800867 -0.000863888653491 -0.967617614832
1658919542.860081196 8.97108030999 -2.04333556609 0.0674945398859 0.247343106041 -0.000918504696679 -0.00173652646822 -0.968925966583
1658919542.960959673 8.94531495753 -2.0595640052 0.0739600598949 0.243656636538 0.000492818165332 -7.53264044936 -0.969861430786
1658919543.061789989 8.91298917607 -2.07381512574 0.0741106995803 0.235810315457 0.000147426503506 0.000377802231658 -0.971799017624
1658919543.162659168 8.88686872303 -2.08224829454 0.0724954593729 0.229887553735 -0.000707533499043 -0.000763320216034 -0.973216640515
1658919543.263394833 8.859095437 -2.09763931176 0.0696844585487 0.222643642482 -0.0016337786208 -0.000550265537469 -0.974898372364
1658919543.364835739 8.82884642043 -2.11287751116 0.0689484449191 0.216454833628 -0.000847202479252 0.0024224896842 -0.976289259795
1658919543.465267181 8.80223258695 -2.13134728508 0.0670735564767 0.213493285347 -0.00120601041281 0.00376016763744 -0.976936550545
1658919543.566103697 8.77791215887 -2.15243634972 0.0675030943162 0.212910110373 0.000611096685252 0.00512948821486 -0.977058135329
1658919543.666986465 8.75292348307 -2.1802724588 0.06951769306 0.220047751126 0.00413941939237 0.0071553627112 -0.975454075401
1658919543.767792225 8.72879310161 -2.19192540343 0.0703446566891 0.221941096275 0.0019802876964 0.00558158464119 -0.975042088403
1658919543.868601799 8.70509272534 -2.20546400441 0.0726468816104 0.219668844626 -0.000460163061124 0.00356859279633 -0.975567861348
1658919543.969659805 8.67548087483 -2.21311816387 0.0724437144297 0.215827913959 -0.000133594172249 0.00332178078867 -0.976425757281
1658919544.070403099 8.64301991605 -2.21372816636 0.0741574791366 0.20755900564 0.000293383748115 0.00220797615615 -0.978219963988
1658919544.171260834 8.620372362 -2.20702744695 0.075329618156 0.195327616543 0.00107752859597 0.00449455710955 -0.980727158849
1658919544.272003889 8.59217491409 -2.20277579423 0.0775072883029 0.179967344004 0.00160318099561 0.00373915799393 -0.983664172164
1658919544.372962952 8.56438627286 -2.20394339634 0.0798334068721 0.162526701763 0.00415840765418 0.00725698670888 -0.986668695664
1658919544.473838329 8.53571460216 -2.20221967991 0.0797775323698 0.144512588489 0.00325285976705 0.00739636999417 -0.98946997144
1658919544.574656725 8.50912637889 -2.21830008095 0.076191868323 0.129305146269 0.00367355329932 0.00524357646284 -0.99158418153
1658919544.675514698 8.48147478568 -2.25018590268 0.0725085624963 0.124967376851 0.00597927914703 0.00936539065513 -0.99209863038
1658919544.776343822 8.46141143871 -2.2800785477 0.0719750420171 0.12827081699 0.00334087958852 0.0075374424903 -0.991704907214
1658919544.877244473 8.45251468936 -2.29000388674 0.0783837829339 0.131330320659 0.00362076145743 0.00739468065103 -0.991304471724
1658919544.977929354 8.4498046914 -2.29530935211 0.0835531552183 0.132028686352 0.0049730101175 0.0045202240775 -0.991223114503
1658919545.078988552 8.45114651584 -2.29653702989 0.0844613051679 0.132476993812 0.00506295551107 0.00573311666514 -0.991156568845
1658919545.179800749 8.44270557829 -2.30006706392 0.0828514137858 0.133697351512 0.00572806830514 0.00623266500004 -0.990986055058
1658919545.280666351 8.42753253891 -2.30338131762 0.0818283277514 0.135049702561 0.00746260465104 0.00795100319683 -0.990778819373
1658919545.381429672 8.40618784231 -2.30665289235 0.079383696427 0.136211586102 0.00794436920338 0.00726796889731 -0.990621253274
1658919545.482388735 8.38637373473 -2.30993336943 0.0778410046955 0.136693454975 0.00746171440157 0.0058710851399 -0.99056789396
1658919545.583183289 8.37481210269 -2.31161117278 0.0791720333333 0.136470493241 0.00843218986362 0.0071310972484 -0.990582581161
1658919545.684092045 8.35497236387 -2.31466447329 0.076410693261 0.136622972891 0.00800291079159 0.00676325679719 -0.990567703418
1658919545.784960985 8.33814567494 -2.31869170611 0.074521753695 0.137263555587 0.00755176059836 0.00641441010377 -0.990485003704
1658919545.885844946 8.32168704542 -2.3201134761 0.0719294967493 0.135341305432 0.00833048948161 0.00697830680821 -0.990739439622
1658919545.986725807 8.30228976381 -2.32543869804 0.0688555008636 0.131910269259 0.00924750621749 0.00849527555832 -0.991182119888
1658919546.087538242 8.28187781384 -2.33454016067 0.0688604987681 0.13378102214 0.00902700517101 0.00731845718214 -0.990942779113
1658919546.188406467 8.26726723245 -2.33810703152 0.0687703659674 0.137489936334 0.00795813283998 0.00599284951624 -0.990453063645
1658919546.289267540 8.25200423853 -2.34170865809 0.0702411979384 0.138725248093 0.00792513147206 0.00545497262414 -0.990284171895
1658919546.390105724 8.24560929208 -2.33851758455 0.0695659178005 0.135309398758 0.00843395051583 0.00354008101475 -0.990761173499
1658919546.490935326 8.24279651164 -2.33832892839 0.0725830091897 0.133520786282 0.00768653215323 0.00491138932567 -0.991004033851
1658919546.591806173 8.23674788901 -2.34149948478 0.0724259542282 0.135665212947 0.0068911652242 0.00425723233875 -0.990721624782
1658919546.693066120 8.23222984436 -2.34574354457 0.0743995953751 0.136172212504 0.00560399299266 0.00226115724595 -0.990666750715
1658919546.793449402 8.23063027456 -2.34837824237 0.0755360671858 0.135710556119 0.00520086867706 0.0012834542085 -0.990734045376
1658919546.894367218 8.2288772299 -2.35275932671 0.0748972051456 0.13338576397 0.00705307233734 0.0039757125479 -0.991031122544
1658919546.995224476 8.2294306647 -2.34946741458 0.0761753937272 0.133601329102 0.00550814655411 0.00282300013046 -0.991015830274
1658919547.095970154 8.22693787502 -2.34618325024 0.0763083205492 0.135287639556 0.00572977281679 0.00203706527081 -0.990787704128
1658919547.196957588 8.22359488935 -2.34543443677 0.0808852485381 0.135282593649 0.00498048262697 0.000746908899285 -0.990794255522
1658919547.297854900 8.22397072106 -2.3450089455 0.079340853569 0.135152211415 0.00524622304081 0.00206342034005 -0.990808810614
1658919547.398680210 8.22301843659 -2.34335262374 0.0775073968897 0.134765136628 0.00571445611805 0.00381643292873 -0.990853741871
1658919547.499519587 8.22639147882 -2.34261010009 0.0766440820443 0.134643433851 0.00545233709694 0.00274575495707 -0.990875309295
1658919547.600429535 8.22801197447 -2.34133346961 0.0733496814597 0.134729234113 0.00563758863505 0.00323477735824 -0.990861134209
1658919547.701165438 8.22791650521 -2.34298866767 0.0730087438895 0.13482441223 0.0064057750411 0.00354803229603 -0.990842447304
