1658919412.552657127 0.0162436354931 -0.0119378178637 0.0139469546403 0.999920180479 0.00228517958572 0.000290282562937 -0.0124228161513
1658919412.653488636 0.028555779605 0.00348722027127 0.00814021008619 0.999829684486 2.92987699975 0.00183190048689 -0.0183642398039
1658919412.754373550 0.0371668786321 0.00981440913029 0.00715628149631 0.999825173648 -3.48710609559 0.00169502573879 -0.0186211656866
1658919412.855268717 0.04365760434 0.0214427759267 0.00416542571229 0.999860246953 -0.000989367536778 0.00226003559675 -0.0165348103853
1658919412.955940723 0.0499116134746 0.0104132280196 0.00336257688544 0.999902519315 0.000920420036736 0.000793566464473 -0.0139095271689
1658919413.056903839 0.0481599875888 -0.000192675565691 0.000534979779579 0.999791993198 0.00014842946127 0.00145521095896 -0.0203428283982
1658919413.157791138 0.0531934389983 -0.0260097279683 -0.000572078745346 0.999455735526 0.00102979321313 0.00105427569192 -0.0329554358505
1658919413.258623600 0.0735212538072 -0.0138735728053 0.000492770692466 0.999131281805 -0.00106541888532 0.00235081424655 -0.0415935124086
1658919413.359515190 0.0859798172978 -0.00655650584915 0.00559450951598 0.999023235769 -0.000341211422859 0.00176635539426 -0.0441513075371
1658919413.460348129 0.0960680906185 0.00203535953103 0.00802102496788 0.998832263072 -0.000559146760814 0.00175640551113 -0.0482774547892
1658919413.561223984 0.11113303739 0.0204690318137 0.00939652159319 0.998985559366 -0.00122195955634 0.00230565008017 -0.0449560115049
1658919413.662048817 0.123712565317 0.0301424025655 0.00852016783178 0.999308076418 -0.000585903410985 0.00204965111766 -0.037132520154
1658919413.762973070 0.12908539738 0.0200530879616 0.00982793858759 0.999369853271 0.000898397043505 0.000927157568532 -0.0354715327317
1658919413.866459131 0.12969951459 0.0100943286663 0.0128570370916 0.999283626056 0.000649028328864 0.000982121487711 -0.0378265633529
1658919413.964618206 0.129628747252 0.00431435940178 0.0169373288076 0.999178633289 3.44874850286 0.00141043742991 -0.0404977561725
1658919414.065465450 0.134703391102 0.00797463557177 0.0190309067827 0.999115333052 2.2248044868 0.00146481359142 -0.0420286222343
1658919414.166388988 0.140855586829 0.0116856490176 0.0181149130433 0.999164900579 -0.000578369078118 0.0018033243256 -0.0408156215328
1658919414.267210960 0.149617552113 0.0126084030075 0.0169522309996 0.999197598287 -0.000744015685656 0.00213334104475 -0.0399881841774
1658919414.368071079 0.161693583644 0.0107122277681 0.0146863152162 0.999230126001 -0.000906227481849 0.00200060104901 -0.0391705455664
1658919414.469047070 0.168355260568 0.0119961458162 0.0133462533279 0.999248441471 -0.000261464821854 0.00163043355287 -0.0387275811233
1658919414.569623470 0.176080679718 0.0107220981397 0.0139688579611 0.999235657272 0.00100495394133 0.000830982325258 -0.0390691793236
1658919414.670622349 0.181006700997 0.00990188909268 0.0142360966653 0.999200121834 -0.000691298119282 0.00188309721299 -0.0399386101208
1658919414.771431446 0.190849549601 0.0110766357888 0.0136707764216 0.999190625664 -0.000151910491227 0.00156062324165 -0.0401949619118
1658919414.874259472 0.207003572381 0.0153592258076 0.0161019363687 0.999253069285 -0.000404955516414 0.00173542949188 -0.03860217378
1658919414.973316908 0.225528616231 0.0154889521087 0.0201139000806 0.999257862111 0.000220447237219 0.00108953958796 -0.0385031078672
1658919415.074102163 0.259989551184 0.011607959407 0.0190862950622 0.999308032151 -0.000875833197468 0.00176334499313 -0.0371427033113
1658919415.174946547 0.292382532485 0.00144834412402 0.0236866636634 0.999222123928 0.00044384501544 0.00118115939241 -0.039415161009
1658919415.275783539 0.325603025901 0.000921781362349 0.0227662588016 0.999222066823 0.000279629087215 0.00127461171544 -0.0394152045075
1658919415.376662493 0.349024618102 0.0049461755595 0.0213719302242 0.999192219142 -0.000201240694747 0.00138239575728 -0.0401616445232
1658919415.477948666 0.38773569232 0.00204718828297 0.0197302959976 0.999193769432 0.000421714965055 0.00104255427144 -0.040131613035
1658919415.578341246 0.414486927895 0.0118783006696 0.0415659563932 0.999225743804 0.0010782709596 0.000393690900559 -0.0393267753513
1658919415.679099321 0.447310127326 0.0162152923822 0.0338893365998 0.999241982878 0.00129502983923 0.000239833839553 -0.0389066193673
1658919415.780051947 0.479941633162 0.0194735466731 0.0503092840075 0.999283757206 0.0015282986077 9.74492089786 -0.0378104137935
1658919415.881260872 0.50636490555 0.0168367570009 0.0496323187638 0.999271023019 0.00239294002574 -0.000636995279508 -0.0380958085672
1658919415.981695175 0.544544215076 0.0119275885284 0.0486558341404 0.999270304629 0.00240013167835 -0.00056033444938 -0.0381153994988
1658919416.082637310 0.577126531967 0.00777679215957 0.0473079420549 0.99923249126 0.00326828382704 -0.00116160217536 -0.0390179114197
1658919416.183505535 0.61241499279 0.00589147502882 0.0477611356495 0.999089372892 0.00237370882633 -0.00059308093395 -0.0425962291174
1658919416.284200668 0.651762436005 0.00730546433786 0.05077924074 0.998475097803 0.00295764607278 -0.0010933802461 -0.0551138450591
1658919416.385238647 0.68135217639 -0.000226091324856 0.0514343194091 0.997430452181 0.00158426079973 -4.74359197339 -0.0716238851836
1658919416.486059427 0.713159016581 -0.0103725249096 0.0559311535961 0.996494442763 0.00148834594235 8.64905487702 -0.0836456985679
1658919416.586930037 0.750862344083 -0.0205817631224 0.0533460999333 0.99545893332 0.00181305788288 -0.000153414568973 -0.0951745835784
1658919416.687768698 0.781337747332 -0.0289350201004 0.0494672379361 0.994504025744 0.00234924404361 -0.000517893414883 -0.104670700861
1658919416.788650513 0.826308673175 -0.0370362964265 0.0450880538628 0.993236717866 0.00158424481765 0.000163069929136 -0.116096019995
1658919416.889548063 0.863663479504 -0.048236508187 0.048548830861 0.991863411198 0.00134106275579 0.000138100460636 -0.127299473705
1658919416.990367889 0.901633501801 -0.060773729996 0.05160801521 0.990666818554 0.00146501594516 0.000325695468988 -0.136297477114
1658919417.091202259 0.93268087608 -0.0752066335781 0.0508072964667 0.99043434885 0.00233619099767 -0.000391238975864 -0.137964451083
1658919417.192075968 0.970592184237 -0.0888948703503 0.0467766462704 0.990225179026 0.00194448498358 -0.000135280144636 -0.139464316229
1658919417.292906284 1.01267691532 -0.101107166978 0.0428429176784 0.989391803018 0.00162157187525 0.000231964881273 -0.145262441181
1658919417.393768311 1.05265930034 -0.11240629133 0.0572092817202 0.988270268953 0.00249746011003 -0.000583505148867 -0.152693476345
1658919417.494585037 1.09862642066 -0.134093911205 0.0377929223923 0.987527702327 0.000959764608803 0.000572854358837 -0.157441379013
1658919417.595479965 1.14552526778 -0.154846961078 0.0279405891918 0.986826231933 0.000911109989774 0.000412600931059 -0.161780677487
1658919417.696381807 1.19012394971 -0.163032695279 0.0258886014465 0.985877345187 0.00127876744477 0.000206899211881 -0.167463972821
1658919417.797218800 1.23335961346 -0.176669693149 0.0248372655185 0.984305739456 0.00117644303296 8.05482647645 -0.176467619603
1658919417.898079872 1.28503807964 -0.202707975535 0.0130692081724 0.983045495638 0.00228202315922 -0.000359816201206 -0.183347256341
1658919417.998916388 1.33178100587 -0.2248375969 0.00385034511841 0.981520809691 0.00168414528914 -0.000100969343117 -0.191347990852
1658919418.099786758 1.37010871051 -0.249264845474 0.00377586772542 0.980251898572 0.00313903238434 -0.000996710931305 -0.197725487452
1658919418.200628757 1.41373527882 -0.264695824119 0.00537897495958 0.97939321368 0.00174237359901 -0.000329199493171 -0.20195491764
1658919418.301486015 1.45270022763 -0.279283628272 0.00648257080335 0.97868202721 0.00263975946177 -0.000690142428358 -0.205363202619
1658919418.402344704 1.49572039686 -0.300543361686 0.0011278119803 0.977261260796 0.00194988724616 -0.000143626451505 -0.212029727773
1658919418.503241539 1.53182530676 -0.322297541313 0.00258050154463 0.976547548911 0.00176689077653 -3.42930474755 -0.21529459268
1658919418.604038000 1.57623874884 -0.34215250128 0.00137754596847 0.97568577658 0.000722488829252 0.000442873652563 -0.21917241444
1658919418.704943419 1.62120432423 -0.364116076081 -0.00350459163364 0.974137896979 0.00153071609735 7.45966275789 -0.225949129258
1658919418.805823326 1.65745821089 -0.373462019909 0.0240584984999 0.972758328077 0.00176066750719 -0.000722177552215 -0.231813747796
1658919418.906672716 1.69846264432 -0.398544826503 0.013970939844 0.971420868514 0.00141225027921 0.000196150066883 -0.237359354754
1658919419.007478952 1.7359054432 -0.414899989769 0.0216744483933 0.969465613879 0.000686387231054 -1.13557786147 -0.245226328883
1658919419.108412504 1.77261730985 -0.436262291037 0.0137066146408 0.967302699855 0.00123735782455 0.00012076088096 -0.253621649739
1658919419.210350037 1.81560313127 -0.454968854869 0.0105229666865 0.965316828188 0.000832850872598 3.22655606566 -0.261079923656
1658919419.309983730 1.84804476596 -0.479992435257 0.0106078105803 0.964281483074 0.000655980261683 3.71389343462 -0.264878820804
1658919419.410903931 1.87768481845 -0.497281067816 0.0210429112136 0.962846008295 0.00140120071678 -0.000683570703226 -0.270046539837
1658919419.511822224 1.91600084774 -0.518473382261 0.0216133251572 0.960960205818 0.000251171969248 0.000113288859935 -0.276686477648
1658919419.612631798 1.94805671134 -0.540164180757 0.0296040478616 0.958452305594 0.00255238600885 -0.0010381584214 -0.285239522952
1658919419.713475704 1.98209855775 -0.564107639959 0.0430073989832 0.956670263085 0.00380663608882 -0.00145294238011 -0.291144991729
1658919419.814356565 2.01755119822 -0.594713753349 0.0422597111178 0.955116959794 0.00375341444041 -0.00146317932622 -0.29620155992
1658919419.915228367 2.05386387371 -0.618359423245 0.0432336865661 0.953608380124 0.00123991801453 -0.000311994291104 -0.301047209953
1658919420.016073704 2.09286618496 -0.646632051772 0.0482266486626 0.952301520325 0.00184170094487 -0.000853912548194 -0.305151918489
1658919420.116943359 2.1297070863 -0.66919920095 0.0351838018761 0.94989593952 0.0013132694034 -7.74377467655 -0.312563550994
1658919420.217783451 2.16330568487 -0.700206550623 0.0319772423946 0.947287626314 0.00144229007251 -0.000374287706957 -0.320380918192
1658919420.318706989 2.19467049737 -0.710163518777 0.0219093112096 0.943333397417 -0.000900071189191 -0.00165173880479 -0.331841171268
1658919420.419484377 2.22231165966 -0.739987284479 0.0398066494874 0.936782106234 0.00127665562866 -0.00122873797902 -0.349908767813
1658919420.520265341 2.25726661858 -0.779349181127 0.0330157784347 0.932432519172 0.000861534228154 -0.000224562592002 -0.361343056554
1658919420.621192455 2.29124095178 -0.820231088785 0.0251006615056 0.929176785163 -0.000347241570661 6.94896093657 -0.369635464355
1658919420.722091675 2.33018315592 -0.842976963325 0.0207903075628 0.92578108582 -0.00370113916577 0.00109174774837 -0.378040329586
1658919420.822912693 2.35979697549 -0.88804353846 0.0154830878987 0.921858103525 -0.000483611404351 0.000135717308906 -0.387527269577
1658919420.923977852 2.39198787499 -0.926919622026 0.0195789280406 0.920216025962 -0.000271153434842 -0.000343350775433 -0.391410620894
1658919421.024538517 2.42546162751 -0.966035714676 0.0203032091936 0.91891625577 -0.00183899838852 0.000462759792175 -0.394448119302
1658919421.125511408 2.46038607833 -1.00333253838 0.016409693159 0.91664080627 -0.00308163487281 0.000933449064535 -0.399698967324
1658919421.226341724 2.51002498975 -1.05588087866 0.00721788996643 0.915263798693 -0.0051743579199 0.00211229078134 -0.402816264629
1658919421.327226162 2.5538708664 -1.09973300862 0.00293460516697 0.915384179394 -0.00335336026091 0.00125213526506 -0.402565511745
1658919421.428064823 2.59420041572 -1.13765942513 -0.00131441124614 0.916578580777 -0.00328391365863 0.00125642780189 -0.39983914586
1658919421.528929234 2.6268579891 -1.16942244126 0.00308019356669 0.917236541928 -0.00113127691709 0.000468559218765 -0.398341093558
1658919421.629800081 2.65432345084 -1.20061900587 0.0118212223446 0.917883700441 0.002054923966 -0.0011363917637 -0.396842535984
1658919421.730647802 2.68855272994 -1.23905127871 0.0119045896245 0.917747409279 0.00134581015137 -0.000987468947963 -0.397161058591
1658919421.831494808 2.72091935494 -1.28345762676 0.00421177797344 0.916789248334 0.000639955239754 -0.000271603420321 -0.399370743581
1658919421.932374716 2.76225143375 -1.32345760015 0.00884079053124 0.915352902076 0.000921986954954 -2.3573287103 -0.402651479626
1658919422.033207655 2.79555862639 -1.35602534961 0.0113260118886 0.914466869871 0.00112145810968 -0.000383122219315 -0.404659040993
1658919422.134118080 2.82917980147 -1.39227345004 0.00940692291617 0.916438927963 0.000160254754277 -0.000243713200273 -0.400174469745
1658919422.234969139 2.88078762979 -1.4398910782 0.0041942925605 0.91663349053 0.00170206546528 -1.20885991985 -0.399725089112
1658919422.335796595 2.91926150582 -1.47472419697 0.00179979214328 0.915434519243 0.0022027900095 -0.000425063585114 -0.402460691268
1658919422.436650276 2.94398980673 -1.50021175636 0.0107947514309 0.917868867829 0.00557114455224 -0.0024270693027 -0.396837262809
1658919422.539288521 2.98735225963 -1.5257235651 -0.0105165337036 0.919216801728 0.0228702248434 0.00874994361735 -0.392989647094
1658919422.638394117 3.02463870196 -1.55613132453 0.04827287869 0.917515153881 0.0288808020361 0.00407819391247 -0.396629814823
1658919422.739196301 3.06349921892 -1.58381966249 0.0688592592079 0.919227433526 0.0244587142717 0.00432291362926 -0.392942755585
1658919422.840063334 3.09604721245 -1.63628359507 0.0735914170839 0.918470667933 0.0250912424477 0.004971005443 -0.39466105813
1658919422.940925360 3.11935406767 -1.70061285845 0.0536013693988 0.914227592882 0.0044765735878 0.000102401258182 -0.405176329783
1658919423.041758060 3.15122099703 -1.74005606714 0.034553322031 0.910603592433 0.00320796623541 -0.000405918135748 -0.413268244161
1658919423.142810345 3.18783150741 -1.77045870426 0.0238330682246 0.909513644436 0.00195047709913 4.34167758995 -0.415669489305
1658919423.243506432 3.22026419232 -1.79760005972 0.024261373023 0.911677887342 0.00309919649177 -0.000467537964083 -0.410893667658
1658919423.344401836 3.24839820701 -1.83600558671 0.0200892265629 0.910279569097 0.000813641507327 -0.000417240432487 -0.413993079632
1658919423.445152760 3.27063366439 -1.88667219792 0.0246730225049 0.906895481862 -0.000562675173123 0.000185111749099 -0.421355235056
1658919423.546046734 3.2879682272 -1.92492950427 0.0334642620249 0.899913142453 0.00383305539487 -0.00179414849233 -0.436048649531
1658919423.646969080 3.3335109705 -1.95922350278 0.0270717087125 0.895575297537 0.00728762630791 0.00865388659615 -0.444766103914
1658919423.747779846 3.36507354297 -1.99662766627 0.0264298273021 0.891894503065 0.0010399008167 -0.000168671599037 -0.452242286346
1658919423.848637581 3.39072217217 -2.0283342476 0.0248250975305 0.888300874078 -0.00418553891884 0.000181062283587 -0.459242861232
1658919423.949501514 3.42405391525 -2.05697213501 0.0343806787304 0.886479604699 -0.00362810145779 0.000426086551449 -0.462753245026
1658919424.050365448 3.45486415572 -2.08066627396 0.0261056680523 0.887512143224 -0.00148019136687 -0.000245538701714 -0.46078188373
1658919424.151151419 3.49030358327 -2.11566517961 0.0201816841531 0.887708986504 -0.00479993460221 0.00126654147085 -0.460378226874
1658919424.252021313 3.52552804845 -2.13769325313 0.0201772278428 0.888763160018 -0.00427567859486 -0.000393098466916 -0.458346604046
1658919424.352967978 3.56262248838 -2.17259229382 0.0225728222511 0.891394552372 -0.00864432264053 0.00207747172404 -0.453140940326
1658919424.453664064 3.58845610462 -2.21082723338 0.0240829195167 0.893948653084 -0.00151714752929 -0.000398829481412 -0.448166648523
1658919424.554641008 3.61223554085 -2.26480977099 0.0213191337056 0.893919611436 -0.00340482675954 0.000567812945532 -0.448214025921
1658919424.655414581 3.62893893229 -2.32884604125 0.0439430367723 0.889620787113 -0.0133836434875 -0.0069587035911 -0.456450774638
1658919424.756369352 3.64654918106 -2.36109061595 0.041136299179 0.887638137918 0.00166378674554 -0.00252631748297 -0.460531633709
1658919424.857104778 3.68074327673 -2.38135775193 0.0374953893304 0.888205216053 -0.00135108365016 -0.00306534620862 -0.459434731385
1658919424.958060741 3.70169499368 -2.41663155967 0.0369748529574 0.888344602352 -0.00327494837083 -0.00202666920266 -0.459161229632
1658919425.058906078 3.72478140222 -2.44344577485 0.0377979415813 0.884932201952 -0.00303604790187 -0.00305123874953 -0.465699978854
1658919425.159779549 3.7570625209 -2.46989202293 0.0375403650531 0.885885893901 -0.00327692759738 -0.0010830314998 -0.463890366117
1658919425.260636806 3.78744028318 -2.49704304465 0.0285096364343 0.888277600011 -0.00102550007475 -0.00121354761798 -0.459304235742
1658919425.361501217 3.81243830591 -2.51921487795 0.0286243179487 0.891049146919 -0.0041978101378 -0.000371607501245 -0.453887274633
1658919425.462339878 3.83555914158 -2.54561638527 0.0356201169804 0.893625330702 -0.00219302118241 -0.000878621680057 -0.44880751666
1658919425.563221455 3.86301577549 -2.59526291823 0.040292915043 0.894524377667 -0.0035162650364 0.000794702710202 -0.447004633184
1658919425.664080620 3.88373307335 -2.6399396061 0.0438412556783 0.893906740978 -0.00234621120849 -0.00325847681687 -0.448235000926
1658919425.764932632 3.90725430603 -2.6702981994 0.0432445545763 0.89351477917 -0.00235528800944 -0.00261985511572 -0.449019964348
1658919425.865838051 3.93841188649 -2.69302859778 0.0301301210576 0.895244924371 -0.00397731025902 -8.79254572138 -0.445556616673
1658919425.966644526 3.96516469307 -2.71579472221 0.0330451805018 0.899038849136 -0.00505458934628 -0.000346969545641 -0.437839557925
1658919426.067487240 3.99470099682 -2.74602148662 0.0229755337139 0.902411050442 -0.00518570751041 0.000922209994235 -0.430844001939
1658919426.168377399 4.00657738437 -2.78415945758 0.0397983182242 0.901695530496 -0.00460568321125 -0.00235509365254 -0.432340619766
1658919426.269225121 4.04288463769 -2.79792214153 0.0371982258277 0.905282606741 -0.00563905055775 0.000358385618187 -0.424772262043
1658919426.370100021 4.06296626578 -2.8074341011 0.0342821550325 0.912073543433 -0.00502020518062 -0.00057074746819 -0.40999551602
1658919426.470866680 4.08416084203 -2.83192824058 0.0425230432966 0.917177379804 -0.00451128730548 -0.0011594025264 -0.398451951995
1658919426.571780205 4.10792022651 -2.86314999327 0.0402266339985 0.919300304357 -0.00631260705219 0.000588254323346 -0.393505724683
1658919426.672639847 4.13919808589 -2.89826504544 0.0343950661891 0.921649205643 -0.00829722128747 0.00164181067632 -0.387931955778
1658919426.773522615 4.16622065454 -2.92213349697 0.0434019591404 0.9248813845 -0.00631960024371 0.000645396590086 -0.380202670586
1658919426.874342918 4.18609773832 -2.94747174013 0.0435909759782 0.928034444775 -0.00415042166596 -2.18595469732 -0.372471264439
1658919426.975264311 4.21124505006 -2.97580526662 0.0441680258527 0.931312670822 -0.00398559180425 0.000646971368361 -0.364198305396
1658919427.076004744 4.2427498462 -3.00545163572 0.0451718477591 0.935536138225 -0.00652060941629 0.00140338401583 -0.353168014181
1658919427.176909924 4.27631215901 -3.03204665467 0.0438690945734 0.939477318828 -0.00434408315674 0.00078479952534 -0.342582662199
1658919427.277826309 4.30931451965 -3.05604201992 0.0441549142068 0.942419247405 -0.00332978630265 0.000198127242522 -0.334417157737
1658919427.378658295 4.34471263022 -3.07888554306 0.0414965607457 0.945204201263 -0.00369798869005 0.000942698154978 -0.326457430784
1658919427.479447842 4.37920387312 -3.09779722901 0.0389643925557 0.947350864655 -0.00376545514917 0.000954396797874 -0.320173780489
1658919427.580237865 4.41265842306 -3.11563775786 0.0347457729585 0.948596588159 -0.0045133018029 0.00126173585621 -0.316453078771
1658919427.681264162 4.44784130966 -3.13513121318 0.0360272511679 0.949501918731 0.00321162473477 -0.00193704076043 -0.313738808034
1658919427.782107115 4.47762382795 -3.15700370869 0.0332173917354 0.951847445707 -0.00227224958401 0.00051137344958 -0.306563232434
1658919427.882802486 4.50624789826 -3.17972910802 0.0325983373846 0.954263105016 -0.000236897005761 -0.000393409959171 -0.298967749954
1658919427.983809471 4.53780715037 -3.19982732945 0.0346840421573 0.956850911815 -0.000413160993938 -0.000890071211333 -0.290577648195
1658919428.084632158 4.57453049802 -3.22064076836 0.0383590730295 0.959719653167 -0.00120752037513 -0.000220759084398 -0.280956723508
1658919428.185551643 4.61122170478 -3.24324060622 0.042391459747 0.962632901308 -0.000276739707735 -0.00139300456384 -0.270805982712
1658919428.286251545 4.64586173163 -3.26324559388 0.042701941665 0.965203834337 -0.00131779414124 -0.000511492348461 -0.261494856499
1658919428.387215137 4.68630412586 -3.28780301149 0.0358649300792 0.968573236651 0.000878315191763 -0.000967888373057 -0.248725103273
1658919428.488069057 4.72962816176 -3.30137035008 0.0417680546836 0.972342512175 0.00235583020917 -0.00253697019479 -0.233533836656
1658919428.588944197 4.77270142056 -3.31535799243 0.0379048937488 0.975474078735 0.00103058634176 -0.00115220412996 -0.220108909482
1658919428.689784288 4.81233355933 -3.33170502288 0.0338757136037 0.978280427287 0.000355486541349 -0.000504836284324 -0.207284886948
1658919428.790639400 4.85184328313 -3.34759579371 0.035756100713 0.981103821007 0.000669249256939 -0.00113483705644 -0.193477535276
1658919428.891495466 4.89380349671 -3.36154299058 0.0291171958724 0.9840067002 -0.00339660201773 0.00231125748764 -0.178084067636
1658919428.992359877 4.94094915078 -3.37493645369 0.0320898793352 0.986249992169 -0.00119826837658 0.000873048988233 -0.165253607784
1658919429.093199253 4.98171985894 -3.38086764726 0.0356684683402 0.988012150718 -0.00168415760468 0.000666123935883 -0.154365507564
1658919429.194066525 5.02621148985 -3.38496147443 0.0370970258498 0.989642463272 0.000143884716559 -0.000503303162832 -0.143553198755
1658919429.294893026 5.07086228216 -3.38907545752 0.0348856049748 0.991276004891 0.000165855214967 -0.000508076404456 -0.131801352333
1658919429.395857811 5.11592031912 -3.40296062787 0.0326951666735 0.992858460058 -0.000713980115917 0.00048833569489 -0.119295138422
1658919429.496687412 5.15962233984 -3.40058369093 0.0397130505831 0.994570070134 -0.0010819676917 -0.000345607463723 -0.10406289202
1658919429.597446680 5.20943809647 -3.40744137097 0.0383273867371 0.995877997307 -0.00174050140925 0.00071321305978 -0.0906833858046
1658919429.701228857 5.26180250292 -3.41318037907 0.0367827402079 0.996828851519 0.000903075340892 -0.00153816192252 -0.0795553850636
1658919429.799207211 5.31458231452 -3.41503465063 0.0353778758461 0.997837396335 -0.00138490749509 0.000296066641674 -0.0657154841093
1658919429.900115013 5.37044801859 -3.41618959626 0.0356497872121 0.998549071005 -0.00255394918793 0.00105259090402 -0.0537784547122
1658919430.000967979 5.41937399823 -3.41245924238 0.0451596811951 0.999178502969 -0.00139050385997 -0.000329916928071 -0.0405003315781
1658919430.102316856 5.47419863161 -3.41445596273 0.0375968086342 0.999571903782 -0.00325843877777 0.00202932274066 -0.0290047167755
1658919430.202652454 5.52802844599 -3.41638735441 0.0383532322919 0.999856724027 -0.00289903029958 0.000844218384768 -0.0166557598759
1658919430.303404808 5.57396211387 -3.41692447688 0.0401054782184 0.999988989725 -0.00223550020337 0.00163947767243 -0.00378616956826
1658919430.404340744 5.62131479711 -3.40798142586 0.0432315094961 0.999955766488 -0.0026946763488 0.00123062226095 0.0089268894641
1658919430.505005598 5.66136172152 -3.40827927802 0.0487871102884 0.999813852995 -0.00401838204116 0.00101501257112 0.0188436120292
1658919430.606078148 5.69255602961 -3.40167707817 0.0513244634516 0.999555677964 -0.00187996502115 0.000645700486214 0.0297404682522
1658919430.706871986 5.71777404638 -3.39425911609 0.0520827383602 0.999203933396 -0.00334582262824 0.00176091769415 0.0397140293276
1658919430.807860851 5.73403038101 -3.38933487126 0.0507669711433 0.998907538247 -0.00273612919158 0.000712236208866 0.0466447891055
1658919430.908685446 5.73909078074 -3.38704673118 0.0491497143245 0.998407322842 -0.00142712598405 0.000404539927758 0.0563969622783
1658919431.009500027 5.7420309618 -3.37929225491 0.0482864473699 0.997899030249 -0.00172310066353 0.000474119766276 0.0647636592743
1658919431.110315800 5.73848653301 -3.37729083094 0.0463143138522 0.997379344669 -0.00200761873249 0.000679785631326 0.0723183945149
1658919431.211257458 5.73279178192 -3.37936076577 0.0443313888497 0.996512366716 -0.00173698357144 0.000745020748245 0.083423802445
1658919431.311983347 5.73406583447 -3.37431075494 0.0444842753537 0.99553944681 -0.00178619721694 0.000920616431535 0.0943248207488
1658919431.412927151 5.7388489473 -3.36641980974 0.0433332623349 0.995048134153 -0.00181623689757 0.000943823567121 0.0993731412408
1658919431.513802767 5.74056122809 -3.35920067623 0.0428167954756 0.994691043989 -0.00160536565981 0.000907987271569 0.102889870092
1658919431.614623547 5.73534884409 -3.35481226862 0.0408001663384 0.994840118017 -0.00301249298521 0.00171485797903 0.101395876311
1658919431.715506554 5.7224882237 -3.35991515633 0.0420431048117 0.994607857328 -0.00151031696851 0.000115846937537 0.103696266394
1658919431.816353321 5.70164551315 -3.37409694332 0.0417268729594 0.993687622348 -0.00239575792552 0.000875467460561 0.112153480073
1658919431.917256594 5.6766959796 -3.38295875473 0.0412193983213 0.992572140956 -0.00128563231247 -0.000320462909345 0.121650275179
1658919432.018081427 5.64590045109 -3.39642393738 0.0343610913987 0.991578270224 -0.000724972868376 -0.00137119007105 0.129499530009
1658919432.118979454 5.61884782532 -3.40802915728 0.0323646296078 0.989911664687 -0.000518224572327 -0.00123199153347 0.141679602472
1658919432.219772339 5.59336015731 -3.41633744641 0.0306370287991 0.987881469583 -0.000366777678906 -0.00190555282509 0.155198055388
1658919432.320720196 5.57026682363 -3.42189516394 0.0324161930792 0.985649966297 -0.00105056535462 -0.00102300201961 0.168795715937
1658919432.421533108 5.54763921227 -3.42425473333 0.035972072342 0.983241208347 -0.000714082388042 -0.00100898295039 0.182305233736
1658919432.522392035 5.52600131797 -3.43084119071 0.0376514670804 0.980734292416 -0.000917348967896 -0.000298335847586 0.195344099337
1658919432.623232841 5.49910721011 -3.4403702009 0.040710227482 0.977795989223 -0.000455837638918 -0.000451229995756 0.209558087564
1658919432.724075794 5.47683943669 -3.44762677102 0.0423558620694 0.975028299296 -0.000576984950237 -0.00071966120849 0.222078735472
1658919432.824925661 5.45520576241 -3.45069670277 0.0421623635433 0.972166814373 -0.000251905388767 -0.00108920958331 0.234287078598
1658919432.925777197 5.44001221201 -3.44420472666 0.0454090720884 0.970942280349 -0.00245209645365 0.00243872316749 0.239288796401
1658919433.026596069 5.41465297576 -3.44290660348 0.0428600779368 0.971641255307 -0.00280547380307 0.00253582985604 0.236429629846
1658919433.127521992 5.38226825098 -3.45572600787 0.0451613607771 0.9724732116 -0.00169356630978 0.000654908313283 0.233007630021
1658919433.228372097 5.34214064923 -3.47914725045 0.0465638042717 0.972641895535 -0.00147822351825 2.51543398051 0.232304880001
1658919433.329196453 5.30191209887 -3.50295361688 0.0345079274999 0.972164000354 -0.00174319004883 0.000773214149691 0.234293661554
1658919433.430062771 5.2611165665 -3.51900828763 0.0396924489174 0.972209508566 -0.0032833178367 0.00125933570297 0.234086106703
1658919433.530766010 5.2229709349 -3.54016145026 0.0435020943417 0.973586047856 -0.00250951448335 0.00224235594811 0.228295601354
1658919433.631738901 5.18084837864 -3.56843071878 0.050548560572 0.973928345243 -0.0021598765179 0.000947770241223 0.226843591486
1658919433.732631445 5.13059812273 -3.60416746352 0.052805475832 0.972663840348 -0.00274306209528 0.000821200989003 0.232200032125
1658919433.833489418 5.08280289141 -3.64521751051 0.0513587322024 0.971228384797 -5.41976206589 -0.000841031808141 0.238148513104
1658919433.934336185 5.04367468496 -3.66772057301 0.0392360192262 0.969670089854 -0.000849047113323 0.000696179391719 0.244415039012
1658919434.035261869 4.99070240365 -3.69028105934 0.0415270631053 0.968014233997 -0.00125784882603 -0.00207121406211 0.250883579909
1658919434.136062145 4.93715628752 -3.72307633409 0.0406436761996 0.96427631707 -0.00398040058255 -0.00175536337212 0.264862718117
1658919434.236932755 4.90155579041 -3.73913213886 0.0385780767525 0.959778396386 -0.0040781482626 0.000797000791584 0.280727916901
1658919434.337662697 4.86766600028 -3.74678826128 0.0340769914571 0.958377331669 -0.00739694694718 0.000655978176278 0.285408032492
1658919434.438683987 4.83322618084 -3.76238975627 0.0265196416376 0.958341875116 -0.00644636592515 -0.00021565500442 0.285550780526
1658919434.539485216 4.7976441516 -3.78088033362 0.0283736930331 0.957429166358 -0.00737689487066 -0.000670098465267 0.288573255514
1658919434.640363693 4.76010851423 -3.80625131195 0.0312514277987 0.956522171231 -0.00528975358345 -0.00517405834408 0.291565744851
1658919434.742182255 4.72487756215 -3.83136469984 0.0331356772977 0.954306423374 -0.00550559739373 -0.00431213957195 0.298747960924
1658919434.842081070 4.70150684295 -3.85559706157 0.0325550136082 0.951665760806 -0.00603630172955 0.00322335740791 0.307059363539
1658919434.942948818 4.66527009469 -3.87797885967 0.0347398455659 0.948977547934 -0.00774270573235 -0.000926339787274 0.315247213976
1658919435.043813705 4.63623248173 -3.89944348022 0.040644416609 0.945218955869 -0.00824095456348 -0.00164629741946 0.326328824714
1658919435.144522905 4.59962829927 -3.92496279684 0.0361980360632 0.942469101348 -0.00467277642505 -0.00846087177684 0.334153515339
1658919435.245522976 4.57101955254 -3.94384986926 0.0402604752788 0.939054156705 -0.00606391302974 -0.00287052987927 0.343703767497
1658919435.346348286 4.5392098322 -3.96777995348 0.0287392192842 0.936689043908 -0.00738611357137 -0.00250274493636 0.350075444178
1658919435.447257280 4.51295562738 -3.98673353523 0.0315957960629 0.934807167756 -0.00836859082105 -0.00332591119909 0.355041496329
1658919435.548072815 4.48330930723 -4.00928585969 0.0313549879448 0.934024456341 -0.00895054406502 -0.000196188597134 0.357096855529
1658919435.648948193 4.4553349837 -4.02973858376 0.0321227053839 0.934398286008 -0.00762193336534 -0.00168093271623 0.356144526424
1658919435.749783278 4.42750211077 -4.05645528063 0.0387511915811 0.93396548606 -0.00744517869689 -0.00122970207347 0.357283540058
1658919435.850698471 4.39542700461 -4.08001947782 0.0379991014071 0.934376159849 -0.00919011331452 -0.00188235833567 0.356164555296
1658919435.951486349 4.36965824221 -4.10978083123 0.037075414895 0.935401124889 -0.00493931894139 -0.00223558627944 0.353546801483
1658919436.052394867 4.34824605819 -4.1380978188 0.0445459532978 0.935357115149 -0.00561227035972 -0.00190429033049 0.353655119063
1658919436.153199673 4.31698486801 -4.16589404058 0.0418349247177 0.935631557341 -0.0037034675452 -0.00125864664958 0.352956497383
1658919436.254052401 4.29423691708 -4.19433703486 0.0375696807898 0.936843231064 -0.00133768418963 -0.00195936665889 0.349741521546
1658919436.355075359 4.27717579292 -4.21166580891 0.0383339626901 0.938806623763 -0.0017103019936 -0.000904708218906 0.344439224753
1658919436.455798149 4.2614799016 -4.2137073822 0.0396156046605 0.938179339635 -0.00232009734839 0.000582273481809 0.346141307544
1658919436.556654215 4.24107377259 -4.21465193996 0.042307186357 0.932801478873 -0.00253547251672 0.00091216205047 0.360380549352
1658919436.657508612 4.22805675711 -4.22599180324 0.0392116016346 0.927947233595 -0.000735796634645 -0.000230837058514 0.372710795364
1658919436.758352280 4.22307338687 -4.25076197969 0.0434945940581 0.9295101094 -0.000120011594035 -0.000394947423074 0.368796402012
1658919436.859084606 4.22190907913 -4.25723405322 0.0463928859849 0.929175451159 -0.0011565418448 0.00123313627359 0.369635121098
1658919436.960052252 4.21356533501 -4.25457028963 0.0503155926069 0.92696987767 -0.0019545403065 0.0021790345259 0.375124349348
1658919437.060922384 4.19742878928 -4.25123847223 0.0495386403267 0.922752647667 -0.00158535616301 0.00129856508334 0.385387274826
1658919437.161783218 4.19034256601 -4.25218525053 0.0465260675629 0.918397045565 -0.00131030753179 0.000929935619897 0.39565677678
1658919437.262650490 4.17901916274 -4.26127836341 0.0446781532256 0.915409732484 -0.00149447434447 0.00113798187595 0.402518935228
1658919437.363692522 4.16498277243 -4.26678038064 0.0442220273252 0.91148376481 -0.00302217003806 0.00277885633841 0.411315561258
1658919437.464365959 4.15422660152 -4.28146804846 0.0422232305096 0.907015248422 -0.00183950144492 0.00213217669825 0.421088362682
1658919437.565201283 4.14607238935 -4.29716112268 0.0469221878666 0.903337597507 -0.00305214834652 0.00540316210983 0.428885386974
1658919437.666060686 4.13617805596 -4.29829216963 0.048509198152 0.897647137402 -0.00216525470131 0.00251777409735 0.440702381658
1658919437.766923904 4.1255597742 -4.3056162768 0.0477232912958 0.891732861627 -0.00128886465862 0.00141131195798 0.45255811839
1658919437.867773771 4.11833061832 -4.31621695402 0.0514623898007 0.885521084995 -0.00239119961101 0.00382886537745 0.464577259433
1658919437.968646288 4.10026880057 -4.32697768686 0.0521648808577 0.879277222876 -0.00323816587657 0.00394646062299 0.47628300942
1658919438.069397926 4.09632069391 -4.34185022571 0.0476497346002 0.872249878625 -0.00226049098746 0.00286572214995 0.489046855686
1658919438.170320511 4.07936013955 -4.35913675439 0.0477020744926 0.866160882545 -0.00241591135758 0.00181372581495 0.499756139852
1658919438.271114349 4.06382017024 -4.38531906046 0.0457739209302 0.861273792453 -0.00207114704358 0.00176281213565 0.508133896996
1658919438.372062683 4.04844555182 -4.40893093566 0.0450002396988 0.858298826647 -0.00288623118589 0.00297132553817 0.513133476856
1658919438.472954750 4.03424943952 -4.43761395021 0.0393652328762 0.858762435841 -0.00358351819286 0.00320524516457 0.512351406351
1658919438.573784828 4.02229516569 -4.4662792056 0.0362523714363 0.860384133003 -0.00316701394507 -5.07269515274 0.50963625374
1658919438.674525738 4.01190586451 -4.48547916588 0.0454937322095 0.861075838948 -0.00763738906384 0.0042017906275 0.508401824175
1658919438.775504589 4.00182167359 -4.5003440594 0.0517248664912 0.861077271367 -0.00515616277549 0.000670159184838 0.508447536731
1658919438.876369953 3.98757903932 -4.51265236671 0.0430275222316 0.856576144825 -0.00600641461243 0.00120364336645 0.515984284976
1658919438.977281570 3.97165634032 -4.53759730879 0.0406599238859 0.855199713332 -0.00445121354573 0.00274243064753 0.518272241287
1658919439.078074932 3.96230269128 -4.54126357451 0.0445630136087 0.850430276265 -0.00695341294375 0.00570419040861 0.52601089102
1658919439.178876400 3.95103150411 -4.54849615829 0.0498504733274 0.843859217546 -0.0075721554756 0.00508848391569 0.536487083494
1658919439.279726982 3.93709349718 -4.56632024064 0.0465087326907 0.837708167906 -0.00635566542912 0.00382710864694 0.546067746878
1658919439.380533218 3.92700911587 -4.59064088617 0.0474666490622 0.832817077023 -0.00806975872611 0.00602365760293 0.553456692762
1658919439.481419086 3.91955579178 -4.59964704932 0.0506315195318 0.826094758431 -0.00902660747734 0.00548746675909 0.563432212567
1658919439.582370996 3.90578501832 -4.63116326839 0.0445115618236 0.818493464793 -0.0095263490595 0.00731308789705 0.574390298934
1658919439.683235884 3.89149005599 -4.66979196026 0.0444520996739 0.814822289101 -0.00808111624825 0.0054634971768 0.579628745787
1658919439.784109592 3.88132171985 -4.69277574337 0.0432093951954 0.808394872641 -0.00768591624366 0.00476080580285 0.588571143794
1658919439.884926796 3.87122573756 -4.71965691996 0.044346446143 0.801249577447 -0.007475978671 0.00525891588736 0.5982604518
1658919439.985812664 3.8591085802 -4.73618704318 0.0409001222656 0.793468322887 -0.00499880013087 0.00309906815264 0.60858313183
1658919440.086625099 3.85040639798 -4.76771619702 0.0391537983102 0.785052108008 -0.00712798454969 0.00224884113374 0.619384631923
1658919440.187476635 3.84099999213 -4.79999631096 0.0464601546918 0.777468661738 -0.00645633499334 0.00274058320469 0.628882568495
1658919440.288343430 3.83081189551 -4.81695281112 0.0543626627668 0.768037923501 -0.00743983719354 0.00152952246055 0.640359319014
1658919440.389240503 3.81682165175 -4.83923964251 0.06024014379 0.756406478983 -0.00948778366885 0.00605205682193 0.654005040594
1658919440.491159201 3.81373807662 -4.86461458349 0.0576363081678 0.745622288069 -0.0113580633654 0.00442525559295 0.666257318942
1658919440.590930939 3.80829989473 -4.90288586959 0.047365160594 0.738832418254 -0.00949647365211 0.00459199601828 0.673806640141
1658919440.693772793 3.80088662881 -4.94068034623 0.0491073584408 0.734808895757 -0.00770419239232 0.00373374348484 0.678220164324
1658919440.792662144 3.79669501823 -4.96687679551 0.0499613863521 0.728859994016 -0.00913511799448 0.00606016369781 0.68457500185
1658919440.897256136 3.79306281314 -4.98852014792 0.05136894285 0.722493835218 -0.00887277865035 0.00529549112919 0.691300144398
1658919440.994385719 3.79237467724 -5.01285957924 0.0477144225922 0.713378675934 -0.00858443814457 0.00473955413376 0.700710146046
1658919441.095280170 3.79062792279 -5.03635859112 0.0526630678051 0.704764967965 -0.0096405975897 0.00711807361443 0.709339644906
1658919441.196034431 3.78774541312 -5.06069884633 0.0533233009439 0.695505599332 -0.00908946024023 0.00559280528212 0.71844141274
1658919441.296925545 3.78871774985 -5.08849110078 0.0572684902814 0.687417887711 -0.00813443396945 0.00481285198723 0.726200602516
1658919441.397767305 3.78592882436 -5.12049381589 0.0549453719481 0.680849419022 -0.00705329224915 0.00382076450529 0.732379492779
1658919441.498680115 3.7880097234 -5.14246494149 0.0547077840868 0.674078675774 -0.00702547497607 0.00533116042905 0.738606905124
1658919441.599422455 3.78741819628 -5.17241419027 0.0547611075435 0.667034723537 -0.00718835319644 0.0063467936573 0.744964914197
1658919441.700406075 3.78934151294 -5.19800301606 0.0552847762981 0.659560704196 -0.00701528146089 0.00626161677458 0.751592479647
1658919441.801064968 3.78883695059 -5.22650686189 0.0498885614509 0.654154699035 -0.00614366648945 0.00362316414299 0.756327149965
1658919441.902062654 3.78642839008 -5.25642862426 0.0512245968271 0.650666092674 -0.00587940871243 0.00525410552561 0.759323029266
1658919442.002950191 3.78921735145 -5.28027398057 0.057523535922 0.646339605792 -0.00692620847688 0.00593745552958 0.762995339594
1658919442.103772640 3.78975139777 -5.31295839648 0.05008602209 0.644014849658 -0.00405672339314 0.00458186099513 0.764988511656
1658919442.204524994 3.7948059512 -5.33664409574 0.0553044611712 0.642435862301 -0.00341340761904 0.00290304382266 0.766326355944
1658919442.305487633 3.79201312838 -5.35370652525 0.0538546393142 0.640726421837 -0.00333068132054 0.00209514985419 0.76775918703
1658919442.406363964 3.79298843671 -5.36379420641 0.0518859420458 0.639444379178 -0.00315697881572 0.00170800478758 0.768828981076
1658919442.507291317 3.80326919329 -5.36315169198 0.0474768482151 0.638769308641 -0.00306676566451 0.00170214769264 0.769390322255
1658919442.608085632 3.80296901644 -5.35382058722 0.0486136025959 0.639226026891 -0.00370621111381 0.00299584126189 0.769004145294
1658919442.708954811 3.80039806546 -5.34338485109 0.0448057716322 0.639363236417 -0.00370112146565 0.00268775854328 0.768891233903
1658919442.809818506 3.79619552723 -5.33696462909 0.0461915538425 0.640363924599 -0.00417397674023 0.00464431528095 0.768046256631
1658919442.910628796 3.79660167812 -5.32815594512 0.047002796943 0.643734036505 -0.00411734188876 0.00353692573224 0.765230049003
1658919443.011486053 3.79444923575 -5.31819522048 0.0564953245474 0.647182259556 -0.00566825929853 0.00392684254701 0.762304121503
1658919443.112362385 3.79355360117 -5.30546009905 0.0578297386933 0.651885880253 -0.00596987687418 0.00464584337149 0.75827935211
1658919443.213842869 3.79692783804 -5.30666686278 0.0533058725235 0.670318379383 -0.00461921145546 0.00383370308153 0.742049348674
1658919443.314072132 3.80107851458 -5.32059749769 0.0480182362461 0.697455460733 -0.00402350196419 0.00162820792889 0.716614987747
1658919443.414928913 3.80877099286 -5.28670376071 0.0381629359738 0.723984640145 -0.00385345609613 0.00217575716023 0.689801897497
1658919443.515833855 3.81794777581 -5.25840022655 0.0379934207045 0.738845945919 -0.00474814175035 0.00332320865285 0.673849448789
1658919443.616690636 3.82105688649 -5.22410341283 0.0383307690284 0.74599441646 -0.00469138614168 0.00301516988315 0.665928847744
1658919443.717526436 3.81904514444 -5.1853259767 0.0418606155485 0.745281994708 -0.00534690115699 0.00452077599118 0.666712622946
1658919443.818354607 3.81117820204 -5.15721693183 0.0480924023034 0.738345060527 -0.00522230644366 0.00347138011487 0.674393986206
1658919443.919218540 3.80685224623 -5.13068880607 0.0478864860992 0.728490047476 -0.00504613569474 0.00264152783098 0.685032706937
1658919444.020055294 3.80498418448 -5.11198710572 0.0493294571053 0.717614973501 -0.00581775280221 0.00308986055539 0.696408900231
1658919444.120913744 3.79801991108 -5.07998178954 0.0546456283655 0.706851238603 -0.00800600264447 0.00398331314635 0.707305707331
1658919444.221767664 3.79768787223 -5.06055397747 0.050303595699 0.690493471238 -0.00727033949436 0.00432042836912 0.723289182996
1658919444.322643042 3.79212040799 -5.02893339915 0.0467724893309 0.675668179766 -0.0073117833196 0.00581263990649 0.737146703102
1658919444.426808834 3.78627425074 -5.00525599152 0.0472476393439 0.662260937902 -0.00847227003304 0.00664314449664 0.74919592858
1658919444.524248123 3.77366364514 -4.99072871637 0.0503880942153 0.64769820054 -0.00793608516147 0.00586244462228 0.761833112507
1658919444.627891064 3.76145381565 -4.96416281691 0.0479802659099 0.633883213886 -0.00714187814804 0.00701331269134 0.773364001085
1658919444.726045132 3.75310231584 -4.94092801875 0.04894954817 0.617922688277 -0.00665026634424 0.00590321897999 0.786188576155
1658919444.829357624 3.74206053141 -4.93297087176 0.0510538163716 0.60374965576 -0.00648023148539 0.00437999366967 0.797135606672
1658919444.927763939 3.72706502456 -4.90110473791 0.0386935920187 0.590105371823 -0.00465511358844 0.0038055271168 0.807303844922
1658919445.028657675 3.70657560761 -4.87537570863 0.0439332463148 0.570614112634 -0.00692537105026 0.00484801597342 0.821174811134
1658919445.129432917 3.69221660499 -4.84571854785 0.0464939534625 0.557642356658 -0.00564102458215 0.00396926776761 0.830052664484
1658919445.230343342 3.67451246155 -4.8207385878 0.0369106434981 0.549927465831 -0.00558944002946 0.0050126870012 0.835178671575
1658919445.331192017 3.65453040095 -4.78807568009 0.0416153922748 0.539725036369 -0.00663793630991 0.00331225221432 0.841808678919
1658919445.432003736 3.63301884647 -4.7632389616 0.0484000538724 0.529619380586 -0.00607409683205 0.00444282634015 0.848202026848
1658919445.532971621 3.61769609429 -4.74261636954 0.0379969953134 0.520302128342 -0.00533846365403 0.0035940204045 0.853958007788
1658919445.633769274 3.59716731481 -4.71280246601 0.0457965622472 0.513168076056 -0.00633370772887 0.00492439554635 0.858250639494
1658919445.734628201 3.58085910737 -4.68803859905 0.0404468976172 0.501815894505 -0.00293665331849 0.00279712621566 0.864964947368
1658919445.835484505 3.56399631144 -4.66388436569 0.049878818228 0.491999190591 -0.00429903166366 0.003960060058 0.870576034995
1658919445.936388493 3.55097677973 -4.63965233061 0.047656120159 0.485261711019 -0.002570027368 0.00236044107125 0.874361993168
1658919446.037208080 3.53396353706 -4.61389196466 0.0423986278937 0.480536356631 -0.00155564088097 0.00253100585659 0.876969773679
1658919446.138110161 3.50921350693 -4.58835068522 0.0364308372014 0.474676936374 -0.00101941303762 0.000540832037585 0.880159346012
1658919446.238900185 3.48189666492 -4.55929513239 0.0403657727896 0.466326054081 -0.000495504743147 -0.00119152900693 0.884611974833
1658919446.339814186 3.45360343002 -4.52849706573 0.0360258781474 0.457388101519 -0.000272823885569 5.43745776385 0.889267140515
1658919446.441217422 3.42476387894 -4.48443616522 0.0360171485447 0.449388558745 0.00058150832148 -0.000720067076743 0.893335920368
1658919446.541509151 3.39611233793 -4.43473705761 0.0366717211119 0.446805965234 0.000346005190547 0.00224861485819 0.894627997238
1658919446.642411947 3.37034997899 -4.38599093564 0.0478010484244 0.446722343657 0.000318689681707 0.0028390838649 0.8946680869
1658919446.743241787 3.3336779937 -4.34350462578 0.068925693546 0.448132905377 0.000365055471816 -0.00206634874245 0.893964482547
1658919446.844095707 3.30163641015 -4.30785899046 0.0506380047372 0.450753074276 0.000729426750932 0.0025869694861 0.89264463341
1658919446.944951057 3.26759308736 -4.26424437889 0.0504929566039 0.450118114854 0.00131469428242 0.000491600777561 0.892967923605
1658919447.045776367 3.23661573857 -4.21934471951 0.0488748523229 0.451278992326 8.874395472 0.000164910136202 0.892382897648
1658919447.146636963 3.20188056662 -4.17898210328 0.0484786964862 0.454239121623 -0.000488483947518 -0.000294052793976 0.890879618862
1658919447.247529984 3.17136061377 -4.1447091885 0.0492499821665 0.453141562978 -0.00199163338445 -7.22955761049 0.891436342131
1658919447.348360538 3.13239589704 -4.1042875545 0.0288967526126 0.45150098615 -0.00268944652292 0.00262126073058 0.892262716567
1658919447.449243546 3.1010801328 -4.05284869079 0.0179386864869 0.449151443054 -0.00448567833907 0.00357550640101 0.893437225353
1658919447.550100327 3.0715393519 -4.0043826406 0.0321788317662 0.453687441452 -0.00935797312802 -0.00305708547917 0.891106496462
1658919447.650933743 3.03359613891 -3.96389472077 0.034289374292 0.455476814187 -0.0102199552446 0.00629594751507 0.890166717698
1658919447.751819134 3.00021028312 -3.92941218968 0.0348477118462 0.451754202552 -0.00750115784308 0.00894493859748 0.892066063238
1658919447.852685452 2.97136679212 -3.89414431432 0.0319036751529 0.451408046107 -0.0105305024975 0.00979475991021 0.892201741259
1658919447.954636574 2.94379268324 -3.85666433162 0.0437194052394 0.454312599101 -0.012588407041 0.00822300318048 0.890715429599
1658919448.054378748 2.91952160841 -3.82888049984 0.0517579250664 0.454301400853 -0.0123714772358 0.00768316269085 0.890729000732
1658919448.155069828 2.89358316835 -3.79757666675 0.0515694058549 0.451319773601 -0.0120716333646 0.0159538886326 0.89213800001
1658919448.255980968 2.8702220453 -3.76107238142 0.0513175311202 0.448446134869 -0.00905265806894 0.00792376031024 0.893728889275
1658919448.359345436 2.84230239648 -3.7233951559 0.0400585289078 0.450039472153 -0.00954827682141 0.00934105122606 0.892908757195
1658919448.457784414 2.81489374809 -3.69212569849 0.0491978924133 0.447838115223 -0.0100734790689 0.00136360751582 0.894056870757
1658919448.558639526 2.78975874062 -3.6598219098 0.0295796692615 0.446675289259 -0.00756188556109 0.0110872481587 0.894595482204
1658919448.659388304 2.76169802965 -3.62701978024 0.0395899967961 0.441746495976 -0.0101490118894 0.0043968044326 0.897071735683
1658919448.760346889 2.73669991536 -3.60054259781 0.0393828710255 0.438507121552 -0.00805473231798 0.00415280035884 0.898682023791
1658919448.861220360 2.70506136295 -3.5726067451 0.0370772221549 0.435494176931 -0.00766048580702 0.00289193330273 0.900154306515
1658919448.962450504 2.67411070781 -3.5413230403 0.0290370630332 0.43201269111 -0.00565925017544 0.00205245600762 0.901847434454
1658919449.062988997 2.64687855705 -3.51014818682 0.0292357753902 0.422522128986 -0.00541551596647 0.00253368475519 0.9063328876
1658919449.164366007 2.61693071823 -3.47250901468 0.0286340030762 0.417242086442 -0.00489544419466 0.00389110682282 0.908773863629
1658919449.264685869 2.5901722261 -3.4396276867 0.0303334376059 0.414892146209 -0.00789347564692 0.00346891595738 0.909829745984
1658919449.365497828 2.55713325906 -3.41038034573 0.0213567933089 0.413794379277 -0.00765663131303 0.0029799565279 0.910333294752
1658919449.466364145 2.52517115207 -3.37781165434 0.0313927420046 0.410396994021 -0.00748628621773 0.000602839702977 0.911876032913
1658919449.567212582 2.49738079698 -3.34043787556 0.0344566783579 0.407905094326 -0.00692510721984 0.00023820603599 0.912998039522
1658919449.668071270 2.46752802091 -3.3026159727 0.0244222539434 0.408838135065 -0.00481841377836 0.00320465781689 0.912588566865
1658919449.768916607 2.43359960139 -3.26538060258 0.0360427746931 0.409506680734 -0.00441061419971 -0.00181587736195 0.9122946495
1658919449.869772434 2.40548412951 -3.23233007458 0.0373688819973 0.409147145947 -0.00168438958145 0.000559163825635 0.912466691519
1658919449.970488548 2.37461824339 -3.19933669878 0.0339439681231 0.41017918152 -0.000739871568344 0.000889329717065 0.912004221882
1658919450.071528435 2.34300699951 -3.16808692452 0.0249626377779 0.408651495524 0.000433042459605 0.00692718800588 0.912664112227
1658919450.172372580 2.30758885945 -3.1335391545 0.0233719743835 0.407831199252 -0.00148573870314 0.00332535787263 0.9130500794
1658919450.273200750 2.27652903607 -3.09950395525 0.0278831347151 0.411473798348 -0.00416108711548 0.00615437247681 0.911391311307
1658919450.374067307 2.25047773568 -3.06825852048 0.0243812822459 0.411864834902 -0.00170562564117 0.00398737921222 0.911234629181
1658919450.474914789 2.2240752559 -3.03474945993 0.0316999107629 0.409094095369 -0.00202095461055 0.00264023437615 0.91248614567
1658919450.575773716 2.18922667537 -3.00415461411 0.03335067591 0.406208731833 -2.78542801938 0.00545650673517 0.91376402421
1658919450.676642656 2.15809410135 -2.97556065275 0.0283597566932 0.407562683137 0.000349404729782 0.00559573008658 0.913160021593
1658919450.777509212 2.12491786192 -2.94496496422 0.0316096890251 0.407728431206 0.000945117240336 5.88727983566 0.913102748695
1658919450.878353596 2.08997062239 -2.91085216587 0.0326283615736 0.408904809121 0.000516668118254 0.00457989441067 0.912565402971
1658919450.979130268 2.06048534043 -2.87916598054 0.0309370451604 0.407931178554 0.000488663037048 0.00277610736037 0.913008328549
1658919451.080050945 2.0330480075 -2.84724425956 0.0271696807569 0.405509014397 0.000120904070614 0.00437999422851 0.914080543648
1658919451.180872440 1.99437114704 -2.81347909366 0.0277886904558 0.404228614994 0.000346966880817 0.00080583731138 0.91465756273
1658919451.281697750 1.96426516407 -2.7880700098 0.0332842569851 0.40445066277 0.000200603575223 0.000211008560668 0.914559772031
1658919451.382704020 1.93263676804 -2.75505378306 0.0327789837944 0.406165784059 0.000976530382548 0.00137816996767 0.913797845749
1658919451.483511925 1.90054451968 -2.7206518343 0.0298406290396 0.407298660603 0.000442016990779 0.00172262809956 0.913293292565
1658919451.584386110 1.87106781304 -2.68009725329 0.0392116509786 0.406017841031 -0.00215031360641 0.00663768430527 0.913838514215
1658919451.685218334 1.83815058115 -2.65410891824 0.0410846887425 0.404222326617 4.73023772872 0.00271982823387 0.914656717551
1658919451.786088705 1.80783396006 -2.62178059682 0.0351240534385 0.402589378288 -0.00136162927106 0.00167191392269 0.915378142168
1658919451.886936665 1.77428108518 -2.59022848446 0.044873904056 0.405153522378 -9.25174511229 0.00366469638882 0.914241316472
1658919451.987786770 1.74860763667 -2.56079524395 0.037515498147 0.404737215418 -0.00112379788528 0.00326383459968 0.914426525707
1658919452.088627338 1.72131964538 -2.52969110321 0.0368620279547 0.402652317117 -0.00231260048917 0.00151746051713 0.915348819147
1658919452.189525604 1.68841213496 -2.50075938064 0.0390834470739 0.401826187544 -0.00204871585637 0.00319883161773 0.915708078616
1658919452.290323734 1.65572782818 -2.46522890629 0.0362479687521 0.403779994004 -0.00398752328606 0.0042223199654 0.914837684026
1658919452.391217947 1.62265884645 -2.43111019628 0.0391184341244 0.403532800942 -0.00466642797902 0.00523908717025 0.914938279328
1658919452.492918253 1.59409957706 -2.39718236413 0.0378472246516 0.401741435384 -0.0032974279213 0.00655326738093 0.915723757883
1658919452.592957735 1.56915033201 -2.36646904687 0.0225324475509 0.397482374314 -0.00377227085284 0.00690446418382 0.917576078839
1658919452.693927288 1.53875121914 -2.3324511067 0.0218898822922 0.391862426646 -0.00486067656414 0.00668829221892 0.919986673356
1658919452.794535160 1.50590738765 -2.30033972738 0.0317000388523 0.386367247355 -0.00727295500052 0.00295831648488 0.922311608222
1658919452.895685673 1.48012098977 -2.2723541562 0.0136357254417 0.382916494069 -0.00239753775125 0.00460172169098 0.923768387931
1658919452.996396542 1.45143280921 -2.24974268633 0.0162764816473 0.376372416768 -0.00759405577678 0.00700770437292 0.926410830189
1658919453.097312450 1.42343748009 -2.22601016112 0.0265323689395 0.377058442697 -0.00464985093319 0.00828936722417 0.926140699931
1658919453.198076248 1.39516444838 -2.20343093728 0.0237125235308 0.376871244831 -0.00669644098707 0.0090957742995 0.926196787615
1658919453.298986912 1.36587426338 -2.18281223956 0.0222428344726 0.379556594973 -0.0132496032807 0.00397339274526 0.92506510656
1658919453.399785042 1.33985640695 -2.15778710849 0.0273486221281 0.381577493674 -0.0125841222503 0.0111524748879 0.924183898633
1658919453.500653267 1.31691192497 -2.12977540432 0.0248584055826 0.382976339461 -0.011191510271 0.0112716570834 0.923621580117
1658919453.601520538 1.28949224109 -2.10904207892 0.0203522953899 0.382209692364 -0.0109206561274 0.0100458101417 0.923956477347
1658919453.702382088 1.25699793877 -2.08181181181 0.017133316569 0.381492797371 -0.00796234172703 0.00906077190712 0.924293107775
1658919453.803170919 1.23346895626 -2.05391658076 0.0156871807547 0.381186729855 -0.00834944116396 0.011004679473 0.924394861974
1658919453.904098511 1.21047947646 -2.03239854594 0.0165140698588 0.380896125091 -0.00433545000239 0.00580851016384 0.924589426164
1658919454.004944086 1.18950691385 -2.00958807725 0.0119416839318 0.381439985468 -0.00173313076899 0.00109331527865 0.924391334017
1658919454.105787039 1.17531671852 -1.99359440583 0.0159600419214 0.384893359265 -0.00266496593455 0.000768635089964 0.92295688369
1658919454.206539154 1.1654066313 -1.98436295014 0.0143490655369 0.387677052149 -0.0006803493983 0.00147297453302 0.921793833082
1658919454.307576180 1.16495957398 -1.9829516069 0.0166886270219 0.388392345072 -0.00123371102424 0.00265554324575 0.921489453188
1658919454.408406734 1.16530431095 -1.98315393097 0.0183909199044 0.385897513164 0.000604881584725 0.00504166189213 0.922527682564
1658919454.509229183 1.16558782356 -1.98286342664 0.019650407925 0.384260177696 0.000394319486029 0.00312743446188 0.92321946443
1658919454.610109329 1.16488128534 -1.97814085983 0.0226414959741 0.38505174856 0.000880363640931 0.00382669924241 0.922886630233
1658919454.711606979 1.16653107123 -1.97886797406 0.0225705069344 0.384253678004 0.000748868940356 0.00408971460094 0.923218188929
1658919454.811799049 1.16534618966 -1.97953860641 0.0247222317036 0.384593298019 0.000472345494812 0.00356511486855 0.9230791201
1658919454.912662506 1.16438907082 -1.98282138517 0.0218724371613 0.38414867476 0.0003640575036 0.00324749244287 0.923265463956
1658919455.013487816 1.1628890801 -1.98413943524 0.0211625540354 0.384976166943 0.000762054113953 0.0049864879684 0.922912728863
1658919455.115949631 1.16713560948 -1.98376432178 0.0200282723919 0.384306424552 0.000457447880248 0.00371527932669 0.923198006653
1658919455.215232134 1.16883715008 -1.98549110147 0.0204992447587 0.383689428515 0.000498941601434 0.00342553228714 0.923455705073
1658919455.316089630 1.16618722231 -1.98525094331 0.0184429607531 0.384241435819 0.000345951388533 0.00370757789256 0.92322513678
1658919455.416927099 1.16890465142 -1.98413443801 0.0167399832236 0.38432351128 -8.65912415604 0.00216528261161 0.923195939511
1658919455.517787933 1.17230166857 -1.98538131408 0.0154517988201 0.384384329772 -9.83340300031 0.00237679542458 0.923170097111
1658919455.618623734 1.17359227209 -1.98726878949 0.0171797308345 0.383941281901 0.000116834519775 0.00369719836693 0.923350101059
1658919455.719394207 1.17071761232 -1.98825457528 0.0164816661786 0.38429126763 0.000175884578131 0.00400367551971 0.923203206922
1658919455.820251942 1.1712723708 -1.98854663777 0.0166150793498 0.384084432975 3.55900738019 0.00321273941313 0.923292383476
1658919455.921247005 1.17003812341 -1.98659716036 0.0192878502031 0.384370760553 0.000301708847245 0.00416667854221 0.923169359431
1658919456.022091866 1.17118075689 -1.98534720001 0.0207839888068 0.38391876691 0.000388483493006 0.00379512230096 0.923358991152
1658919456.122932434 1.1698239229 -1.98638366623 0.0219013694509 0.384238076977 0.000294518090961 0.00454150568447 0.923222826942
1658919456.223687649 1.16770652866 -1.98514602496 0.0210631475378 0.384261711127 0.000202393136468 0.00421334662954 0.923214571001
1658919456.324624062 1.16712714576 -1.98200345639 0.0205610789368 0.384447054794 0.000156328389318 0.00348099211678 0.923140466189
1658919456.427614212 1.16607561949 -1.98187420346 0.0198279561664 0.384386094826 0.000408412677686 0.00465355747533 0.923160607753
1658919456.526359558 1.16676199439 -1.98382533154 0.0189873470279 0.384192282274 0.000311026574717 0.00369572604635 0.923245652637
1658919456.627221823 1.16463373953 -1.98330285125 0.0193879446905 0.384822914155 0.000426548976405 0.00475962612712 0.92297805432
1658919456.728007317 1.16466469658 -1.98230774719 0.0186302891726 0.383783579876 0.000173411722594 0.00342689823856 0.923416693652
1658919456.828880310 1.16659424875 -1.98302368864 0.0194870515783 0.38380467593 0.000323865488877 0.0044427216862 0.923403556453
1658919456.929796696 1.1660493821 -1.98271988723 0.0189852896151 0.384194989572 0.000457883034651 0.00380816618148 0.923244007942
1658919457.030656815 1.16558378997 -1.98203688761 0.0202529334343 0.38411095803 0.000767914111773 0.00364652402978 0.923279418752
1658919457.131520271 1.16626064685 -1.97928116801 0.0203293914281 0.38427430591 0.00052518926288 0.00394260210908 0.923210397408
1658919457.232359171 1.1672064382 -1.98009923721 0.0206192815013 0.384501532171 0.00060996524491 0.00379541931898 0.92311634938
1658919457.333253860 1.16665263349 -1.97863589952 0.0208478586125 0.384279557754 0.000251196413003 0.00298931957526 0.923211905448
1658919457.434062958 1.16698426639 -1.97941772078 0.0210231394635 0.384489712747 0.000693568566729 0.00256573649537 0.92312545017
1658919457.534928083 1.16770354609 -1.98076086898 0.0224239994347 0.384546150882 0.000357680552268 0.00401178564446 0.92309698054
1658919457.635779381 1.16550620146 -1.98315161142 0.0217876966984 0.384594555296 0.000455996883999 0.00348805865559 0.923078898876
1658919457.736699820 1.16790448594 -1.98476368773 0.0229169360101 0.384719193577 0.000412735791987 0.0052155747761 0.923018834868
1658919457.837502956 1.16758953834 -1.98540369492 0.0230464242481 0.384464251478 0.00043977570806 0.00399308914114 0.923131139748
1658919457.938391685 1.17170046582 -1.9883200905 0.022407325892 0.384174311841 0.000251038601271 0.00502777120377 0.923246855731
1658919458.039218903 1.1725632637 -1.98867631785 0.0222329789973 0.383954982479 0.00060468354422 0.00481603525261 0.923339055598
1658919458.139996052 1.17154357153 -1.98963286192 0.0205441850043 0.384131653667 0.000367045164317 0.00489398457588 0.923265285194
1658919458.240912914 1.17052037889 -1.98780895585 0.0208371476884 0.384458491753 0.000524968906258 0.00426351241296 0.923132284664
1658919458.341786385 1.16984313322 -1.98454270352 0.019922385942 0.38450866016 0.000334280222068 0.00485034378783 0.923108581199
1658919458.442648411 1.17022616002 -1.98215542287 0.0188543747904 0.383996899176 0.000636257463925 0.00303297071499 0.923329181651
1658919458.543396235 1.16786297223 -1.97972114367 0.0182365485579 0.384419503997 0.00052083715246 0.00368944050202 0.923150996156
1658919458.644316435 1.16748509591 -1.97973518629 0.0179034202079 0.384458547517 0.000561697946914 0.00417885743928 0.923132626921
1658919458.745162964 1.16750821697 -1.9818464622 0.0157008794691 0.384386496061 0.000179145030485 0.00381726883194 0.923164350488
1658919458.846112251 1.16272182518 -1.98137308825 0.0166765221849 0.384511303456 0.000408382150201 0.00372691782121 0.923112669625
1658919458.946932316 1.16352644036 -1.98393693527 0.0170340226941 0.384285522233 0.000545541027754 0.00353259142896 0.923207376804
1658919459.047813416 1.16159952327 -1.98335211496 0.0198460641557 0.384713473864 0.000600148303482 0.00406056569798 0.923026919789
1658919459.148673058 1.16290774787 -1.9821079701 0.0200507617999 0.384500872815 0.000464651785576 0.00373430340434 0.923116957856
1658919459.249508858 1.16163004938 -1.98271199647 0.020708186116 0.384631022131 0.000592242735694 0.0039535732742 0.923061750546
1658919459.350229263 1.16241761856 -1.98444396292 0.0195455218232 0.384051365703 0.000374685805892 0.00369901167894 0.923304243153
1658919459.451221704 1.16382695223 -1.98527758291 0.01771589549 0.384306444324 8.68681133987 0.00352691746646 0.923198846489
1658919459.552078247 1.16192079459 -1.98438154145 0.0191616625127 0.383971387319 0.000533609709672 0.00427770879615 0.9233349285
1658919459.652826786 1.16403063542 -1.98718760763 0.0163974571348 0.384311614686 0.000356795611259 0.00450539678341 0.923192372647
1658919459.753818512 1.16502020167 -1.98588242887 0.0179568397082 0.384390489473 0.00050827879157 0.00395213431924 0.923161997642
1658919459.854465485 1.16494918997 -1.98552110918 0.0179590108045 0.384204372927 0.000226774131726 0.00383256892175 0.92324008785
1658919459.955510139 1.16383844561 -1.98321842042 0.0201392005103 0.384274620333 0.000495501316512 0.00448544501238 0.923207805117
1658919460.056304932 1.16276092282 -1.98258218423 0.0208020277868 0.384132454547 0.000408338373719 0.00352631014368 0.923271171303
1658919460.157264709 1.16343568437 -1.98083886139 0.0210516497977 0.384226858356 0.000157067990498 0.00367855013251 0.92323137128
1658919460.257998466 1.16716815179 -1.98364984946 0.0201093703783 0.384078996398 0.000282548224689 0.00360593861859 0.923293150575
1658919460.358937502 1.16664949129 -1.98553590411 0.0190008447763 0.384366729888 0.000111634068856 0.00316769049475 0.923175048531
1658919460.459771156 1.16358207359 -1.98394026675 0.0170674928189 0.384737801264 0.000346761930188 0.00354055358586 0.923019051003
1658919460.560630083 1.16544242832 -1.98427511717 0.017310020054 0.384365462871 0.000202309145995 0.0040821393409 0.923171969983
1658919460.661392212 1.16781258313 -1.98462316879 0.0155701968438 0.384212940201 0.000263871573347 0.00353989369606 0.923237681264
1658919460.762343884 1.16911046094 -1.98436334636 0.0162380330621 0.384452966589 0.000739606914341 0.00434589090402 0.923134054563
1658919460.863263130 1.16648764429 -1.98364686358 0.0163590896411 0.38484432996 0.00057329937518 0.00502412283801 0.922967643645
1658919460.964085102 1.16350272215 -1.98417204192 0.0167990997143 0.384591104684 0.000288424023734 0.00445068586855 0.923076264674
1658919461.064901829 1.16431512802 -1.98420776986 0.0169129706165 0.384363759809 0.000198737664385 0.00373116161998 0.923174165086
1658919461.166115522 1.16348222438 -1.98605671874 0.0174603762876 0.384090096242 0.000359827737259 0.00412666431652 0.923286325651
1658919461.266624451 1.165495272 -1.98774744787 0.0174969704305 0.38410959344 0.000264679862352 0.00333753546618 0.923281436524
1658919461.367486477 1.16989520296 -1.98632961221 0.0189435904031 0.384198973987 -0.000104666332341 0.00322925418482 0.923244663862
1658919461.468364716 1.17117833424 -1.98357806686 0.0190456789803 0.384247311026 -4.5068073101 0.00313319753565 0.923224883228
1658919461.569176197 1.1721763716 -1.9824749611 0.0191382894003 0.384342977701 -7.38266535975 0.00329964858269 0.923184479051
1658919461.670019627 1.17209889869 -1.98395152977 0.0183978428934 0.383668220069 -6.44587687141 0.00321894388268 0.923465392505
1658919461.770924807 1.16864337556 -1.98183290577 0.0206710884378 0.38448240871 0.000377302876118 0.00402403692378 0.923123470703
1658919461.871821642 1.16481404925 -1.98160018405 0.0196670351796 0.384490060599 0.000284027690461 0.00393142718971 0.923120716109
1658919461.972647905 1.16389645427 -1.98204599601 0.0185736125768 0.38447709433 0.000297978856746 0.00370360041523 0.923127054358
1658919462.073519707 1.16478728663 -1.98620792131 0.0162825853415 0.384103028692 0.000408446875558 0.00415873942281 0.923280781457
1658919462.174361706 1.16374695107 -1.98511899056 0.0159702677132 0.384345567547 0.000290565411885 0.00451519122279 0.9231782132
1658919462.275206804 1.16679894692 -1.98399383514 0.0175512624613 0.384092213046 0.000552220396599 0.00419950944069 0.923285021567
1658919462.376078129 1.16773834534 -1.98255139609 0.0182865410738 0.384696747249 3.49531207549 0.00314127594274 0.92303767194
1658919462.476920605 1.16611067742 -1.9836796585 0.0199502477347 0.38421801563 0.000414446127077 0.00448829726094 0.92323139022
1658919462.577785969 1.16597305473 -1.98565819722 0.0189918596014 0.384143778002 0.000255465494255 0.00377357202126 0.923265537488
1658919462.678647518 1.16681412207 -1.98510664066 0.0187747421828 0.384309181386 0.000580054082591 0.00510316460666 0.923190161532
1658919462.779455185 1.16836489646 -1.98617424802 0.0172434288707 0.3844010821 0.000146320161583 0.00376740082032 0.923158487672
1658919462.880369663 1.16914390058 -1.98623757905 0.0177317151259 0.384276150089 -3.49363631242 0.00346888229274 0.92321168001
1658919462.981177330 1.16808816525 -1.98289789239 0.0176086814753 0.384497835457 0.000360221609102 0.00481900334334 0.923113244394
1658919463.082090855 1.1694990305 -1.98180647058 0.0171873627564 0.384564183453 -0.000314876536127 0.00247316397845 0.923094888469
1658919463.182927847 1.16849544508 -1.98455275341 0.0166451081601 0.384356028189 0.000144917175154 0.00369501456203 0.923177539513
1658919463.283810377 1.16747768834 -1.98623893751 0.0174361017482 0.384401371036 0.000226292904744 0.00448897973667 0.92315512445
1658919463.384681702 1.16829397732 -1.98608835068 0.0181891855316 0.384020921406 0.000121814050359 0.00317057394936 0.923318939774
1658919463.485499382 1.17205065416 -1.98680123785 0.0182755433736 0.383838006486 -0.000196881803066 0.0029729215863 0.923395639881
1658919463.586390972 1.17037294099 -1.98550768018 0.019045812401 0.384344748778 6.61946668528 0.00441064237832 0.92317910285
1658919463.687247753 1.17001978281 -1.98402002871 0.0211557853032 0.384351399395 5.17134576677 0.00375900651593 0.923179218234
1658919463.788170576 1.16987635976 -1.98257115581 0.0229171917016 0.384207690752 0.000403086854149 0.0036419493732 0.923239418619
1658919463.888961792 1.16930412955 -1.98329529162 0.0204779391064 0.383924660205 6.51702346425 0.00282579823745 0.923360095469
1658919463.989830494 1.16601191596 -1.98415244394 0.0192068878384 0.384357202042 0.000308074487717 0.00421532722417 0.92317478158
1658919464.090504408 1.16761756943 -1.98673362186 0.0171104709837 0.383853222587 -0.000129957002964 0.00210621827318 0.923391710199
1658919464.191508770 1.16853577878 -1.98530116919 0.0167561957251 0.384363795083 8.64083767785 0.0038375912684 0.923173731459
1658919464.292385340 1.16926306811 -1.98617375428 0.0175349349795 0.384379612908 0.000405837686271 0.00431527317511 0.923164951075
1658919464.393241405 1.17096927277 -1.98495519888 0.0170675648637 0.383878044687 9.73549163322 0.00344472403146 0.923377372045
1658919464.494099617 1.16997712007 -1.98332101774 0.0171982646424 0.384224194499 0.000409815024373 0.00432108291957 0.923229618598
1658919464.594957829 1.16943740699 -1.97942466699 0.0188276277962 0.384371714448 0.000420807887512 0.00449911376414 0.923167355374
