1659006913.555727005 -0.00125486643507 0.00111241062819 -0.000997990101922 0.999999792982 0.000297290138658 -0.000526728407067 -0.000219572885833
1659006913.656664848 0.00187449446969 -0.00180608034635 0.00411278640505 0.999999833778 -0.000494429782362 0.000196996746633 0.000221755039857
1659006913.757634163 -0.00127159866343 0.000907763253863 0.00272946880544 0.999999454593 0.000351935968571 -0.000970355932968 -0.000159262405984
1659006913.858308077 -0.00143934298544 0.00208102862858 -0.00154555748592 0.999999858725 0.00011931480939 -0.000226837726138 0.000465681056327
1659006913.959276676 -0.00211810745081 0.00190922602545 0.00212258283642 0.999999709227 0.000371512502791 -0.000634287370135 0.000202985975436
1659006914.060073614 -0.0009186318666 0.00118066420078 -0.00262359240304 0.999999816844 0.000368498010119 -0.000411588764753 0.000247215151193
1659006914.261793852 -0.00303865670797 0.00212289139315 -0.00269091768007 0.999999855736 -0.00037212571416 0.000297789760337 -0.000247733203071
1659006914.362689495 -0.0035151994374 0.00163778951333 -0.00353090147991 0.999999985248 4.4311812626 -0.000144972240409 -9.2128421458
1659006914.463554382 -0.00314198287851 0.00193478719452 -0.00507473409544 0.999999984937 7.77595656042 -0.000134256511439 -7.78174959271
1659006914.564398527 -0.002839378937 0.000549843900318 -0.00457896725494 0.999999990921 -7.66897220163 5.69583404963 -0.000110656168396
1659006914.665262699 -0.00127531950746 0.00271189012529 -0.00781949043177 0.999999853779 0.000508648607298 -0.000105910042405 0.000150005465479
1659006914.766144037 -0.00216024023856 0.00390787304457 -0.00771122949767 0.99999985164 0.000493038723386 -0.000208465223423 -0.000100875152805
1659006914.866927147 -0.00259381530882 0.00280834448038 -0.0106390396136 0.9999999685 0.00013674037908 -0.000132819182952 -0.000163281254478
1659006914.967839718 -0.00272082584029 0.000856468224111 -0.010153495595 0.999999827407 0.000526899055241 0.000135144125259 -0.000222034112815
1659006915.068599939 -0.00273902517932 0.00134992903442 -0.0109141638014 0.999999849702 0.000529924099077 6.70390679025 0.000123625146848
1659006915.169578314 -0.00326985385827 0.000547829220506 -0.0101788632898 0.999999858967 0.000410116076166 0.000326375872956 8.57351491752
1659006915.270331144 -0.00232926510629 0.00084064086141 -0.0128017605533 0.99999953839 0.000953896609097 3.93585662314 0.000108403952284
1659006915.371290207 -0.000850166556021 -0.00117737249904 -0.0097311732887 0.999999872789 0.000496074014489 2.54269360639 9.12427920584
1659006915.573003054 -0.00230179576658 0.00093009241185 -0.00537788200945 0.999999724286 0.000670213121557 -0.00026756851658 0.000175069040923
1659006915.673838615 -0.00184989736143 0.00190674444507 -0.00692207766669 0.999999915737 0.000177579541763 0.000320018704551 0.000185956488245
1659006915.774712086 -0.00162116587716 0.0021875258931 -0.00883540982808 0.999999924071 0.000350512192114 -0.000169198370245 1.92496284598
1659006915.875453234 -0.00197577157513 0.000526280380055 -0.00549975925991 0.999999874119 -0.000377615240822 0.000314284659943 0.000101952463764
1659006915.976405382 -0.00186642143662 0.000833667323395 -0.00840796086373 0.999999474395 0.000884516981286 -0.000502561178783 -0.000127562466879
1659006916.077272654 -0.00244432749138 -0.000421608366378 -0.00525463617738 0.999999991448 4.03359786941 -9.01876698545 8.56956424908
1659006916.178139210 -0.00446470836899 -0.00142010903956 -0.00519493846278 0.999999949247 0.000269295411483 7.18067121622 0.000154367521394
1659006916.279016495 -0.00552739730942 -0.000530947007934 -0.00729300707255 0.999999903747 0.000126542482958 0.000419584311999 -2.10111142851
1659006916.379835129 -0.00626409424886 0.000522962438643 -0.00967596348422 0.999999885551 0.000400529967152 0.000158728907237 -0.000208034842383
1659006916.480710745 -0.00679782567328 -0.000664146767892 -0.00941950622075 0.999999802687 0.000617891284428 3.50107140362 -0.00010775073053
1659006916.581436872 -0.00479663432072 0.000280930114338 -0.0109357090209 0.99999952671 0.000912505980353 -0.000200576846802 -0.000271441713378
1659006916.682440758 -0.00537571927629 -0.000905606077196 -0.00997811106222 0.99999988981 0.000295877474172 0.000356643532045 -7.51063440735
1659006916.783258438 -0.00477853793411 -0.00246444627937 -0.0108591854406 0.999999608841 0.000827716462554 -0.00026142521699 -0.000169885068941
1659006916.884184361 -0.0029691533629 -0.00112857613931 -0.0101485735801 0.999999859777 0.000517439479323 -0.00011224772924 1.01763442825
1659006916.984996319 -0.00459914525903 -0.00100221464393 -0.0123418618146 0.999999784121 0.000655986610534 8.67383517563 3.69426077708
1659006917.085836411 -0.00441222582309 -0.00107492450576 -0.0108025075334 0.99999973865 0.000685556607556 0.000168254869598 -0.000156213435472
1659006917.186622620 -0.00472400244429 -0.00160045957242 -0.00908567393733 0.999999815479 0.000570368734467 0.000185351117144 -9.67755245843
1659006917.287574768 -0.00334046008821 0.00182090254832 -0.00946037824741 0.999999526656 0.000964918240306 -0.000108787035072 6.15369677723
1659006917.388818264 -0.0040560645862 0.00279015424158 -0.0118525737237 0.999999806727 0.000501583234387 0.000343288235286 0.000130821136857
1659006917.489261150 -0.00647623244904 0.00246307453136 -0.0111696289129 0.999999587483 0.000837755050988 -0.000167001293979 -0.00030872304239
1659006917.590126753 -0.00671570237534 0.00193055166472 -0.0120278474476 0.999999661652 0.000816032482038 9.46463558493 -4.27670521288
1659006917.690987587 -0.00743138184708 0.000853602184776 -0.0116489706135 0.999999847243 0.000530026033734 8.76603885898 -0.000130010382088
1659006917.791936159 -0.00797957826805 0.000866038034227 -0.0117061398433 0.999999714356 0.000721158602348 0.00017494172528 -0.000143572442686
1659006917.892719746 -0.00723807132618 0.000950323212392 -0.0110676984559 0.999999777574 0.000619893128931 -0.00021208657282 -0.000124913381348
1659006917.993571281 -0.00531330107311 -0.00147173452078 -0.0092662865031 0.999999917101 0.000332856844268 6.33766530585 0.000225803558335
1659006918.094427109 -0.00372572356179 -0.00204527016947 -0.0100239099579 0.999999637652 0.00084142028301 2.58739559447 0.000126641408268
1659006918.195254803 -0.00914639704743 0.000144124445953 -0.0112564321566 0.999999369262 0.000821672934432 0.000732359913009 -0.000223556856259
1659006918.295979977 -0.00817913146567 0.00278229258904 -0.0145261870151 0.999998656322 0.0013874921841 -0.000846335696409 -0.000214324125774
1659006918.396981239 -0.0088030977459 0.0019177172764 -0.0116650248599 0.999999571966 0.000480729007132 0.000785394782059 9.01244813983
1659006918.497832060 -0.00832679953581 -0.00136231875066 -0.0125627498059 0.999999527844 0.000673154568797 0.00064399685269 -0.000276482391286
1659006918.598696947 -0.00723397517739 -0.000379887011057 -0.010475804626 0.999999703702 0.000519858394461 0.000546155383002 -0.00015510428827
1659006918.699677944 -0.00671123555141 -0.00184904055931 -0.00989803598847 0.999999741539 0.0004937738308 0.000437155683177 -0.000286363875485
1659006918.800439119 -0.00501913199277 -0.000978485570448 -0.0105503275945 0.999999532388 0.000813688519532 0.000497098831808 -0.000161328653235
1659006918.901271820 -0.00474359876051 0.000224722686721 -0.0108865481721 0.999999666743 0.000749657147118 0.000293374866509 -0.00013586621433
1659006919.002142429 -0.00577747062299 -0.000317951772298 -0.012242316166 0.999999586711 0.000866478326101 0.000273515416949 3.13536711262
1659006919.102963924 -0.0042220888312 -0.000832179417058 -0.0111903441075 0.999999533464 0.000957913248768 9.78630175489 -7.67967240781
1659006919.203865051 -0.00561162881203 -0.000442292716358 -0.0119569175824 0.99999972103 0.000721385937282 0.00018490533523 5.79056817806
1659006919.304633617 -0.00630855109874 0.00140070050087 -0.013891142601 0.999999479502 0.00100494867843 0.000176277091467 -1.00750392871
1659006919.405536652 -0.0062919061189 0.00119792196894 -0.0143047573257 0.999999725725 0.000646169224657 0.000360542044854 3.20046799772
1659006919.506404877 -0.0064472568527 0.00114054688723 -0.0131189428054 0.999999688567 0.000788065201043 -3.4616347265 -2.49018314234
1659006919.607320309 -0.00529839558007 -0.000147757395191 -0.0116397753429 0.999999794156 0.000450419245676 0.000456885783663 -8.10667910378
1659006919.708084583 -0.00469465247866 0.000130366013297 -0.0115268712011 0.999999643575 0.000703162121953 0.000428940329074 -0.000185536615487
1659006919.809089184 -0.00557145268422 0.000849905956311 -0.00948993954511 0.999999740165 6.24232094145 0.000709610159068 0.000110573578678
1659006919.909833908 -0.00460657826497 0.001386159075 -0.0096380576662 0.999999224037 0.00122545505472 -0.000223859188222 -8.45121893262
1659006920.010610580 -0.00563644592436 0.00202957662961 -0.0112553098294 0.999999780936 0.000622188989359 2.03839719775 0.000224930433343
1659006920.111529350 -0.00640657026361 -0.000858853896509 -0.0138140604002 0.99999973439 0.000646820440857 0.000194659664823 -0.000273773047387
1659006920.212389469 -0.00850784768094 -0.00013717709955 -0.0125734030972 0.999999802155 0.000570704384554 0.000226940591978 -0.000135958390813
1659006920.313271523 -0.00653165426536 0.00177528854952 -0.012095162386 0.999999714643 0.000675462123177 0.000334535844638 -5.05064881133
1659006920.414099693 -0.00629186678148 0.001576462724 -0.0133712506584 0.999999517379 0.000982407068547 8.9903195808 6.09398732743
1659006920.514980793 -0.00552329484489 0.0018378635607 -0.0124210781291 0.999999704172 0.000712244725611 0.000238419376551 -0.000165893012439
1659006920.615878105 -0.00527879518813 0.000594154095798 -0.0119282785541 0.999999805175 0.00056539051994 0.000264450734311 6.98776933502
1659006920.716705322 -0.00537410056116 0.000786026363038 -0.0104895342268 0.999999780995 0.000618064753803 0.000164574024306 -0.000170060225132
1659006920.817592621 -0.00567425579351 -0.00094075650006 -0.0086596505014 0.999999862371 0.00049668968286 0.000136551616756 -9.95512911014
1659006920.918462753 -0.00544261297071 -0.000896695161581 -0.00728109341947 0.9999996505 0.000783996170021 -0.000137281375512 -0.00025593611257
1659006921.019335032 -0.00533218396747 -0.000355707395608 -0.0072620215467 0.999999883677 0.000458285601653 9.83994505643 -0.000113741438165
1659006921.120143652 -0.00370316458947 0.000456503297477 -0.00890655088959 0.999999652098 0.00081026154199 -5.88847557565 -0.000189239940499
1659006921.220997334 -0.00326924294009 0.00107681959765 -0.00981296034749 0.999998867244 0.00140351426113 -0.000514082766248 -0.000177135106559
1659006921.321840286 -0.00313398483656 0.000903840230564 -0.0103317981888 0.999999523386 0.000945942854346 0.000134106683816 -0.000201084259347
1659006921.523566246 -0.00521080604937 0.00052839678646 -0.0109800158608 0.999999784056 0.000592652028673 0.000266405165725 -9.83879051568
1659006921.624411106 -0.00544427719991 0.0011380436798 -0.0134677456337 0.999999657227 0.000676843078553 0.000469167887348 -8.55010066156
1659006921.725224733 -0.00624049099238 0.000297476630664 -0.0117912503922 0.999999558046 0.000803887599017 0.000435185044515 -0.000219741367394
1659006921.826174021 -0.00644251002132 0.000962881552152 -0.0105696951492 0.999999830399 0.000505727231298 0.000254794354572 -0.000136095578215
1659006921.926979065 -0.00606403552688 -0.000135037069037 -0.00867710961573 0.999999789536 0.000322167718728 0.000562786865751 -2.01835379101
1659006922.027829647 -0.00605093020681 -0.000157525759143 -0.00513222192237 0.999999681638 0.000770532393585 -6.2364749006 -0.000197772084732
1659006922.129699945 -0.00476408230176 -0.000665382243408 -0.00511165656458 0.999999801468 0.000504911604964 0.000366351476501 -8.89679128589
1659006922.229594469 -0.00528800787844 -0.000587297539043 -0.00784352199162 0.999999762594 0.000389074887492 0.000564678713761 -6.7608048881
1659006922.330411911 -0.00698730486604 -0.000405391414654 -0.00931765585519 0.999999504498 0.000906452629461 0.00039069833124 -0.000129239843457
1659006922.431276083 -0.00705545172941 0.000327222321316 -0.00965626713772 0.999999725855 0.000409093092048 0.000539578259386 -0.000299647265462
1659006922.532119751 -0.00764767778197 -0.000422038832398 -0.00912497457583 0.999999822759 0.000561163417269 2.98805087516 -0.000196685066133
1659006922.733870745 -0.00728009793785 -0.000368679919742 -0.0115535182626 0.999999442465 0.000723684028696 0.000750210212678 -0.000168927421701
1659006922.834745169 -0.00809709844906 -0.000315643294279 -0.0109152938883 0.999999542824 0.000774270367539 0.000487832225907 -0.000277266135705
1659006922.935568094 -0.00685332988543 -0.000555034915072 -0.0105318426763 0.999999610756 0.000756612062854 0.000422640406966 -0.000165534716003
1659006923.036421776 -0.00640256277388 0.000677002192257 -0.0121783728161 0.999999584817 0.00083275451139 0.000201113422819 -0.000310544991137
1659006923.137286425 -0.00705735257529 0.000111833482889 -0.00974430470538 0.999999763634 0.000509527150904 0.000424220310819 -0.000182076905695
1659006923.238149166 -0.00749197880401 -0.00245803557905 -0.00635348972875 0.999999835072 0.000335316094938 0.000406575612035 -0.000228288353263
1659006923.439752817 -0.00740079608994 0.000595995148846 -0.00854389746012 0.999999592535 0.000495470303099 0.000744050286657 -0.000125808480554
1659006923.540721893 -0.00721215647319 0.000109355570641 -0.00973067907142 0.999999348351 0.000930552330975 0.000612507163662 -0.000249410318127
1659006923.641571522 -0.00751933989097 -0.00077345622828 -0.00694623579851 0.999999449351 0.000388307380384 0.000963747302757 -0.000147332240497
1659006923.742423534 -0.00770454153033 -0.00109706892449 -0.00484096226324 0.999999841638 0.000448189472407 0.000268441360105 -0.000209261056835
1659006923.843198299 -0.00812141466581 -0.000309180395606 -0.00440962558664 0.999999582911 0.000658421921372 0.000542705623894 -0.000325773945446
1659006923.944158554 -0.00830468671897 -0.000202323382401 -0.00514106510493 0.999999733856 0.000624733948011 0.000275386065416 -0.000257213090824
1659006924.044975281 -0.0071403671524 0.000866539697445 -0.00790675389721 0.999999385435 0.00103299974499 0.000254886207819 -0.000311566287561
1659006924.145864010 -0.00756970842751 0.00028914885289 -0.00818473262786 0.999999810656 0.000466247181307 0.000368591264677 -0.000159507284425
1659006924.246717930 -0.00748050014651 -0.000789811662724 -0.00649596493724 0.999999690947 0.000470330402695 0.000513538916739 -0.000364929948743
1659006924.347558975 -0.00732308883302 0.000260519363105 -0.00914106866273 0.999999739278 0.000580873371394 0.000340876781981 -0.000260449216362
1659006924.448402405 -0.00704660076623 0.00128217828961 -0.0109679977255 0.999999244804 0.00117774030029 0.00018198562009 -0.00030033234192
1659006924.549147606 -0.00780823067563 0.00135310027012 -0.00968521818874 0.999999488694 0.000882407066306 0.000374676558888 -0.000321849552851
1659006924.650117397 -0.00706211152814 -0.000673553957899 -0.00960830062564 0.999999614313 0.000772873836669 0.000175132309761 -0.00037864072341
1659006924.751014233 -0.00675927436351 0.000233433593605 -0.00961586553483 0.999999558191 0.000856453575262 0.000236813252349 -0.000306633945979
1659006924.851840973 -0.0072628173363 0.0019293853609 -0.0106714916272 0.999999412751 0.00102999809665 0.000211156727728 -0.000262704417397
1659006924.952696323 -0.00872467811687 0.00192611018586 -0.00883806491546 0.999999780594 0.000464957061858 0.000407693872061 -0.000237513862731
1659006925.053544044 -0.0085863131539 0.00123644565862 -0.00767106314574 0.999999404173 0.00100295454972 0.000156631294412 -0.000401500219512
1659006925.154406786 -0.00904636607924 0.000706227259476 -0.009635773999 0.999999564094 0.0006249449431 0.000634472721023 -0.000280533685346
1659006925.257199764 -0.00868035387325 0.00120306367088 -0.0126574690681 0.999999187001 0.00110130643457 0.000270993490658 -0.000582824512481
1659006925.356136322 -0.00780620087871 -0.00134176979831 -0.0103462725656 0.999999801262 0.000522405747754 0.000300055623055 -0.000185835377085
1659006925.456989765 -0.00621578671464 -0.000650928118028 -0.0119450317834 0.999999575327 0.000710996789083 0.000414594315074 -0.00041465640712
1659006925.557843685 -0.00703154640721 -0.000592647608601 -0.0117281266379 0.999999441453 0.000934870076613 0.000471804504972 -0.000143217955561
1659006925.658736229 -0.00825838577692 -0.000698900321095 -0.0133489480612 0.999999372126 0.000984828609365 0.00043146617688 -0.000315748366239
1659006925.759478331 -0.0102264208314 -0.00115202232863 -0.0120290358122 0.999999502756 0.000672820939581 0.000518530078342 -0.000522423273657
1659006925.860298157 -0.0120592899998 0.000308462587607 -0.0117055555304 0.999999004017 0.00120420165753 0.000503689296753 -0.000536805532968
1659006926.062167645 -0.00856585531787 -0.000777618590386 -0.00709025342085 0.999999351163 0.00102185458612 7.54355311094 -0.000497790718907
1659006926.162987709 -0.00947348293705 0.00014454292529 -0.0105052327784 0.999999255248 0.0011109251716 0.000284117607317 -0.000417882725716
1659006926.263739109 -0.00930493579456 -0.000420733430413 -0.00988355829656 0.999999333538 0.00106864991583 0.000358518645813 -0.00024974868725
1659006926.364732027 -0.00933137674442 -0.000835340815238 -0.00834042004188 0.99999966443 0.000661094955377 0.000413249877709 -0.000251630089701
1659006926.566400051 -0.00849973995829 -0.000606277617668 -0.00876449510861 0.999999460929 0.000725546979127 0.000678582067622 -0.000302076643552
1659006926.667283058 -0.00893920568189 -0.00110691339674 -0.00974883813122 0.999999613831 0.000380405473783 0.000699503540868 -0.000371918602813
1659006926.768191814 -0.00797173447196 -0.00188730742822 -0.00965588607837 0.999999623149 0.000583508979944 0.000591552210451 -0.000251565941807
1659006926.868993044 -0.00861702197707 0.000125624571524 -0.0100868216037 0.999999396311 0.00096157691006 0.000408709614363 -0.000340153887422
1659006926.970262527 -0.00775149540994 -0.000753109663315 -0.00807883992989 0.999999373199 0.000779223498625 0.000745296884793 -0.000301570223093
1659006927.070698261 -0.00925496803811 -0.000638140421363 -0.0110992255579 0.999999506912 0.000672050778399 0.0006803360971 -0.000267705915131
1659006927.171560526 -0.00871028041991 -0.00144453640378 -0.00878574162825 0.99999971394 0.000491583078383 0.000424155626064 -0.000388017859448
1659006927.272262573 -0.00797821077827 -0.00143558522076 -0.00713209304636 0.999999480694 0.000796897034645 0.000482504006854 -0.000413227794006
1659006927.373284340 -0.00734893500536 0.000215972369771 -0.0100205739631 0.999999558104 0.000826534584921 0.000405745051846 -0.000189743180319
1659006927.474091530 -0.00796421525969 0.000549219835052 -0.0115351895131 0.999999600579 0.00073514564093 0.000403373712877 -0.00030934131304
1659006927.575009108 -0.00782610403294 -0.000270137020139 -0.0134606168223 0.999999284154 0.00112853813561 0.000168317208744 -0.000360225297658
1659006927.675833225 -0.00859913895503 0.000361036254768 -0.0125261576008 0.999999318192 0.00105931991301 0.000320932818047 -0.000372099876629
1659006927.776729107 -0.00987865059412 -0.000815988789136 -0.0109921820223 0.999999371145 0.000813447666547 0.000623675239704 -0.000455019041699
1659006927.877599478 -0.00867818506752 -0.000950949597029 -0.00943394719424 0.999999432917 0.00102141850462 0.000108416427511 -0.000281276314867
1659006927.978404284 -0.00838099719559 0.000379088113391 -0.00706060188431 0.999999347838 0.00100277433806 0.000353174804243 -0.000417173856942
1659006928.079284668 -0.00910750467953 0.00121125577399 -0.00915255396315 0.999999263914 0.000980373789599 0.000529756484249 -0.000479997041953
1659006928.180188894 -0.00989168743562 -0.00028094764471 -0.00865391822881 0.999999582029 0.000745534258071 0.000439420917495 -0.000295009081901
1659006928.281002045 -0.00896162457407 -0.00120132254905 -0.00921044996863 0.99999949852 0.000725817448472 0.00053953339168 -0.000430177440465
1659006928.381832123 -0.00836810483762 -0.00251572015917 -0.00792589048583 0.999999616772 0.00068241760414 0.000286409484342 -0.000467686599764
1659006928.482692719 -0.00838147663839 -0.000804457484013 -0.0092397716789 0.999999578355 0.000665294586851 0.000549039805365 -0.000315004426377
1659006928.583548546 -0.00910563752779 0.000799836361381 -0.0106971064773 0.999999127111 0.00121596720578 0.000206402831534 -0.000473919505462
1659006928.684449911 -0.00768167008918 0.000771855548798 -0.00999663228684 0.999999417559 0.000977473147568 0.000294228678511 -0.0003505099548
1659006928.785130024 -0.00672443818551 0.00153351605483 -0.00922819523707 0.999999616117 0.000770517145098 0.000330164574485 -0.000255068753488
1659006928.886034012 -0.00655059911897 0.000553210214699 -0.0102629515646 0.999998878108 0.00147275025983 -1.87653389055 -0.00027283158323
1659006929.087848663 -0.00683406865754 0.000302623732348 -0.0133441529356 0.999998766881 0.00150125473193 -5.52031929856 -0.000457628113301
1659006929.188910723 -0.00824067222406 0.00126898345652 -0.0115462750151 0.999999477224 0.00090186356442 0.000318408782993 -0.000361674698783
1659006929.289556265 -0.00866771247356 0.00120946010176 -0.0117050298379 0.99999961687 0.000500326663731 0.000495476600413 -0.000520034718307
1659006929.390394688 -0.00845512624617 0.000970114709363 -0.0122220255456 0.99999935107 0.00109361253964 7.33279937607 -0.000310634404175
1659006929.491284847 -0.00890830030195 -0.00013727251169 -0.0139436980395 0.999999093253 0.00116530180648 0.000275377591307 -0.000616224064043
1659006929.592148304 -0.00744073063758 -0.000414342662175 -0.0114872569671 0.999999473821 0.000745809898978 0.000608699238339 -0.000354414928411
1659006929.693031788 -0.00701811288443 0.00105294625039 -0.010040780753 0.999999241349 0.00108893432732 0.000400893353899 -0.000413288177505
1659006929.793847561 -0.00801296413765 0.000964854229269 -0.0105695012152 0.999999569205 0.000797753469639 0.000340135552735 -0.000330888554275
1659006929.894718409 -0.00798809254559 0.00102658424273 -0.00697847965648 0.999999696669 0.00061628330799 0.000309928988007 -0.000361664974221
1659006930.096338034 -0.010609920622 -0.00247682952788 -0.00217768405086 0.999999639574 0.000159933268584 0.000718952495236 -0.000422351427182
1659006930.197258472 -0.0101434881684 -0.000813572177812 -0.00354155615195 0.999999698883 0.000503518711452 0.000485856044657 -0.000335629680029
1659006930.298118114 -0.00841208171828 -0.00233989029132 -0.00278925792662 0.999999815226 0.000393629807095 0.000292029607509 -0.000359614058561
1659006930.398961067 -0.00914401004837 -0.000931008157403 -0.00527001134462 0.999999575013 0.00070722026181 0.000409882696801 -0.000426390083974
1659006930.499726772 -0.00842245069261 0.00167773350145 -0.00814328714787 0.999999614315 0.000523044430198 0.000679340808355 -0.000190499709822
1659006930.600699902 -0.00796740711683 0.00254292103292 -0.0111659532377 0.999999450668 0.000995046109179 0.000111051368678 -0.000310183248115
1659006930.701513290 -0.00638613225866 0.00470674758476 -0.0108553531868 0.99999894816 0.0013954506671 2.25613994837 -0.000394825785959
1659006930.802428007 -0.00599787285608 0.00454997059039 -0.0114071395869 0.999999302272 0.00102769416204 0.000387895086715 -0.000434553389528
1659006930.903255939 -0.0072472889797 0.00295385354206 -0.0102271241542 0.999999184868 0.00123570886026 -3.82926629078 -0.000319093731356
1659006931.004130363 -0.00581929712987 0.00198564226369 -0.00970840470922 0.999999401113 0.000983213573936 0.000437204373536 -0.000199790067001
1659006931.105024815 -0.00506863180127 0.00103386134983 -0.00774395815341 0.999999594656 0.000850181249513 3.35269465718 -0.00029454226434
1659006931.205740452 -0.0064804374863 0.00202913276043 -0.00699327398563 0.999999144657 0.00127990495477 -5.72398335023 -0.000263158209342
1659006931.306833267 -0.00834061318557 0.00270786612968 -0.00506915937517 0.999999533629 0.000909913773412 0.000263392485532 -0.00018820808662
1659006931.407575130 -0.00830347724792 -0.00113302319193 -0.00657857844737 0.999999666495 0.000526291308792 0.00051707738553 -0.000350224807857
1659006931.609201908 -0.00852320259503 -0.000308669477531 -0.00559330237155 0.999999620144 0.000577550002412 0.000496763486874 -0.000423526075444
1659006931.710017681 -0.0077948682677 0.0011712105811 -0.00766076439474 0.999999472228 0.000840407093363 0.000356289620586 -0.000471504340761
1659006931.811023712 -0.00726225540242 0.00153685823054 -0.00790861766553 0.999999661379 0.00065247014438 0.00040882064873 -0.000290498332048
1659006931.911876202 -0.00600994625047 0.00302449147968 -0.00605951057795 0.999999066965 0.00129465725889 -0.00016454441621 -0.000403555312967
1659006932.012711048 -0.00538820186832 0.00243361035299 -0.00587860136911 0.999999615225 0.00084062322521 0.00010615474114 -0.000227230323952
1659006932.113563061 -0.00586617263063 0.00282488851235 -0.00582614781533 0.999999369207 0.00109448843944 0.000154100026584 -0.00019983196859
1659006932.214283466 -0.00797456945668 0.00166712596429 -0.00648383641059 0.999999523794 0.000805788096813 0.000419938171894 -0.000356047437811
1659006932.316798925 -0.00909138826747 0.00190824206771 -0.00609082038861 0.999999703378 0.000486888227711 0.000544433436832 -0.000244490533161
1659006932.416138172 -0.00884442211414 0.000742564217095 -0.00637623759733 0.999999641798 0.000513872439101 0.000609179865805 -0.000285024626581
1659006932.519416332 -0.00730107803507 0.000122935551337 -0.00858369132136 0.999999487985 0.000951561407501 0.00014978797926 -0.00031004037175
1659006932.617872238 -0.00800228922497 0.000603758204778 -0.0102954608091 0.999999414927 0.000988275865072 0.000288399209765 -0.000332088176831
1659006932.719363213 -0.00847290661602 0.000794850316459 -0.00974732254798 0.999999542864 0.000758217752282 0.000374154048235 -0.000446526242157
1659006932.819563389 -0.00876025420216 0.00117740504156 -0.00890934469938 0.999999456247 0.000859366227913 0.000525745812573 -0.000269420517378
1659006932.920546532 -0.00865136991448 -0.000130360682624 -0.00842532932028 0.999999542338 0.000748615588961 0.000438981302748 -0.0004027332851
1659006933.021285534 -0.00881063944954 0.00104984326362 -0.00574823297707 0.999999469653 0.000799305147298 0.000502806632966 -0.000411083186755
1659006933.122025967 -0.00745329740415 0.000561734696998 -0.00649260371998 0.999999698192 0.000512183396704 0.000512493787967 -0.000280416730816
1659006933.222999096 -0.00758680004973 0.00169213309612 -0.00773441831963 0.999999401471 0.000793739443485 0.000381863491241 -0.000649010943337
1659006933.323758602 -0.0055495044994 0.00181523810316 -0.00741298876336 0.999999697249 0.000684197673076 7.26638182231 -0.000363449635807
1659006933.424715757 -0.00648405340579 0.00173147088048 -0.00477959476566 0.999999846811 0.000462863979922 0.000207421633592 -0.000221609125804
1659006933.525548458 -0.0070517966149 0.000762046269984 -0.00370764874616 0.999999749887 0.000534392282798 0.000363266981201 -0.00028755614207
1659006933.626424313 -0.00676325546307 0.00191841371301 -0.00578699247206 0.999999645449 0.000812031467867 0.000135220574303 -0.000177260382516
1659006933.727267265 -0.00687709499035 0.000912137951849 -0.00787785718491 0.99999964905 0.000773692814353 0.000103899754173 -0.000304145236709
1659006933.828167200 -0.00708918137944 -0.00072754229303 -0.00511284835811 0.999999722521 0.000278700412074 0.000552353995403 -0.000414956028081
1659006933.928985119 -0.00613521263557 0.00126215042296 -0.00564246802668 0.999999545068 0.000825092645992 5.60847750839 -0.00047533189992
1659006934.029816628 -0.00584883818948 0.000679229904894 -0.00739312160462 0.999999630699 0.000679468070416 0.000205119939995 -0.000484614219345
1659006934.130701065 -0.00728798017213 0.000898458166986 -0.00882182846308 0.999999535899 0.000834019192242 0.00025189893398 -0.000411290973383
1659006934.231610298 -0.00807911264983 0.000438014902736 -0.00742004958909 0.999999534066 0.000805492624472 0.000422574286764 -0.000323233098444
1659006934.332435608 -0.00766201610531 0.000909717811655 -0.0058136870985 0.999999670071 0.000685849750335 0.00022379223596 -0.000373341646214
1659006934.433282375 -0.00711225334787 0.00027283390057 -0.00575750379902 0.999999706733 0.000482101999598 0.000589835535047 -7.87742757329
1659006934.534106255 -0.00665127499028 -0.000504664196592 -0.00239508560499 0.999999697246 -0.000138105114887 0.000691239689931 -0.000329578214761
1659006934.634901524 -0.00619834844746 -0.000581434982107 -0.00521450040797 0.999999735853 0.000537252776779 0.000393428027298 -0.000291319462986
1659006934.735798836 -0.00533603600535 -0.00054489577122 -0.00740226911424 0.999999580257 0.000731124198909 0.00046660071133 -0.000295340582135
1659006934.836711884 -0.00225217555353 -0.000863516311318 -0.0104836915522 0.999999464891 0.000988413710766 -9.54255986011 -0.000290086117783
1659006934.937582016 -0.00395099609072 0.000545400362767 -0.00878756881574 0.999999823376 0.000131399695567 0.000561501200465 -0.000143871162546
1659006935.038462639 -0.00499918985764 -0.000350019020705 -0.00987312165163 0.999999674136 0.000721391016608 0.000229929048938 -0.000280100067512
1659006935.139314890 -0.00603705766966 0.00272866648334 -0.0106137949132 0.999999061016 0.00131525994714 -0.000118446713298 -0.000366099066337
1659006935.240162849 -0.00644153387191 0.00181365898668 -0.0104540028493 0.9999994678 0.000800893117177 0.000629116081492 -0.000164870964784
1659006935.340989590 -0.00632751412543 0.000857417542784 -0.0125205729699 0.999999206914 0.00112542663819 -4.26401299851 -0.000565302699593
1659006935.441869736 -0.00676799375361 0.000987510919069 -0.0102353222674 0.999999531195 0.000835916265431 0.000292809006715 -0.000391300193798
1659006935.542743683 -0.00603260633703 0.00174099420693 -0.0112907957533 0.99999944276 0.000871504006926 0.000404022401093 -0.000437864459197
1659006935.643614292 -0.00586159786743 0.00138397553132 -0.00949353721596 0.999999733329 0.00058154101032 0.000133344518526 -0.000421155260163
1659006935.744409084 -0.00586910571053 0.000746131147623 -0.0106065224792 0.999999290948 0.00109068384835 -7.52191586863 -0.000472074304159
1659006935.845285177 -0.00740704926406 0.000606485912093 -0.00705499902951 0.999999508805 0.000921373170233 0.000112001961265 -0.000347731328771
1659006935.946157217 -0.00677960497866 -0.000460999124505 -0.00613082695063 0.999999152197 0.00118646900355 -0.000300307701351 -0.000444647935079
1659006936.046988010 -0.00625131000162 -0.000458171192934 -0.00422983213766 0.999999616134 0.000636041165617 0.000527875454318 -0.000290741875257
1659006936.147846222 -0.00435926140699 -0.0010655511901 -0.00194018840398 0.999999869802 0.000380173790667 0.000145530996642 -0.000307708277308
1659006936.248719931 -0.005090303955 -0.000709952771601 -0.000383457438257 0.999999815051 -7.57425610328 0.00045149636422 -0.000400389223498
1659006936.349608183 -0.00669565108536 -0.000214194000919 -0.00242877344291 0.999999653729 0.000438688886289 0.000430400221108 -0.000561115232049
1659006936.450482845 -0.00874328278274 -0.00121264442768 -0.00310314391265 0.999999589646 0.000369017552814 0.000681337459566 -0.000469374976656
1659006936.551287174 -0.00684978415479 -0.00159568524182 -0.00659119958601 0.999999516145 0.000778693712399 0.000516073341139 -0.000308243000742
1659006936.652171612 -0.00610666935016 -0.000782136685346 -0.00813953848908 0.99999928434 0.00103730393952 0.000206790714506 -0.00055906768133
1659006936.753015041 -0.00542196670246 -0.00182054574108 -0.0052704366609 0.999999477641 0.000872940489585 0.000329699607541 -0.000417121735436
1659006936.853781223 -0.00456226195077 -0.000936595180075 -0.0067807336161 0.999999446042 0.000955662869998 0.000209031590087 -0.000388497263726
1659006936.954744339 -0.00393140779971 -0.00047934468265 -0.00676333009164 0.999999559402 0.000839999596224 0.000177915408901 -0.000379398482767
1659006937.055511475 -0.00501954924139 -0.000669217235512 -0.00810936778917 0.999999146267 0.00123998751075 0.000197752546587 -0.000361647993491
1659006937.156442165 -0.0057222358287 -0.000844021772748 -0.00919828970013 0.99999951655 0.000839283013336 0.000316942656387 -0.000402556469547
1659006937.257276058 -0.00544866486156 0.000670816690976 -0.0103354845293 0.999999138591 0.00121731041743 0.000256672759695 -0.000418440278196
1659006937.358205557 -0.00546003550984 0.000685344783869 -0.00865030376362 0.999999441022 0.00089975373058 0.000112409173052 -0.0005438402195
1659006937.459006310 -0.00599063263241 0.000374368388712 -0.00612723247706 0.999999734768 0.000191836549159 0.000632826670364 -0.000305275098372
1659006937.559838533 -0.0055314889909 0.000950423461082 -0.00758230612507 0.999999554967 0.000591199775477 0.000609625023351 -0.00041098191987
1659006937.660703897 -0.00513344855228 0.00058200387771 -0.00580671194907 0.999999867561 0.000260626086555 0.000440437381809 -5.44723549047
1659006937.761602640 -0.00354214992888 -0.000404974080596 -0.00890105956731 0.999999239141 0.00116261727388 -5.23376704479 -0.000409022143328
1659006937.862404823 -0.00498756480197 -0.00023436319624 -0.0065245015789 0.999999579952 0.000765250918833 0.00029636677259 -0.000408231871994
1659006937.963278294 -0.00628279753985 -0.00156028369634 -0.00350967525389 0.999999679235 0.000172247349164 0.000715539225721 -0.000316012109878
1659006938.064135790 -0.00584103940406 -0.0010906540847 -0.00780022379212 0.999999668496 0.000698199848371 0.000260431911315 -0.000328176327625
1659006938.165004730 -0.00460060010759 -0.00148680894857 -0.00601236977892 0.999999903383 0.000330088127273 7.51779395413 -0.000280398427647
1659006938.265866041 -0.004883009546 -0.00106065155363 -0.0084569906565 0.999999289467 0.00108672832586 0.000180922712929 -0.000455361797217
1659006938.366699696 -0.00568882682159 -0.000882324719291 -0.00739255794719 0.999999742039 0.000507928374943 0.000244427868582 -0.000445179827811
1659006938.467544079 -0.00413899353058 -0.000521784632293 -0.00791832018805 0.999999594188 0.000768676330831 5.48211985199 -0.000466641882193
1659006938.568407774 -0.00537791311162 -0.00131907438194 -0.00883390118171 0.999999739921 0.000416800586621 0.000227308623721 -0.000542922810712
1659006938.770115137 -0.00498093682848 -0.00159888585821 -0.00657688417197 0.999999595092 0.000738322992222 7.87775920425 -0.000508418262286
1659006938.871085644 -0.00545713596562 0.000110740343825 -0.00452913055859 0.999999730386 0.000534594495961 0.000205556985019 -0.000459545338883
1659006938.971854687 -0.00630251453296 0.00125618979522 -0.00464659849095 0.999999748577 0.000253558525499 0.000429005769558 -0.000504487044716
1659006939.072698593 -0.00718973197834 0.000891257463485 -0.00435325536844 0.999999767482 0.000432105137975 0.000241935202549 -0.000468816602078
1659006939.173508406 -0.00666363813438 0.000329370198033 -0.00593216814698 0.999999697764 0.000461331115351 0.000523390940257 -0.000343086022218
1659006939.274418116 -0.00530081578882 0.00115240428151 -0.00761015651301 0.999999360866 0.00103895137247 0.00023917836113 -0.000376352032546
1659006939.375281334 -0.00526523869289 0.00112349717852 -0.00810086752225 0.999999575294 0.000619114897696 0.000300419880682 -0.000613070976943
1659006939.476148367 -0.0050241467282 0.000377130850093 -0.00665366538496 0.999999509133 0.000784809250593 0.000174994247255 -0.000578951572657
1659006939.577016592 -0.00482013157491 -0.000884362988948 -0.00604679979931 0.999999648633 0.000563211200173 0.000522707533496 -0.000335116967681
1659006939.677859306 -0.00324968870032 -0.000400797571465 -0.00653878626978 0.999999797317 0.000502574937187 0.000247846646302 -0.000302250516212
1659006939.879562378 -0.00462334700005 -0.000520362950506 -0.00936431485806 0.999999528463 0.000752015086466 0.000126308522088 -0.000601326097876
1659006939.980349541 -0.00372095950179 0.000642773927167 -0.00906403955106 0.999999473856 0.000772221534319 0.000516398704747 -0.000435078749
1659006940.182162285 -0.00701270632686 -0.000935434433319 -0.00951825531923 0.999999593057 0.00079984833905 0.00017699770766 -0.000377888949039
1659006940.283013344 -0.00633523297852 0.000717482822461 -0.0109030747516 0.999999025411 0.0011602233655 0.000604562672488 -0.000487403168307
1659006940.383826256 -0.00651219578742 -0.000467464105445 -0.0126332884707 0.999999498269 0.000900468735144 0.0002552132369 -0.000357049411382
1659006940.484722614 -0.00683989239831 -0.0020598924425 -0.00814246207274 0.999999561544 0.00014525299148 0.000699709107858 -0.000605160879848
1659006940.585552692 -0.00619733876925 -0.00146582179778 -0.00811145113305 0.999999256678 0.00111491924025 -5.58222412898 -0.000490389967896
1659006940.686427116 -0.00778081931088 -0.00135930709833 -0.00963133845388 0.99999937806 0.000586959341135 0.00066414852003 -0.0006769522604
1659006940.787436962 -0.00530496092549 -0.000745283240433 -0.0104770382095 0.999999484222 0.000820341225444 0.000286573051679 -0.00052580548394
1659006940.888167858 -0.004356633785 -0.00114210822975 -0.0121574457436 0.999999164414 0.00117393214109 0.000366343615081 -0.000398555848524
1659006940.988989830 -0.00316652437531 -0.00123214343305 -0.00938330278676 0.999999491941 0.000866641440171 0.000194417153623 -0.000476708828523
1659006941.089893341 -0.00171125211153 -0.00188918821411 -0.00844193782973 0.999999823801 0.00035629206235 0.000359964640034 -0.000309644419351
1659006941.190733433 -0.0014464991822 -0.00139501244179 -0.0101896230658 0.999999712589 0.000654917063529 -4.70815101699 -0.000381946491284
1659006941.291621208 -0.00279186730115 -0.000738167003035 -0.00817567552269 0.99999987752 0.000311600505528 0.0003067160724 -0.000231927761163
1659006941.392412663 -0.00296076189121 -0.000541747963132 -0.00830558524523 0.999999439125 0.0010006217606 0.00012082593468 -0.000325433502262
1659006941.493277550 -0.0039490019885 0.0022663024481 -0.0108111779507 0.99999924902 0.00108628266345 0.000177161342945 -0.000539038725184
1659006941.594138384 -0.00399674209524 0.00288132144063 -0.0103960599361 0.999999248674 0.00113813606582 0.000163957500326 -0.000424753657002
1659006941.695027351 -0.00386574952555 0.00302759520798 -0.0106626221918 0.999999642615 0.00071545843173 -5.90935115193 -0.000446538037702
1659006941.797223091 -0.00393171447636 0.00037491120293 -0.00958704801813 0.999999888911 0.000248704945515 0.000307750988158 -0.000256150477747
1659006941.896714211 -0.00515066690652 -0.000723867627435 -0.0102762835024 0.999999492561 0.000887567413656 0.000172995150039 -0.000444043075819
1659006941.997602701 -0.00451575783284 -0.00126764411431 -0.010319247514 0.999999330621 0.000964513792149 2.60818471745 -0.000638584357912
1659006942.099393368 -0.00613612504682 -0.000669726824317 -0.00914706124422 0.999999789448 0.000416771879238 0.000297582141891 -0.000398559414852
1659006942.199363708 -0.00549605753249 0.000115698530698 -0.0102847800999 0.999999573747 0.000713638902258 0.000306459111295 -0.00049930653166
1659006942.300160408 -0.00478516340803 -0.000572475682421 -0.011479998546 0.999999233073 0.00108791181818 -2.07162932251 -0.00059150054537
1659006942.401034594 -0.00410459771065 -0.000109184830764 -0.00903886442899 0.999999586584 0.000736641465838 0.000280376688634 -0.000453408951425
1659006942.501765251 -0.00529773404822 -0.00148125578696 -0.00746224303351 0.999999649708 0.000435521715767 0.000633741426799 -0.000330568870688
1659006942.602812290 -0.00482220283181 -0.000433904824943 -0.00959011605789 0.999999448815 0.0007913544012 0.000366642598654 -0.000584551638419
1659006942.703578472 -0.00447083433467 -0.000810996266496 -0.0099315580436 0.99999930891 0.000896948750321 -0.000231152375489 -0.000724037385355
1659006942.804470062 -0.0045392328474 -0.000735656759796 -0.0140470137793 0.999999516359 0.000821963595895 0.000312418652096 -0.000440513643363
1659006942.905169249 -0.0042139006727 0.000210031464847 -0.0125730346879 0.999999693973 0.000601411872886 0.000336431027702 -0.000370368111668
1659006943.006145239 -0.0052490783895 0.00142930025887 -0.0124759094899 0.999999612822 0.00083002438529 -3.24890139418 -0.000290446936023
1659006943.106988907 -0.0044588468841 0.000392424890811 -0.00794032489986 0.999999717367 0.000432581187722 0.000151958224646 -0.000595859510118
1659006943.207844496 -0.00740308625619 0.00183184200652 -0.00901589484008 0.999999226502 0.00110850320641 0.000369973811314 -0.000425835181798
1659006943.308717012 -0.00775968021502 0.00139912639148 -0.00949426539919 0.999999586437 0.000747421157258 0.000106641878674 -0.000507063947006
1659006943.409559011 -0.00620771476675 0.00122262881038 -0.00928937663114 0.999999514031 0.000728265360844 0.000369521688465 -0.000552286701835
1659006943.510409594 -0.00591616834531 0.00224060219545 -0.0124077926489 0.999999245742 0.00113962088446 -9.75975745958 -0.000447498056412
1659006943.611286640 -0.00534691622723 0.00133647833004 -0.0109506887913 0.999999333912 0.00098189033043 0.00031409376855 -0.00051904906244
1659006943.712155104 -0.0055446354069 0.000171429781295 -0.00977387285201 0.999999508572 0.000821057439556 9.05052788833 -0.000548206175784
1659006943.813057899 -0.0067845382091 -0.000102121187125 -0.00854460376344 0.999999706611 0.000585811584193 0.000332000422908 -0.000365209726023
1659006943.913854361 -0.00524128677516 -0.00105063519564 -0.0101392763611 0.999999416166 0.000867483401284 8.7598733002 -0.000638331419468
1659006944.014748573 -0.00675615324964 -0.00186775918685 -0.00897393660095 0.999999370657 0.000894529538276 0.000176285424917 -0.000653777820918
1659006944.115628719 -0.0063625919241 -0.00161101167472 -0.00764287490477 0.999999447123 0.000816441766166 0.000225421769392 -0.000623186348479
1659006944.216427803 -0.00670992476377 -0.00223496854626 -0.007599561209 0.999999595155 0.000233281867327 0.0006522193985 -0.000574351471461
1659006944.317267418 -0.00683104839086 -0.00124348068557 -0.00647602678888 0.999999496495 0.00077771821605 0.000390567902715 -0.000499620760642
1659006944.418171883 -0.00536208983934 -0.00114283149711 -0.00947949805413 0.999999320311 0.000964800174722 4.26977962259 -0.000653234180115
1659006944.518975735 -0.00466265115174 -0.000712119763581 -0.00929891944717 0.999999373455 0.000895741217099 -7.11708314987 -0.000667586248069
1659006944.619880199 -0.00416127152605 -0.000811347244161 -0.00515082006617 0.999999605244 0.00051579268239 0.000407780565187 -0.00059765001397
1659006944.720752239 -0.00479789433365 -0.000334265957068 -0.00639487644161 0.999999598091 0.000625288801712 0.000266071493802 -0.000584839407631
1659006944.821608067 -0.00523385590013 -0.000440992660985 -0.00457556160991 0.99999975626 0.000293444232051 0.000395988400344 -0.000494533414093
1659006945.023286343 -0.00626646032313 -0.00184014714458 -0.00793694896006 0.999999756468 0.000257010306376 0.000455858675448 -0.000461738916013
1659006945.124143124 -0.00569365498838 -0.00210525253985 -0.00461553657448 0.99999957562 0.000730385504184 0.000198092561161 -0.000525409963777
1659006945.224935770 -0.00644613103169 -0.000779156532667 -0.00648760833487 0.999999366919 0.000949976235231 0.00043815288149 -0.000414400435398
1659006945.325886250 -0.00590588498738 -0.00227666190759 -0.00594199720186 0.999999783797 0.000306286325669 0.000423159552564 -0.000399411473643
1659006945.426751137 -0.00597614137478 -0.00144255191327 -0.00655652647677 0.999999408517 0.000744761069459 0.000617621848859 -0.000496830353642
1659006945.628452778 -0.00669365089875 -0.00119569654651 -0.00477256255054 0.99999956118 0.000521466434286 0.000687745297642 -0.000364307120471
1659006945.729305744 -0.00640031876221 -0.000360527175493 -0.00709856421681 0.999999243332 0.00101047609171 0.000304385827797 -0.000632156654944
1659006945.830137730 -0.00675003734269 -0.000435903676347 -0.00430267869623 0.999999495153 0.000681338117664 0.000425902720382 -0.000603388970453
1659006945.930856943 -0.00623775160679 0.000947825158364 -0.00771534059838 0.999999430732 0.000794783527329 0.000481349853347 -0.000524554957781
1659006946.132696152 -0.00396630661184 -0.000747186376937 -0.00640161181367 0.999999246419 0.000980287803749 0.000441188911898 -0.000592916505878
1659006946.233592510 -0.00420605675062 -0.00123771949108 -0.00600415889108 0.999999555265 0.000765417401539 0.000199242358232 -0.000513720112529
1659006946.334416628 -0.00556862059037 -0.000597754128054 -0.00404942579885 0.999999503162 0.000218847552026 0.000903415771073 -0.00036002848525
1659006946.435336590 -0.00490339862186 -0.000301197543578 -0.0057337821081 0.999999022821 0.00127945105738 -1.25383449619 -0.00056320949745
1659006946.536175728 -0.00472096165346 0.000305286700889 -0.00585489199293 0.999999765976 0.000413154707201 0.000353418534943 -0.000415265356009
1659006946.637003422 -0.00469821209467 0.000412606869228 -0.0066142176203 0.999999652697 0.000581602722726 0.00034039601462 -0.000490381505949
1659006946.737855196 -0.00526152719815 0.000414980869288 -0.00508331386612 0.999999587001 0.000777376891618 0.000382308810267 -0.000274814142098
1659006946.838611126 -0.00461904346987 -0.000791772228808 -0.00904298369489 0.999999265116 0.00109240720426 0.000229697055343 -0.000472919736414
1659006946.939574718 -0.00555303528366 -0.0019049995162 -0.00830665994834 0.999999615636 0.000790547106653 0.000258322122854 -0.000277545693174
1659006947.040461063 -0.00565589679286 -0.0010154490009 -0.00795003363029 0.999999323561 0.000855249198233 0.000369279442108 -0.000696462119927
1659006947.141269207 -0.00560408619872 -0.000972361991929 -0.00978292062768 0.999999017765 0.00127144569136 0.000169390782774 -0.000564979672384
1659006947.242139816 -0.00609792019468 -0.000519102065479 -0.0080013569883 0.999999682192 0.000470211891539 0.000454845400577 -0.00045566777459
1659006947.343117237 -0.00439862318586 0.000352459949577 -0.00817101652571 0.999999501878 0.000755564220489 0.000372867991172 -0.000535103106375
1659006947.443851948 -0.00456336870469 0.0018464677607 -0.00905715541354 0.999999128268 0.00109057482069 0.000555134762307 -0.000495918377829
1659006947.544701099 -0.00442406817302 0.000262001650157 -0.00652362985041 0.999999519656 0.000684138747101 0.00045254386858 -0.000536513235299
1659006947.645472288 -0.00507367269414 0.000831971653985 -0.00479487751142 0.999999577548 0.000773824274687 0.000382825368276 -0.000315506852467
1659006947.746428967 -0.00495623416329 -0.000168804998471 -0.00404111161002 0.99999959538 0.000589776883934 0.000517494743495 -0.000440003214451
1659006947.847273350 -0.00414158604707 -0.000490615691251 -0.0050995089081 0.99999920092 0.00107651309323 0.000395017422513 -0.000532203334808
1659006947.948120594 -0.00558084632002 0.000780169600627 -0.00776520021817 0.999998992087 0.00120514651655 0.00028386698163 -0.000694886392053
1659006948.048989296 -0.00451735904818 0.000911136721111 -0.00676632916201 0.999999079602 0.00123059232333 7.10132773577 -0.000566917372219
1659006948.250695705 -0.0047485142953 0.000709068894718 -0.00763929380746 0.99999941664 0.000819418320597 0.000473201490887 -0.000520916085842
1659006948.351603985 -0.00388528910188 -0.000452711647963 -0.00425161871837 0.999999354165 0.00103441488458 0.000216841006769 -0.00041789326774
1659006948.452452660 -0.00433974194337 -0.0013013040302 -0.00611287032205 0.999999255507 0.000925669362609 0.000332745136453 -0.000722081567653
1659006948.553229332 -0.00472124622872 -0.00140999329094 -0.00678720357863 0.999999357582 0.000940115277464 0.000249836269514 -0.000581893994162
1659006948.654148817 -0.00577891603135 -0.00267976173151 -0.0061482164677 0.999999424967 0.000835241874593 0.000474772850074 -0.000476474121186
1659006948.754945040 -0.00570530479693 -0.0027503262548 -0.00859380801207 0.999999398698 0.0008383604457 0.000332101299929 -0.000624070438209
1659006948.856013775 -0.00458361796746 -0.00211420535196 -0.00676334722631 0.999999514591 0.000602327219606 0.000587780655918 -0.000512380775083
1659006948.956681252 -0.00490830381384 -0.00182075627652 -0.00705951243812 0.999999360877 0.000952154906336 0.000472652939574 -0.00038502717932
1659006949.057604074 -0.0032812621138 -0.00147359710037 -0.00614693131205 0.999999354715 0.000801292249086 0.000572267877116 -0.000566577487986
1659006949.158430099 -0.00383471736351 -0.000963028882707 -0.00598510296639 0.99999946198 0.000871922501242 0.000299470665336 -0.000475508540543
1659006949.259254932 -0.00423625141509 -0.00111463017991 -0.00626603871275 0.999999248606 0.000978516951417 0.000261077615365 -0.000690745570291
1659006949.360020638 -0.00572299526751 -0.00063898124241 -0.00514156111927 0.999999262647 0.00101353243494 0.000342523449256 -0.000574572840849
1659006949.461040974 -0.00480918126459 -0.00124896568433 -0.00289368927535 0.999999611959 0.000591114359579 0.000364174222435 -0.000542257576999
1659006949.561870575 -0.00395098834079 -0.00305007295619 -0.00315659031966 0.999999747994 -1.22644738967 0.000575717530351 -0.000415223829794
1659006949.662770748 -0.00419396712222 -0.00207049713523 -0.0051618911053 0.999999570103 0.000547941867618 0.000536676580059 -0.000521086745813
1659006949.763559341 -0.00354551933136 -0.00284898723367 -0.00637266326899 0.999999651518 0.000484306791288 0.000565841053987 -0.000377140651179
1659006949.864412308 -0.00437951714956 -0.000899841361426 -0.00716750546958 0.999999199372 0.00119942559781 0.000129111350182 -0.00038205217456
1659006949.965304375 -0.00372609266615 -0.000896929286734 -0.00658226286609 0.999999700797 0.00049963561066 0.000293723538345 -0.000512344460001
1659006950.066057444 -0.00398314848998 -0.00124140638959 -0.00715541340205 0.999999617821 0.0007031718839 0.000372450560957 -0.000362197324623
1659006950.166996002 -0.00352061627501 -0.000228611564273 -0.00754905465535 0.999998680753 0.00154225885764 5.2965093849 -0.000509804995686
1659006950.267846584 -0.0047544200426 -0.00156930533565 -0.00746051617525 0.999999433018 0.000641403662232 0.000680249879376 -0.000509730493669
1659006950.368692636 -0.00570266506806 -0.00237227373089 -0.00406118707967 0.999999701735 0.000513669831481 0.000399477362823 -0.000416042354135
1659006950.469557762 -0.00510453920534 -0.00261327285117 -0.00680497108928 0.99999941638 0.000593931089887 0.000711826879136 -0.000554786411727
1659006950.570457935 -0.00474476834134 -0.00164160713997 -0.00770592597771 0.999999456846 0.000786048836951 0.000398195763064 -0.000556663612547
1659006950.671283722 -0.00509449920327 0.000104774364596 -0.0104699849681 0.999998877568 0.00139301222899 -5.70074932743 -0.000548752815902
1659006950.772172451 -0.00577437395228 -0.00113121247592 -0.0124435327751 0.99999900527 0.00120490333098 0.00031548094273 -0.000661919660222
1659006950.872927666 -0.00674990509537 -0.00251686735924 -0.0121159913024 0.999999139239 0.00102285071392 0.000667061442571 -0.000479923936967
1659006950.973862648 -0.00633945285108 -0.00144323867849 -0.00974811974347 0.999999543616 0.000585511311262 0.000345868485547 -0.000671058718358
1659006951.074709654 -0.00526477528215 -0.00137910650506 -0.00891705253893 0.999999153629 0.00111680042389 0.000307768029322 -0.000592264398754
1659006951.175559044 -0.0040179372626 -0.00144939961309 -0.00946276404441 0.999999436078 0.000992626412932 0.000218622349611 -0.000307799113551
1659006951.276423454 -0.00354437134739 -0.00195178062901 -0.00802253433688 0.999999600618 0.000657586732877 0.000307713273923 -0.000521205215371
1659006951.377318382 -0.00502466133442 -0.00189799858031 -0.00557612503973 0.999999595588 0.000667671079318 0.00025729275332 -0.000544830580481
1659006951.478098392 -0.00494200228051 -0.00129177019299 -0.00520619302648 0.999998911111 0.00132084538717 0.000148530410418 -0.000641157789261
1659006951.579003334 -0.00464276078725 -0.00203288794507 -0.00422291890718 0.999999381443 0.000936605565306 0.000271334416482 -0.000535033854325
1659006951.679868698 -0.00498697501126 -0.00128098940215 -0.00526064436468 0.999999189301 0.00112303440074 0.000337773686255 -0.000496083649437
1659006951.780719757 -0.00500157491396 -0.000962723339913 -0.00539261603426 0.999999534537 0.000548297784227 0.000533166536625 -0.00058824132679
1659006951.881574154 -0.00531315122291 -0.000850355859634 -0.00672252831162 0.999999557261 0.00063100270027 0.000467273120916 -0.000518622797853
1659006951.982438087 -0.00600942417276 -0.000220397308408 -0.00715884409006 0.99999938734 0.00068765119319 0.000791463647165 -0.000355020995581
1659006952.083311319 -0.00651569988427 0.000159105622737 -0.00622286685429 0.999999607471 0.000276707379398 0.00070567596858 -0.000458815079727
1659006952.183921576 -0.00679232282117 0.00128103193346 -0.00756886370876 0.999999344393 0.000877426107243 0.000432842751333 -0.000594965969734
1659006952.385767460 -0.00526544544553 0.00133080081835 -0.00841979586212 0.999999172136 0.00112956067758 0.000299057401309 -0.000538873255916
1659006952.486717939 -0.0053253055454 -0.000352791573119 -0.00788045088716 0.999999228039 0.00104340158814 0.00010031050239 -0.000667212774296
1659006952.587566376 -0.00577064452793 -0.000620028993804 -0.00797288442749 0.999999484377 0.000737757504535 0.000363406805413 -0.000595730258455
1659006952.688463688 -0.00630679226346 0.0012681669103 -0.00892766935776 0.999999100458 0.00104997470105 0.000469018432768 -0.000690404242669
1659006952.890136242 -0.00300660433517 -0.00108151690415 -0.00575599893389 0.999999525681 0.000666275175881 0.000531498336353 -0.000471407211025
1659006952.991032600 -0.00429052371917 -0.00307430107389 -0.00767059650126 0.999999460242 0.000804124629944 0.000348509219499 -0.000558069109201
1659006953.091890097 -0.00512686981559 -0.00374512837458 -0.0051475990061 0.999999410051 0.00035544773845 0.000733204476818 -0.000718307949262
1659006953.192722321 -0.00410269956785 -0.00210338533462 -0.00583828689157 0.999999379609 0.000813729997997 0.000429539941531 -0.000627789335141
1659006953.293596029 -0.00462010104168 -0.000626629610143 -0.00826726609349 0.999999429372 0.000695225649163 0.000696231549476 -0.000416147479325
1659006953.394437313 -0.00358101696573 -0.00121310567998 -0.00611335601916 0.99999968038 0.000478843062724 0.000439614493029 -0.000465496727113
1659006953.495306492 -0.00371413547261 -0.00157659187878 -0.0080058472992 0.999999367959 0.000925974059241 0.000409645551302 -0.000488716613167
1659006953.596136093 -0.00495832958974 -0.00078917734957 -0.00673519283628 0.999999232957 0.000895411139546 0.000483846875676 -0.000705843813687
1659006953.696994543 -0.00604643771901 -0.000262519127693 -0.00699847523036 0.999999301994 0.000575614238283 0.000803232701325 -0.000647685145819
1659006953.797857761 -0.00715825154115 -0.000910506391008 -0.00514044744298 0.999999394258 0.000565549813457 0.00051610603474 -0.00079074051935
1659006953.898729801 -0.00654196142192 -0.00137247491955 -0.0048534711129 0.999999436536 0.00081826851209 0.000419371896624 -0.000530557144345
1659006953.999521732 -0.00574764755896 -0.00114943741998 -0.00335854591964 0.99999935034 0.000421055686033 0.000968463710829 -0.000429080484473
1659006954.100352764 -0.00552505805092 -0.0017456083367 -0.0062479696941 0.999999648214 0.000542060449477 0.000487154544304 -0.000415236867859
1659006954.201355934 -0.00362858018532 -0.00057819069049 -0.00483894482657 0.999999517319 0.000751830143844 0.00040509565089 -0.00048580902438
1659006954.302170277 -0.00208269869362 -0.000863197861813 -0.00678314973872 0.999999547784 0.000692024359541 0.00040026218888 -0.000515095950076
1659006954.403041840 -0.00435330745513 -0.00315913966639 -0.00487477751744 0.999999505479 0.000248030553473 0.000868694710387 -0.00041580268828
1659006954.503726959 -0.00533272282062 -0.00336068481173 -0.00555109112776 0.9999995312 0.000586588222186 0.000662866348663 -0.00039258347545
1659006954.604733706 -0.00655353819768 -0.00259815374365 -0.00517433600024 0.999999345226 0.000720308262179 0.000533733911095 -0.000711218588758
1659006954.705583572 -0.00744336774218 -0.00132118799978 -0.00610625913179 0.999999383913 0.000619603260625 0.000690594859713 -0.000609379272156
1659006954.806427956 -0.00536455697886 -0.00181378703766 -0.00794989926682 0.999999485651 0.000579199487748 0.000572621488146 -0.000604425269186
1659006954.907231092 -0.00569298880722 -0.00147696889557 -0.00702440474093 0.999999625069 0.000334207453398 0.000732008526694 -0.000319892613565
1659006955.008165359 -0.00670086625612 -0.00243346173899 -0.0053589212893 0.999999389288 0.000540219264679 0.000520804000191 -0.000811387349442
1659006955.108928204 -0.00727391907583 0.000264570285991 -0.00533844250091 0.999999578604 0.000450266501219 0.000545750623911 -0.000584985913261
1659006955.209846497 -0.00617177688047 0.001860616697 -0.00727510967367 0.999999312639 0.000878447252246 0.00044427533564 -0.000636923888663
1659006955.310761929 -0.00560776071762 0.000493195675283 -0.00887944351304 0.999999363466 0.000674398673314 0.000606085381994 -0.000671500965454
1659006955.411554813 -0.00448709128599 0.000212729942953 -0.0105812730211 0.999998321654 0.00158319506425 0.000127919084669 -0.000913137046224
1659006955.512437820 -0.00586381306535 -0.00252683787556 -0.0103965805842 0.999999351798 0.000744298281085 0.000671836052195 -0.000539499263324
1659006955.613280773 -0.0062319648427 -0.000241286488001 -0.00719533814616 0.999999395374 0.00060418336112 0.000636181757239 -0.000662937305007
1659006955.714186192 -0.00462475140082 0.000598318258869 -0.00842850128057 0.999999486472 0.000815078892696 0.000311971340142 -0.000515146694536
1659006955.814991236 -0.00533018441183 -0.00168230962564 -0.00412112383976 0.999999592272 0.000218202275649 0.000591212694012 -0.00064676961772
1659006955.915851116 -0.00608004127541 -0.00107856471305 -0.00315022790969 0.999999608798 0.000555282418232 0.000385381899525 -0.00057056657562
1659006956.016768217 -0.00567012157575 -0.000987471333438 -0.00267530995664 0.999999622521 0.000421945883399 0.000406542477402 -0.000641593998579
1659006956.117592335 -0.00390070248441 -0.00158161564129 -0.00391075717998 0.999999495726 0.00070395231334 0.000320259741498 -0.000640650218578
1659006956.218438387 -0.00508558158582 -0.00152633138966 -0.00809956338656 0.999998998235 0.000722520491453 0.00102746793678 -0.000652535364974
1659006956.319279909 -0.00578342485902 -0.00207796198628 -0.0101798723146 0.999999472959 0.000626380063526 0.000640017551698 -0.000502101734498
1659006956.420133829 -0.00505317674666 -0.000807525935482 -0.0102606378554 0.999999167346 0.00102359618756 0.000362997370164 -0.000696986413508
1659006956.520990849 -0.0056832419501 -0.000868644331786 -0.00980841312531 0.999999546737 0.000625176599992 0.000474707327877 -0.000538825156501
1659006956.621865749 -0.00416524755127 -0.00250618391952 -0.00752892652969 0.999999216748 0.000842464392373 0.000535266294074 -0.000755146961719
1659006956.722720861 -0.00338204211073 -0.00282145613118 -0.00444293987062 0.999999629579 0.000337952083894 0.000595201656403 -0.000521886204649
1659006956.823607922 -0.00361165768248 -0.00270733936214 -0.00795506232422 0.999999247568 0.000995626381472 0.000331251579046 -0.000635502364123
1659006956.924330711 -0.00514020377218 -0.0016535395137 -0.00768346547762 0.999999294491 0.000557891989413 0.000849991221571 -0.00061423795947
1659006957.025271416 -0.00475771153878 -0.00159360602914 -0.00734826980805 0.999999492548 0.000495835333119 0.000589725906224 -0.00064905644207
1659006957.126142263 -0.0031319535065 -0.00136022844139 -0.00863603400505 0.999999170972 0.00116069857375 3.24034791947 -0.000556582432257
1659006957.227043629 -0.0043408697098 -0.00379002012808 -0.00551365232184 0.999999695797 0.000370934207445 0.000456572629032 -0.000512205198004
1659006957.327819347 -0.00279011585559 -0.00310327385456 -0.0045032113489 0.999999551031 0.000254982467534 0.00057748369271 -0.000706706272389
1659006957.428788662 -0.00293412140864 -0.0014732528615 -0.00644643046429 0.999999343387 0.00078633740264 0.000622569260372 -0.000554353017768
1659006957.529604912 -0.00458068107329 -0.000979242002909 -0.00716673410339 0.999999439753 0.000258963867775 0.000978513041663 -0.00030974616642
1659006957.630433083 -0.00461224478393 -0.00104352804403 -0.00995767467107 0.999999375407 0.000751838232249 0.000559041811825 -0.000609424179377
1659006957.731192589 -0.00323278120158 -0.000734934309374 -0.0101216005732 0.999999444039 0.000858039925849 9.09835994233 -0.000606143898425
1659006957.832147360 -0.00441074872869 -0.00149247261988 -0.00811191514112 0.999999463017 0.000631168259146 0.000622384142575 -0.000536870773577
1659006957.933000088 -0.00404151116648 -0.000818426759081 -0.00889104352537 0.999999287031 0.000796492355385 0.000709328734112 -0.000537018592747
1659006958.033860445 -0.00433360303609 -0.000691527404278 -0.0119965024263 0.999999179732 0.00104623255513 0.000431768121847 -0.000599589910065
1659006958.134714127 -0.00583357867268 -0.0014668091313 -0.00836828014052 0.999999230295 0.000903057944328 0.000617283986754 -0.000585539199654
1659006958.235617638 -0.00580815683889 -0.00065060179506 -0.00911258634146 0.999999378559 0.000618451665847 0.000617439275663 -0.000692219181909
1659006958.336422443 -0.00419329139578 -0.00353352221974 -0.00931654402091 0.999999356676 0.000861350671597 0.000273915826346 -0.000685340596519
1659006958.437327385 -0.00483891084016 -0.0034545446888 -0.00836302940287 0.999999328496 0.0008643873358 0.000329550597033 -0.000698024100777
1659006958.538170338 -0.00395462757267 -0.00247255958383 -0.00480856857559 0.99999945676 0.000430954274427 0.000754343334815 -0.00057595474846
1659006958.638992310 -0.00490763859586 -0.00183642792134 -0.00602129041296 0.999999282554 0.000913767814727 0.00047990107376 -0.000607958691411
1659006958.739852428 -0.00508481453585 -0.000746614062924 -0.00466606534485 0.999999524723 0.000357898468035 0.00073764964336 -0.0005275751274
1659006958.840747118 -0.00568487990393 -0.00146813380986 -0.00800339611046 0.999999097941 0.0010101000059 0.000599702096298 -0.000651284513626
1659006958.942150831 -0.0046202702112 -0.000751802500396 -0.00737473730771 0.999999453866 0.000791606253871 0.000380763726501 -0.000566255897829
1659006959.042424202 -0.00487611104691 0.000400934828753 -0.00673264365803 0.999999459509 0.000535789295069 0.000704576405685 -0.000545421184055
1659006959.143297672 -0.00498823079812 0.000765267735851 -0.00699849558192 0.999999333424 0.000604612763204 0.000836229444267 -0.000517991447258
1659006959.244072914 -0.00579224459375 0.000331188660762 -0.00641061567015 0.999999504828 0.00061936165672 0.000688191362599 -0.000364866017063
1659006959.344997644 -0.00597696928671 0.000508181336319 -0.00914840662669 0.999999228919 0.000870683802381 0.000718614543144 -0.000517362945718
1659006959.445790291 -0.00587212050372 -0.00131775134884 -0.0076518082183 0.999999373652 0.000460834203475 0.000839368928957 -0.000579471500436
1659006959.546718121 -0.00539213687629 -0.00272465879973 -0.00739492422262 0.999999306739 0.000581497463015 0.00074732509548 -0.000699919124074
1659006959.647454739 -0.00492696811365 -0.00331307907751 -0.00736697525471 0.999999235864 0.000549329529267 0.000826687128072 -0.000736950974541
1659006959.748421669 -0.00552662563947 -0.00109906719916 -0.00730240937082 0.999999098819 0.000803862030139 0.000842829001196 -0.000667687378736
1659006959.849195957 -0.0051563927776 -0.00353080022988 -0.00410270464257 0.999999538109 0.000476293142544 0.00059337851961 -0.000587221122606
1659006959.950144768 -0.00429676318403 -0.00187665716964 -0.00533824523391 0.999999508084 0.000637479548553 0.000528950892957 -0.00054558449106
1659006960.051012993 -0.00278814761195 -0.00229277554909 -0.00878824267615 0.999999312094 0.000826762402871 0.000570551169811 -0.000605595657501
1659006960.151864052 -0.00296912770988 -0.00250061557105 -0.00743734024023 0.999999400686 0.000525819268662 0.000696548714931 -0.000661030570819
1659006960.252730846 -0.00540874346154 -0.00242690827433 -0.00759333027338 0.999999180579 0.0008091217498 0.000824012107414 -0.000552419912972
1659006960.353574753 -0.00570622031801 -0.00262333816958 -0.00447806224626 0.999999644794 0.000187133785081 0.000652720576557 -0.000499347823834
1659006960.454425812 -0.00683768548035 -0.00136851893462 -0.00530642579051 0.999999415556 0.000634223139532 0.00063614005148 -0.000601643281459
1659006960.555279255 -0.00677364657242 -0.00190283446638 -0.00496593810226 0.999999402919 0.000697095885276 0.000553604799861 -0.000633829271377
1659006960.656152487 -0.00635905344155 -0.00307586939486 -0.00355897728978 0.999999488216 0.000553006509805 0.000637852510604 -0.000557580372112
1659006960.756888866 -0.00374001750387 -0.00186966867274 -0.00303795704535 0.999999475601 0.000143272672002 0.00087804441979 -0.000507254779585
1659006960.857866287 -0.00286363574295 0.000106180722702 -0.00594900824789 0.999999305091 0.000917574117845 0.000386624185392 -0.000631186882764
1659006960.958699465 -0.00327580972443 0.00071455503755 -0.00951636862072 0.999998946262 0.00131375882522 0.000327251023212 -0.000523849874825
1659006961.160463810 -0.00245480167579 0.000186463779203 -0.00844469287189 0.999999458998 0.000658016791355 0.000528730895753 -0.000607833047296
1659006961.261310577 -0.0022693364148 -0.000908504525372 -0.00785230582271 0.999999411002 0.000823537568114 0.000417356140037 -0.00057060977615
1659006961.362115145 -0.00370373190802 -0.00184133151704 -0.0058716429737 0.999999479112 0.000716771327341 0.000430482093194 -0.000585404730873
1659006961.463002205 -0.0062708290869 -0.00242578907103 -0.0051214379796 0.999999441196 0.000430511853966 0.000722475008079 -0.000640543965671
1659006961.563866138 -0.0075184412652 -0.00176538022578 -0.00553086963581 0.999999198162 0.000516462980532 0.00104644268578 -0.000491832717772
1659006961.664706230 -0.00661684446918 -0.00207333597793 -0.00687222962442 0.999999404398 0.000468641870315 0.000836260593533 -0.000521772120442
1659006961.765610933 -0.00449347303406 -0.000726264124303 -0.00756987985216 0.999999201009 0.000979358808415 0.000617821132222 -0.000507084962487
1659006961.866440296 -0.00505003929822 -0.00252369848343 -0.00560037821286 0.999999642169 0.000480459056211 0.000470437820828 -0.000513331724816
1659006961.967352867 -0.00503069784018 -0.00153077125278 -0.00708352365383 0.999999186222 0.00091898880213 0.000506091304038 -0.000725868943182
1659006962.068155289 -0.00470650622973 -0.000811160147322 -0.00611678394618 0.999999482795 0.000333932601603 0.000886449366521 -0.000370277904725
1659006962.169005394 -0.00537962957937 -0.000854697617184 -0.00194828326318 0.999999544015 0.000475142374715 0.000647561596222 -0.000516597181343
1659006962.269879818 -0.00421054649923 0.000567057621495 -0.00327719763243 0.999999486057 0.000712260886665 0.000360658020376 -0.000624897223772
1659006962.370734453 -0.00542020516278 0.000155008635629 -0.00444789685117 0.999999471404 0.000435543459406 0.000765525117557 -0.000530533203488
1659006962.471567154 -0.00565660141781 -0.00229385546438 -0.00576641327786 0.999999487584 0.000588221381287 0.000629946958686 -0.000531031560185
1659006962.572484016 -0.00642411683627 -0.00190613959334 -0.0054387205223 0.999999357374 0.000556017752296 0.000713733839699 -0.00068313992876
1659006962.673242569 -0.00452731645421 0.000357481150051 -0.00549665569564 0.999999548613 0.000450563959818 0.000680155352698 -0.00048698447984
1659006962.774113655 -0.00465326296116 -0.000989934536201 -0.00852156248691 0.99999939261 0.000496705044557 0.000925142495381 -0.000334925880918
1659006962.875007629 -0.00595379432972 -0.00108117159341 -0.00835495062391 0.999999420878 0.000789811539324 0.000559576827009 -0.000470440436781
1659006962.975940704 -0.0066333604717 -0.000663146854294 -0.00936362907431 0.999999633926 0.000502763782783 0.000462784129399 -0.000514982075869
1659006963.177599907 -0.00418887126578 -0.000301721422615 -0.00620062275288 0.999999500102 0.00087705809509 0.000235058619536 -0.000418702119153
1659006963.278435707 -0.00425227520147 -0.000488397559146 -0.00728827866793 0.999999499284 0.000668972085653 0.000404184226309 -0.000624934739997
1659006963.379275799 -0.00393024199653 -0.00155917940103 -0.00729437078995 0.999999530961 0.000499725560192 0.000643437559456 -0.000523774580708
1659006963.480139017 -0.00356225336737 -0.00221296553313 -0.00649009454236 0.999999635763 0.000339511048582 0.000567438972311 -0.000539646769541
1659006963.580993176 -0.00384184666915 -0.00137225711722 -0.00616029697324 0.999999504325 0.000483519306056 0.000676114587774 -0.000548112740603
1659006963.681823730 -0.00408684876646 -0.00171220539067 -0.00554580926416 0.999999412904 0.000676789752762 0.000395873309792 -0.000747951968884
1659006963.782636166 -0.00512413861172 -0.00253819898915 -0.00475028064349 0.999999405542 0.000267540726887 0.000899810617373 -0.000554687006994
1659006963.883563042 -0.00606889310986 -0.00181303227506 -0.00476917857541 0.99999937589 0.000632250460994 0.000695126589385 -0.000604381330064
1659006963.984421253 -0.00533146205021 -0.000353674989185 -0.00611546129931 0.999999419807 0.000696540704594 0.000588978437064 -0.000572993649861
1659006964.085308552 -0.00390642180984 -0.000625381130248 -0.0085386808501 0.999999226962 0.00101512549514 0.00031181313771 -0.000646814078118
1659006964.186157942 -0.00332680278704 -0.000383767324225 -0.00797886813372 0.999999385909 0.000916827209227 0.000250225627783 -0.000570084948206
1659006964.387828827 -0.00531389683667 -0.000751472173156 -0.00497026313056 0.999999434651 0.000426870679166 0.000876944293744 -0.000423613005311
1659006964.488727093 -0.00335398486482 -0.000510148697427 -0.00510695971576 0.99999933001 0.00082450895498 0.000532806354526 -0.00061341752201
1659006964.589476109 -0.00291819312598 -0.0010199160151 -0.00562503910092 0.999999142036 0.000775188814174 0.00085068362588 -0.000625577292114
1659006964.690429211 -0.00406476554794 -0.00214116295189 -0.00502743068434 0.999999512527 0.000390535703896 0.00080706944801 -0.000413600386855
1659006964.791223049 -0.00463229517373 -0.00068591763571 -0.00692795300034 0.99999931511 0.000941322108574 0.000504461212102 -0.000478758743624
1659006964.892192364 -0.00507253291874 -0.000573083101488 -0.00907392801149 0.999999301702 0.000945241365372 0.000381284234739 -0.000598110747333
1659006964.993005514 -0.00493136915766 0.000468483626747 -0.00776261077794 0.999999549654 0.000763661656878 0.000390358271747 -0.000406365889891
1659006965.093878269 -0.00332790777458 -0.00107954493998 -0.00967414452483 0.999999188142 0.000998719391866 0.00056680516907 -0.00055227429502
1659006965.194777489 -0.0038515293568 -0.00151968993585 -0.00917377948603 0.999998977666 0.000864439154961 0.000915706624771 -0.000677416181975
1659006965.295604229 -0.00416355544703 -0.00117649828891 -0.00519231517012 0.999999264745 0.000358156494713 0.00097628041683 -0.000623786384422
1659006965.396433830 -0.00522953613342 -0.00156772693903 -0.00550279908578 0.999999101497 0.00081053626666 0.000834501990772 -0.000666064166308
1659006965.497342110 -0.00612320564032 -0.00162386142482 -0.00807231293215 0.999999209635 0.000799154014154 0.000833112049956 -0.00049800155468
1659006965.598353863 -0.00650989358281 0.000110103010822 -0.00935144027437 0.999998913616 0.00113259355678 0.000664178534735 -0.000669974500768
1659006965.699177265 -0.00539954352285 0.00134730191481 -0.00802648540988 0.999999108036 0.000946170982313 0.000748516275898 -0.000573072172702
1659006965.799879074 -0.00496583886966 -0.000504602462275 -0.0100156690465 0.999999252523 0.000913259740858 0.000551803897755 -0.000597010838301
1659006965.900770903 -0.00465726466031 0.00130261968947 -0.00845781647876 0.999999449774 0.000966184077123 0.000117458017951 -0.000391334407449
1659006966.001580477 -0.0051173031962 0.00105688814534 -0.00793915811984 0.99999920284 0.00100376087349 0.000432106358661 -0.000632508487274
1659006966.203276157 -0.00430475475925 -0.00232523274707 -0.00255221358495 0.999999253464 0.000650995289768 0.000796235512089 -0.000659761359379
1659006966.304071903 -0.00596099196545 -0.00238334328216 0.000239897360174 0.999999004617 0.000188651955475 0.00136432810682 -0.00030624071321
1659006966.405027390 -0.00575939933469 -0.000471550833205 -0.00211856604903 0.999999343434 0.000160212353013 0.00107676511208 -0.000357827972185
1659006966.505805492 -0.00572097822572 -0.00126063951159 -0.00257360351025 0.999999217781 0.000310946179086 0.00112106888287 -0.00045929842115
1659006966.606731892 -0.00458702590753 -0.000785435443532 -0.00141836315596 0.999999541984 0.000377226516025 0.000782458499693 -0.000401857736314
1659006966.707592487 -0.00393069782742 -0.000110810168666 -0.00447940071567 0.999999513406 0.00040570145529 0.00083222112057 -0.000340590127983
1659006966.808444738 -0.0061723553256 0.00104020922056 -0.00483317583063 0.999998956156 0.000132411102827 0.00142616391009 -0.000190289556181
1659006966.909320831 -0.0041974558736 -0.00207024901894 -0.00247197249669 0.99999968957 0.000445417065898 0.00045248913415 -0.000466602001362
1659006967.010141611 -0.00259108869138 -0.00361102641031 -0.00230521571729 0.999999731959 0.00060744447529 0.000257367069968 -0.000317576875011
1659006967.111015797 -0.00352567188593 -0.000497966076706 -0.00314946064139 0.999999550936 0.000854177843806 0.000204132805829 -0.000356143000323
1659006967.211856604 -0.00427338590226 -0.000523750603622 -0.000924449983718 0.999999682095 0.000422571743064 0.000603754365485 -0.000304506088653
1659006967.312763214 -0.00460897199395 -0.00206118470713 -0.00267951165648 0.99999941128 0.000626613496775 0.000862528785293 -0.000202086603961
1659006967.413588047 -0.00498157744181 -0.00132337973998 -0.00164027203635 0.999999603456 0.000328804093234 0.0006790365682 -0.000473164183349
1659006967.514452457 -0.00551796660354 -0.00144440612604 0.000832786500898 0.999999369072 0.000385350042288 0.00095283112664 -0.000453291393065
1659006967.615297794 -0.0050187957309 -0.00204247255326 0.00105328144719 0.999999217872 0.000221079822405 0.00112910151775 -0.000490416075697
1659006967.716205120 -0.00362943947257 -0.00241372321948 -0.00240502554323 0.999999342115 0.000435628431687 0.000963377566537 -0.000444860436324
1659006967.816876173 -0.00324992669278 -0.00397288454373 0.00132426779928 0.999999430951 2.73672358046 0.00100204553652 -0.000365038666869
1659006967.917875767 -0.00363738598548 -0.00299967761601 -0.00455395667556 0.999999633409 0.000629353998115 0.000553212498318 -0.000176214589513
1659006968.018728256 -0.00483439047214 -0.000477884064045 -0.00731638427065 0.999999125374 0.000792149801352 0.000980516085832 -0.000400421865638
1659006968.220306396 -0.00506894739137 0.000701978762626 -0.00832086597091 0.999999314536 0.00100480456475 0.000439524252089 -0.000410016306821
1659006968.321297169 -0.00390248777288 0.000570733805659 -0.00682941713988 0.999999136027 0.000484700389842 0.00117731843035 -0.000327005710055
1659006968.422157288 -0.0032515376211 0.000181145198232 -0.00930560386397 0.9999985126 0.00167543230433 2.26047164205 -0.000408915801304
1659006968.523046732 -0.00136390121224 -0.000384355429812 -0.00955339362203 0.999999127879 0.00113871343196 0.000238292863368 -0.000625131233892
1659006968.623871565 -0.00443941253504 -0.00123213377769 -0.00785061408014 0.999998974008 0.00123709035197 0.000392183742912 -0.000606450217545
1659006968.724694252 -0.00538878145959 -0.0026220352226 -0.00725901008071 0.999999282686 0.000584180193996 0.000769017307435 -0.000708500708867
1659006968.825572968 -0.00466413458539 -0.00230101487911 -0.00751838908166 0.999999148162 0.000698294579473 0.000995796973227 -0.000473759594485
1659006968.926457405 -0.00455186526824 -0.00325338669676 -0.00647377986383 0.99999923845 0.000564729762639 0.000832038607242 -0.000715465287533
1659006969.027341127 -0.00352981275261 -0.00381981802322 -0.00403149186535 0.999999110299 0.000527199821741 0.0010661504543 -0.000603973868065
1659006969.128126621 -0.00315841883755 -0.00365330769269 -0.00391637886402 0.99999950433 0.000695973747835 0.000389618584582 -0.000595951196341
1659006969.229004383 -0.0024514186564 -0.00169326325611 -0.00390216293406 0.999999627838 0.000532015041175 0.00056323221493 -0.000379542488455
1659006969.329874039 -0.00238663198354 -0.00137844070412 -0.00473310594144 0.999999292907 0.000911031431254 0.000524324990574 -0.000556139511635
