1659006973.969316959 -0.000149641948901 0.00111951498056 -0.0116339901586 0.999996608052 0.00190656257414 -0.0017734766071 -6.07007440766
1659006974.070135117 -0.00265107281117 -0.00296747723016 -0.00617377661385 0.999997814921 0.00161105328103 -0.00132838468526 -0.000100275703582
1659006974.171043873 -0.00213615313763 -0.00325237663617 -0.00347005376856 0.999999265051 0.000982603085534 -0.000703518627176 -9.72131887015
1659006974.271859407 -0.00443792876521 -0.00446915718288 0.00127913657614 0.999999519217 0.000975647634127 -7.8007655892 -5.99416741815
1659006974.372687340 -0.00241996125016 -0.0074083512346 -0.00198664009555 0.999999489387 0.000756579417556 -0.000666964212759 6.30193758362
1659006974.473612309 -0.00144297737466 -0.00630623540879 -0.00244626677309 0.99999950818 0.000729228495004 -0.000653675640112 0.000156760680809
1659006974.574429989 -0.000611807832174 -0.00378735727867 -0.00653791381101 0.999999404309 0.00100281026238 -0.000426576852799 -6.15320237315
1659006974.675177336 -0.00237558641411 -0.00150172082998 -0.00835172095123 0.999998899756 0.00141741656899 -0.000433591035134 5.84515069721
1659006974.776160479 -0.00369336382558 -0.00176537597756 -0.00994322683053 0.999998938119 0.00135468477455 -0.000533972029036 -5.88544591497
1659006974.877017975 -0.00455580186775 -0.00131228951428 -0.00627751969278 0.999998838234 0.00121698188361 -0.000902061029596 -0.000169623358919
1659006974.977728605 -0.00250094551422 -0.00262908591031 -0.00682105428298 0.999999517886 0.000910956685004 -0.000364767018973 3.64656863714
1659006975.078729153 -0.00323400231569 -0.00312787363203 -0.00705447740434 0.999998328262 0.00154658767214 -0.000968336864168 0.000117740660338
1659006975.179540634 -0.00314779456045 -0.00218178482112 -0.00916884515977 0.999999251628 0.00106675538185 -0.000593618553352 7.99551368115
1659006975.280459642 -0.00543750179263 -0.00111648797457 -0.00973205420533 0.999998776689 0.00129974436763 -0.000814966880476 -0.000305144913287
1659006975.381300449 -0.00343553322883 -0.000572296279789 -0.00958725509062 0.999998546167 0.0016249468205 -0.000516362293304 2.41327373862
1659006975.482211828 -0.00293927629214 -0.000961728779116 -0.00793606491187 0.999997708573 0.0017882534799 -0.00116407292322 -0.000173009328565
1659006975.583050251 -0.00448773183553 -0.000392582612332 -0.00975251271436 0.99999875373 0.00140148533158 -0.000714000018333 -0.000136310575861
1659006975.683865547 -0.00279077794845 -0.00347066306566 -0.00998359811365 0.999997971311 0.00157823016807 -0.00125025221313 -5.8588408843
1659006975.784760952 -0.00271990033998 -0.00263382937444 -0.0126937238638 0.999997658714 0.00183039216368 -0.00115054382774 -9.20889940754
1659006975.885582685 -0.00247727616516 -0.00318398839973 -0.0129489412929 0.999998112795 0.00162821648836 -0.00105829568217 -5.7689657931
1659006975.986463070 -0.00151378794054 -0.00332095436189 -0.00900474614636 0.999998576721 0.00132262179979 -0.00103931338996 -0.000130593628254
1659006976.087345123 -0.00327317058457 -0.00472165478354 -0.0103830142982 0.999999157291 0.0010414663445 -0.000774392069584 -3.2891535296
1659006976.188051701 -0.00281233975882 -0.00482445119825 -0.0103086957689 0.99999852132 0.00138117314372 -0.00102000305735 -9.65022338114
1659006976.289012432 -0.00303401110989 -0.00498018914764 -0.0112372790189 0.999998969196 0.00133899078021 -0.000517820535841 2.39136907053
1659006976.389894247 -0.00189449092233 -0.00574232483033 -0.0126897339782 0.999998045919 0.00173425243467 -0.000947024346254 -6.05890899533
1659006976.491158247 -0.00284400578012 -0.00564740577815 -0.0134208435028 0.999998476584 0.00157092447066 -0.00074666738264 -0.000146673468742
1659006976.591601610 -0.00462502269186 -0.0039585290112 -0.0148922652106 0.999998764858 0.00145278279911 -0.000579094256868 -0.000156056792824
1659006976.694617271 -0.00536225397647 -0.00361185350062 -0.013294619937 0.999997678206 0.00183731034365 -0.0011141131206 -0.000163172224836
1659006976.793314934 -0.00543533382977 -0.00275020751602 -0.0129671169832 0.999998754969 0.00146409615899 -0.000571052899631 -0.000142763499743
1659006976.894144058 -0.00509223262137 -0.00300553846511 -0.0139061936695 0.99999759616 0.0019111812165 -0.000997899370981 -0.000399069428972
1659006976.995059013 -0.00589224288994 -0.00217614675739 -0.0144986126444 0.999997278601 0.00192739607625 -0.00127893891567 -0.000303725776228
1659006977.098243475 -0.00474933898811 -0.0033569527992 -0.0132497247383 0.999998983642 0.00121891701162 -0.000708309870518 -0.000212728683921
1659006977.196736574 -0.00429900111204 -0.00277154828718 -0.0140659533444 0.999998691055 0.00147657825351 -0.00063456489929 -0.000186901131618
1659006977.297550917 -0.00383146133898 -0.00323382670393 -0.0153650805203 0.999998751855 0.0014602465976 -0.000552402321718 -0.000242527632939
1659006977.398475170 -0.00420203665001 -0.00374254890599 -0.0156038486071 0.999998182592 0.00164998091867 -0.000919850226214 -0.000257393233853
1659006977.499290466 -0.00355637766875 -0.00331107604475 -0.0154340357976 0.999997508952 0.00187704181197 -0.00120150835933 -0.000123215061466
1659006977.600150108 -0.00440518434766 -0.00243196780224 -0.0145449333098 0.999998179584 0.00152255725265 -0.00111851296436 -0.000267538776544
1659006977.703582287 -0.00352840950386 -0.00331669741453 -0.0124593740692 0.999998653574 0.00132955176461 -0.000941905084047 -0.000194828027768
1659006977.801860332 -0.00401035881235 -0.00285981256462 -0.012934787248 0.999998868907 0.00141080558613 -0.000491223341567 -0.000174675877498
1659006977.902617931 -0.00263412738844 -0.00158333345715 -0.0129998107758 0.999998501601 0.00148355211105 -0.000874034443232 -0.000178697566399
1659006978.003586054 -0.00471337462556 -0.00183271006033 -0.0125833248427 0.999998808612 0.00149003502842 -0.00038569644974 -0.000117512648529
1659006978.104447842 -0.00482097192738 -0.00139688311971 -0.0118096300296 0.999998387777 0.00145902267373 -0.000998795822705 -0.000313213926959
1659006978.205297470 -0.0051894440083 -0.0031066153446 -0.0120505440656 0.999998779885 0.00135977473747 -0.000759147308 -0.000122212444394
1659006978.306144953 -0.00427475217333 -0.00164284546251 -0.0129724518512 0.999998631373 0.00139498592399 -0.00084136165848 -0.000288751689145
1659006978.407012463 -0.00481941082926 -0.00308107475286 -0.0125151045734 0.999998508675 0.00147512399544 -0.000868467194512 -0.000228955706198
1659006978.507903814 -0.00452001792815 -0.00293199645636 -0.0120599865601 0.999999258152 0.00110858407071 -0.000464990629028 -0.000196264031284
1659006978.608770847 -0.00262867674145 -0.00520771794402 -0.0112881741991 0.999999159376 0.00117750194213 -0.000509231967962 -0.000188198362719
1659006978.709639072 -0.0013652895677 -0.00583229338866 -0.0121993718686 0.999998928072 0.00134987838483 -0.000522937171367 -0.000219590072569
1659006978.810465813 -0.000306340771706 -0.00354292158631 -0.0131247988462 0.999998748827 0.00145691046378 -0.000610296980196 -8.53997454166
1659006978.911345720 -0.00287454666828 -0.00171480264456 -0.0127884422322 0.999998706205 0.00131748443215 -0.000892156898102 -0.000236388136095
1659006979.012163639 -0.0044237199162 -0.000585768769496 -0.0127389887918 0.999998847351 0.00137988112872 -0.000582796167786 -0.000248139938777
1659006979.113034487 -0.00673346793246 -0.00116162386226 -0.013401738124 0.999999054428 0.00122792413539 -0.000492111720399 -0.000375728750895
1659006979.213896275 -0.00648602437074 -0.000568562916832 -0.0143442307987 0.999998913453 0.00134289802718 -0.000519542916206 -0.000315899801333
1659006979.415599346 -0.00577625376585 -0.000298006149641 -0.0143250953414 0.999997940164 0.00160606804475 -0.00121907840865 -0.000232509091829
1659006979.516479969 -0.00394439882328 -0.00067661349232 -0.0132771601135 0.99999822468 0.00156148123468 -0.00100252284279 -0.000327659758961
1659006979.617324352 -0.0035362475293 -0.00163565401541 -0.013719375809 0.999998251039 0.00161355878438 -0.000923362772421 -0.00020432166463
1659006979.718209743 -0.005489123892 -0.000649199649636 -0.0165012387772 0.999998156421 0.00169017617522 -0.000798697638749 -0.000438794896789
1659006979.819012642 -0.00607264244599 -0.00320002515774 -0.0151776766811 0.999998649623 0.00142523976658 -0.000780119059399 -0.000246693912369
1659006979.919884205 -0.00526583152037 -0.00375944443146 -0.0158059351956 0.999998522131 0.00157060827071 -0.000695885363166 -6.83260067864
1659006980.020746946 -0.00514222223864 -0.00171049422262 -0.0158125964282 0.999998305783 0.00151066928296 -0.000971158100938 -0.000403933044418
1659006980.121617317 -0.00672058277794 -0.00182950005348 -0.0133262921463 0.999998942892 0.00116286241182 -0.000845086600001 -0.000218620738752
1659006980.222453594 -0.0056844481629 -0.00287199514371 -0.0124670191039 0.999998856458 0.00132815153982 -0.00066826219692 -0.000276626791187
1659006980.323383093 -0.00405534788078 -0.00144031999913 -0.0137089544124 0.999998621759 0.00143109191626 -0.000829778469075 -0.000141149027954
1659006980.424007416 -0.00439203612528 -0.000462376912061 -0.0140207713603 0.99999844774 0.00144408699262 -0.000988700908372 -0.000203965186538
1659006980.525039673 -0.0064777905869 -0.000113287756255 -0.0139000307048 0.999998563907 0.00151888206208 -0.000698612429875 -0.000277708077986
1659006980.625859737 -0.00560513070103 -0.000269562188177 -0.0134692471143 0.999998095283 0.00157141881619 -0.00107358066285 -0.00043301102027
1659006980.827638149 -0.00497861717072 0.00016266578504 -0.0112946989142 0.999998265937 0.00160284305775 -0.000875053642146 -0.00036510001975
1659006980.928480148 -0.00408903774702 -0.00135496891324 -0.0116262283682 0.999999080765 0.00114791524345 -0.000666529234747 -0.000276585113438
1659006981.029276371 -0.00531832269893 -0.000188619366603 -0.0107684695534 0.999998677033 0.00145704527203 -0.000681405480757 -0.000242153614233
1659006981.130161524 -0.00561846647202 -0.000351759811565 -0.0117571100807 0.999998379332 0.00147618672719 -0.000964014960991 -0.000364529301707
1659006981.231014252 -0.0033248394633 -0.00174850099142 -0.0130172661578 0.999997821727 0.00183417839108 -0.000972721748091 -0.000214811384868
1659006981.331861973 -0.0031009183698 -0.000938552186532 -0.0124362822563 0.999998406035 0.00160319173878 -0.000738756347731 -0.000268221241339
1659006981.433195591 -0.00353239002008 -0.000768186348721 -0.0140414781083 0.999997732926 0.00179463041707 -0.00112663001613 -0.000210115780017
1659006981.533580303 -0.00286905706878 -0.00123978041905 -0.0128700187902 0.999997513196 0.00169353239086 -0.00142820076403 -0.000256498569946
1659006981.634475708 -0.00489084131043 -0.00191190942749 -0.012877275056 0.999997867924 0.00180486500583 -0.000954562609273 -0.000308899754595
1659006981.735347986 -0.0056621151556 -0.000890255502296 -0.013978193116 0.999997873931 0.0018676269287 -0.000844693907545 -0.000224932615839
1659006981.836168289 -0.00393875335559 -0.00329012850692 -0.0111896968906 0.999998948134 0.00116915045028 -0.000826797012044 -0.000230706537341
1659006981.937035084 -0.00396177842312 -0.00203751280221 -0.00842899457721 0.999998015013 0.00163878686527 -0.00112644622313 -0.000124364686397
1659006982.037877083 -0.00276172544983 -0.00143695993496 -0.0114994175369 0.999997272195 0.00189201143827 -0.0013548397358 -0.000200760764696
1659006982.138749599 -0.00434948310619 -0.00219290772963 -0.0128884379619 0.99999813666 0.00166490291613 -0.000923871634739 -0.000318175077275
1659006982.239614487 -0.00263794013841 -0.0020020399485 -0.0131215060955 0.999998462214 0.00137878862151 -0.00105746259341 -0.000237244430074
1659006982.441321135 -0.00260872786096 0.00198388062701 -0.0126737719605 0.999997514623 0.00192713681371 -0.00111765453189 -8.7978160744
1659006982.542168379 -0.00316519872961 0.00162594835021 -0.0123347406609 0.999998113163 0.00174939967866 -0.000834223954861 -0.000131685260928
1659006982.643027782 -0.00378907296473 0.000998220094055 -0.0123875674684 0.99999810131 0.00168965929807 -0.000952091318302 -0.000189606070283
1659006982.743897676 -0.00282121864502 0.00136561492944 -0.0135920943852 0.999997327222 0.00188748159897 -0.00128599887562 -0.000359399742998
1659006982.844825506 -0.0039005697613 0.000812964917854 -0.0141174676837 0.999997878981 0.00173648393917 -0.00103350081414 -0.000398162552996
1659006982.945637703 -0.00269119481745 0.000402745711702 -0.0124985905403 0.999998205734 0.00163787156519 -0.000938810709645 -0.000156654606655
1659006983.046352625 -0.00214778812775 0.00154139048077 -0.0147760823266 0.999996659595 0.00227258553178 -0.00121326460083 -0.000210101216092
1659006983.147309542 -0.00320855234239 0.00133885072654 -0.014939773986 0.999997776466 0.00173124608788 -0.00117091029071 -0.00028074735496
1659006983.248188257 -0.00318789968589 -0.000425450065216 -0.0137091038009 0.999997588872 0.00190679455289 -0.00107915459887 -0.000147679193064
1659006983.348890305 -0.00338112066757 -0.000488884248799 -0.0152886891991 0.999997600647 0.00195477622781 -0.000972586949247 -0.00017783510095
1659006983.449899197 -0.00281644399095 -0.000288329137708 -0.0135129425694 0.999998451238 0.00143271464557 -0.000953798006836 -0.000367586940384
1659006983.550723076 -0.00250864731191 -0.000139556742263 -0.0133477707865 0.999997353829 0.00198122385675 -0.00114959723591 -0.000213338219525
1659006983.651611328 -0.00178949893475 -0.00127866045923 -0.0138191697574 0.999998516128 0.0013611075881 -0.00102650849289 -0.000247807600387
1659006983.752552271 -0.00315421335228 -0.000104571693781 -0.0147893037439 0.999998572554 0.00151544073881 -0.000722952810114 -0.000188861869433
1659006983.853329182 -0.00224699398627 -0.000101461336115 -0.0148113400007 0.999997422586 0.00186250562293 -0.00127381160132 -0.000251591352705
1659006983.954168320 -0.00192839753046 -0.000727030067387 -0.0144273888193 0.999998563664 0.00134885794047 -0.00102286956199 -8.36087247344
1659006984.055052280 -0.00341744211534 -0.00111158279937 -0.0131802692833 0.999998454794 0.00159359450347 -0.000700203157795 -0.000246132114545
1659006984.155871630 -0.00277238933514 0.000529841078546 -0.0151572503099 0.999998161779 0.00165253716228 -0.000938166660276 -0.000255737845321
1659006984.256704807 -0.00200538777646 -0.00131412976301 -0.0119210643013 0.999998471025 0.00136834919938 -0.00104852893886 -0.000293522329178
1659006984.357525110 -0.00356008771642 -0.00117971009425 -0.013762778378 0.999998635938 0.00138845059695 -0.000888604558448 -0.000103483951277
1659006984.458540916 -0.00382115480993 -0.00029453133506 -0.0143454090961 0.999998397899 0.00155399673137 -0.000871550703102 -0.000172315416093
1659006984.559563160 -0.00262913152699 -0.00186278145979 -0.015224515996 0.999998573634 0.00153451997354 -0.000695475140094 -0.00011955181227
1659006984.660205364 -0.00172991844245 -0.000750690504319 -0.0154935635839 0.999996971461 0.00193023525949 -0.00148920444438 -0.000336943180787
1659006984.760983944 -0.000239722247939 -0.00222914948523 -0.0148164482841 0.999997636724 0.00176783330211 -0.00124534502801 -0.000224559353483
1659006984.861871243 -0.00108488122853 -0.00151314193831 -0.0131169505123 0.999998767335 0.00127900292749 -0.000892216993041 -0.000182835877194
1659006984.962741852 -0.000401325225855 -0.000784356125388 -0.0125136434315 0.999998392995 0.00139840990011 -0.00112116528468 -3.80141034665
1659006985.063623905 -0.00048266245913 -0.00132018477562 -0.0111143729078 0.999998056443 0.00164145803549 -0.00108257716374 -0.000144056651587
1659006985.165360928 -0.00111071688679 -0.000217008162498 -0.012702874057 0.999997263434 0.00178178582201 -0.00149307902316 -0.000262830277477
1659006985.265345097 -0.00310177006759 0.00100215246784 -0.0134243413 0.999997733148 0.00187053854552 -0.00100918593322 -0.000127782035212
1659006985.366184235 -0.00315550398782 0.000228699355354 -0.0154809497322 0.999998287489 0.00168655498239 -0.000754145546998 -0.000108702769028
1659006985.467050076 -0.00288049817971 -0.000477469031994 -0.0151957236618 0.999998376059 0.00164303339843 -0.000697559404225 -0.000248458572237
1659006985.567897081 -0.00290550279387 0.000390624069508 -0.0145017879596 0.999997350324 0.00193810546651 -0.00122116643063 -0.000227695591279
1659006985.668739319 -0.00355976556219 0.00147190776159 -0.0150421135977 0.999997935882 0.001837243805 -0.000801736334584 -0.00033164104155
1659006985.870469093 -0.00164069031783 0.00046294067524 -0.0160844305106 0.999998217416 0.00162023658259 -0.000968730188553 -3.94900262735
1659006985.971298218 -0.0022356431572 0.000298943271722 -0.0166743456203 0.999996641286 0.00221969515953 -0.00131950136935 -0.000222004237294
1659006986.173035145 -0.00405305429661 -0.000642242519787 -0.0143418894496 0.999998353562 0.00162096775573 -0.000745437353061 -0.000331150487659
1659006986.273881912 -0.00551667398655 0.000896153061922 -0.0128709660207 0.99999814242 0.00165890232479 -0.000920694579211 -0.000339883314652
1659006986.374737263 -0.00473890489658 0.00108811353396 -0.0136649527058 0.999997846836 0.0016908757844 -0.00117941866691 -0.000237138326251
1659006986.475474834 -0.00319633004045 -0.000412035310568 -0.0117468352186 0.99999744555 0.00185272392967 -0.00126305961458 -0.000284582398982
1659006986.576467991 -0.0045956057728 0.00122559038514 -0.0120264748664 0.999997907381 0.00158480835601 -0.00122602651082 -0.000412886280783
1659006986.677358866 -0.0029848914333 0.000229381977321 -0.0131994756201 0.999997639798 0.00183528298838 -0.00107748135156 -0.000437227358856
1659006986.778185606 -0.00410941908495 0.000118861129248 -0.0157756845366 0.99999787462 0.00170406786713 -0.00113133759445 -0.000258811981354
1659006986.878969193 -0.00491996640381 -0.00089458552136 -0.0135504432903 0.999997568884 0.00184680418171 -0.00115092214662 -0.000356256080098
1659006986.979894638 -0.0038879423748 -0.00093051910764 -0.0141661364129 0.999998412006 0.0015939163759 -0.000742111518337 -0.000291009504097
1659006987.080736399 -0.00133631725991 0.000281498099578 -0.0151164670652 0.999997094388 0.00193255019117 -0.00139883257072 -0.000346024383012
1659006987.181643009 -0.00258287390881 0.000132572978093 -0.0134754203413 0.999997619574 0.00178795636712 -0.00119652073975 -0.000363863932645
1659006987.282474041 -0.00278659672732 0.000368498265366 -0.0151253020926 0.999997627918 0.00186688589361 -0.00108499050362 -0.000285817807415
1659006987.383279800 -0.0022815992741 -0.000157469594746 -0.0171818879517 0.999997747211 0.00180837789334 -0.00111123871558 2.214280313
1659006987.484044552 -0.00398300408895 -0.000437529205869 -0.0165143222368 0.999997581997 0.00184838101019 -0.00113704343116 -0.000355837880971
1659006987.584911346 -0.00377593599761 0.00104753920277 -0.0158615414345 0.999996360468 0.00232321860555 -0.00126244012369 -0.000536610273713
1659006987.685866117 -0.00241694665674 0.000420378982488 -0.0148651863614 0.999996403516 0.00224417471359 -0.00141966785265 -0.000375737367755
1659006987.887580872 -0.00324170758407 -0.000509765582197 -0.0154077339917 0.999998383335 0.00159937296442 -0.000793644885881 -0.000213218567217
1659006987.988484383 -0.00577391828967 0.00130690183976 -0.0170146376981 0.999997490268 0.00198210658144 -0.000887326491359 -0.000550783219919
1659006988.190031528 -0.00340537248897 -0.000843128123873 -0.0144697489267 0.99999788893 0.00181601403925 -0.000919600585234 -0.000280292833171
1659006988.291009903 -0.00375947191962 -0.0012001120253 -0.0145349817434 0.999997814216 0.00181502945963 -0.000952120298172 -0.000413156041187
1659006988.391892910 -0.00298667461062 0.000627431825418 -0.0143138126888 0.999997648744 0.00185011435258 -0.00110140633969 -0.00025785001047
1659006988.492715359 -0.00165432191012 0.00054165467397 -0.0152568839189 0.999996609207 0.00203912898515 -0.00159633799089 -0.000274286861975
1659006988.593602657 -0.00368371613488 0.000827348126801 -0.0158196333698 0.999997667809 0.00169182683304 -0.00126217317808 -0.000457184109474
1659006988.694447994 -0.0032719443343 0.00114953879181 -0.0148933084337 0.999997459031 0.00192428521473 -0.00110076065601 -0.000409125112206
1659006988.795341015 -0.00387568164247 0.00134418027863 -0.0154341603281 0.999997081536 0.00207178981905 -0.00117661034364 -0.000400244114256
1659006988.896229029 -0.00483936003905 0.00104385429052 -0.0149119730805 0.99999824397 0.00164644061723 -0.000842436984565 -0.000302637021747
1659006988.997028112 -0.00603038594048 0.00154439272001 -0.0140217660646 0.999997875808 0.00189184611454 -0.000763318859757 -0.0002943493227
1659006989.097859383 -0.00648204411417 0.00114046007495 -0.0132017785906 0.999997536545 0.0018707992069 -0.00115746698312 -0.000295438844918
1659006989.198808670 -0.00652692454699 0.00112595116651 -0.0130333770454 0.999998146526 0.00167237772027 -0.000840830764489 -0.000450667124006
1659006989.299630165 -0.00583652403665 0.00139030363928 -0.0128354995995 0.999996379347 0.00218518264339 -0.00152060321612 -0.000392472589812
1659006989.400847435 -0.00350304584529 0.000977914505667 -0.0138259462371 0.99999763769 0.00183878742592 -0.00112853858313 -0.000264341391807
1659006989.501300812 -0.000194015355702 0.00198618880397 -0.015685763747 0.999997557884 0.00186004438332 -0.00116416921018 -0.000263003805457
1659006989.602165461 0.00122382733971 0.00198189894892 -0.0147689008316 0.999996940251 0.00213416902298 -0.00124576280006 -0.000113521542352
1659006989.702811241 0.000511707769629 0.00285128402472 -0.015751341102 0.999996498599 0.00212696374641 -0.00156199795129 -0.000197426734331
1659006989.803892612 -0.000571809343757 0.00347291685759 -0.0143689669537 0.999995779137 0.00228617379851 -0.00177400990807 -0.000260781567399
1659006989.904607296 0.000200845166 0.00336731324515 -0.0176846097775 0.99999600211 0.00235748167864 -0.00154968789362 -0.00019107749836
1659006990.005597353 0.00112608221786 0.00282126398691 -0.0188402855938 0.999996165573 0.00224767672029 -0.0016146936725 -9.77346398251
1659006990.106484652 -0.000970308172814 0.00287508349329 -0.0195962879755 0.999996317874 0.00214393721254 -0.00161526400341 -0.00039836377092
1659006990.207297802 -0.00307155059854 0.000138030423226 -0.01846553687 0.999996877417 0.00210681544195 -0.00127506693838 -0.000425074954927
1659006990.308364391 -0.000373116026831 0.00098018948357 -0.0166369869391 0.999996679374 0.0021256835758 -0.00144581017828 -0.000179842659486
1659006990.408982038 -0.00117041954462 0.00251008323133 -0.0151483936711 0.999996159185 0.00223169524213 -0.00156392518943 -0.000505262589312
1659006990.509891510 0.000572379835866 0.00155085398062 -0.0150634646454 0.999996386188 0.00205496575491 -0.00172660638967 -0.000153485604215
1659006990.610732555 -0.000616450123303 0.00130415408269 -0.0136483974265 0.999997878126 0.00167744423113 -0.00118077834253 -0.000188909155636
1659006990.711603165 -0.00266350002428 0.00155879621356 -0.0162587108939 0.999996446198 0.00222050865432 -0.00144596384279 -0.000293464958434
1659006990.812454700 -0.00306299203106 0.00303137663347 -0.0153332822943 0.99999717204 0.00195090678424 -0.00133208503335 -0.00027463399862
1659006990.913330078 -0.00502512093797 0.0030091500152 -0.0140942179871 0.999997028465 0.00200693507452 -0.00126423328939 -0.000563015579388
1659006991.014210939 -0.00503627829663 0.000321683014892 -0.0134429742242 0.999997041547 0.00181957878284 -0.00146137975196 -0.000685856287322
1659006991.215836048 -0.00648669274264 0.000136641761816 -0.0136602603535 0.999996801793 0.00212385913691 -0.00128793604802 -0.000476283573196
1659006991.316744566 -0.00651726351079 0.00087722786824 -0.0147146902671 0.999997906084 0.00178887351 -0.000931064241793 -0.000347676859195
1659006991.417640686 -0.00436423107129 0.00165352298363 -0.0131032161062 0.999997622515 0.00161905314094 -0.00143229361814 -0.000286648098552
1659006991.518445015 -0.00383970224895 0.00182212395836 -0.0134913740465 0.999996624975 0.00211040819739 -0.00145587602328 -0.000420285948611
1659006991.619305134 -0.00369044960551 0.000988053599015 -0.0158651203322 0.999997706064 0.00172401915776 -0.00117114621006 -0.000494005756989
1659006991.720186710 -0.00360249866892 0.000310443005957 -0.0159901337247 0.99999826081 0.00151135254664 -0.00108309972863 -0.000145207184655
1659006991.821038961 -0.00202464108426 0.00104271992921 -0.0136812351051 0.999996670912 0.0019970730781 -0.001606752732 -0.000297001249385
1659006991.921856880 -0.00268617086845 0.000589339671514 -0.00989789049541 0.999998236887 0.00159718984652 -0.000961940134298 -0.000223333525422
1659006992.022641182 -0.00254616845042 -0.00138019147369 -0.012317292823 0.999998155016 0.00166509025923 -0.000883843826377 -0.000369132323998
1659006992.123598099 -0.0024351746591 -0.00074556792395 -0.0139556122883 0.999996334589 0.00209195020838 -0.00163321175226 -0.000535883694089
1659006992.224485397 -0.00297795429606 0.000763042191598 -0.0149073156278 0.99999720197 0.00205621824572 -0.00111576573733 -0.000350835767135
1659006992.325296402 -0.0036413454686 0.000990402657865 -0.0157207246655 0.999997199448 0.00219219920783 -0.000812192413958 -0.000368376815119
1659006992.426158428 -0.00410905916832 0.00124321733989 -0.0154185472641 0.99999866411 0.00145236283286 -0.000725759744897 -0.000188928852373
1659006992.527074337 -0.00395721835891 0.000855616069255 -0.0159704687366 0.999997525759 0.00202493899639 -0.000828035355213 -0.000403056903576
1659006992.627803326 -0.00399015126246 0.000112776696361 -0.014915065108 0.999997067892 0.00199256424588 -0.00132062067981 -0.00038711346534
1659006992.728892326 -0.00324964445132 0.00083722007142 -0.0144399332631 0.999996656798 0.00218527223283 -0.00134811975174 -0.000305859740973
1659006992.829426289 -0.00319991604854 0.000524006126308 -0.014726511693 0.999997555925 0.00182526629982 -0.00122887515416 -0.000215434352561
1659006992.930479765 -0.00391002950444 0.000528536574061 -0.0143606802684 0.999997787181 0.00189199094083 -0.000848025381825 -0.000356169082884
1659006993.034820080 -0.00193379312011 0.00047039972484 -0.0155892761345 0.99999709796 0.00203490301574 -0.00127798400824 -0.000173198728168
1659006993.132202625 -0.00197047678144 0.00100675029298 -0.0183939265933 0.999996516721 0.00242714199859 -0.000978064130088 -0.000344843645385
1659006993.233044147 -0.00283351267956 0.00204855795272 -0.019713010684 0.999994776386 0.00270120747252 -0.00172184277783 -0.000431203427112
1659006993.333888292 -0.00240830403347 0.00166460026603 -0.0201299680613 0.99999607818 0.00226563878637 -0.00160728501087 -0.000356567435472
1659006993.435259342 -0.00376833809006 0.00275106133539 -0.0203539952672 0.999997022608 0.00213151758259 -0.00108853907491 -0.000475910324095
1659006993.535470247 -0.00331856741548 0.00175580384741 -0.0164711614488 0.999997095002 0.00194127051393 -0.00140657609382 -0.000250996379424
1659006993.637937546 -0.00382963692961 0.00256636074189 -0.0202456573873 0.999995680311 0.00236100808606 -0.00169996494843 -0.00041847324599
1659006993.737249613 -0.00279038612097 0.00230925192658 -0.0201407068676 0.999997343169 0.00191257376422 -0.00121486838765 -0.000424041603704
1659006993.838163853 -0.00243300940598 0.00259062831054 -0.018274081685 0.999996072344 0.00228534105991 -0.00156606695769 -0.000424202713805
1659006993.939050436 -0.00270841649506 0.00151545873104 -0.0181265189388 0.999996916595 0.00201094894708 -0.00139649361153 -0.000415560342363
1659006994.039881468 -0.00280462391261 0.00131506270445 -0.0209674997259 0.999997440946 0.0019051888969 -0.00112245583623 -0.000477963453082
1659006994.140794992 -0.00229125276472 0.00252743341993 -0.0215897334252 0.999995750097 0.00243549162373 -0.00155174089081 -0.000400334529601
1659006994.241576195 -0.00155404542114 0.00243954965035 -0.0194076601492 0.999996373991 0.00223901148297 -0.00143308678907 -0.000430226671143
1659006994.342467785 -0.00170251163069 0.00436770955378 -0.0160359170378 0.999996419216 0.00212377710394 -0.001578078415 -0.000400992390338
1659006994.443223953 -0.00183249250198 0.00195123704787 -0.0139756385335 0.999998698023 0.00143199995173 -0.000733340492832 -0.000124655803118
1659006994.645045280 -0.00301298072178 0.000309998106817 -0.015118793043 0.999998652055 0.00155460010288 -0.00052820074738 -1.05597028551
1659006994.745907545 -0.00323815886407 0.00208851060182 -0.0173354055268 0.999997661053 0.00177587446901 -0.00111527228265 -0.00052945850335
1659006994.846744061 -0.00178000334963 0.00411012586949 -0.0162956179683 0.999997057479 0.00198590885012 -0.00136222403777 -0.000292479718068
1659006994.947597980 -0.00143550330434 0.0041651311798 -0.0156582502974 0.999995265599 0.00238161847946 -0.00192280959024 -0.000315398945808
1659006995.048548222 -0.00224194694015 0.00529148456624 -0.0156890013923 0.999997236256 0.00202344895373 -0.00118050425828 -0.000198858328499
1659006995.149276972 -0.00234612467539 0.00432512685587 -0.0160766672011 0.999996364911 0.00230666085352 -0.00136053106014 -0.00031374545688
1659006995.250055552 -0.00254324351768 0.00353257911243 -0.017049435718 0.999996143949 0.00224736578936 -0.00161540661079 -0.000227806999007
1659006995.351034641 -0.00269399478665 0.00172355467132 -0.0159782407388 0.999997103681 0.00208905408409 -0.00116304270592 -0.000275345413011
1659006995.451849937 -0.00242901174406 0.00209213101609 -0.0143846175477 0.99999737826 0.00199737633034 -0.00111234084532 -0.000129066552568
1659006995.552722216 -0.00222385461586 0.00205894030084 -0.0168025151625 0.999997208774 0.00201316226765 -0.00123095855374 -0.000119848776766
1659006995.653586388 -0.00332563878319 0.000152090151457 -0.0169522422899 0.99999802179 0.00179001715459 -0.000848326675149 -0.000180546362371
1659006995.754434824 -0.0024712165699 0.00111206223819 -0.0179919508499 0.999996942762 0.00216181087635 -0.00113961925324 -0.000377238881011
1659006995.855311632 -0.00218600785365 0.0036269893231 -0.0161068150923 0.999995117994 0.00259335108028 -0.00170126808477 -0.000379743216485
1659006995.956185341 -0.00309020008681 0.00225756610757 -0.0160992218954 0.999997689529 0.00182862105271 -0.00106885285704 -0.000366926304042
1659006996.056959391 -0.00239877645544 0.00191294766481 -0.0149167466967 0.999997004806 0.00186766163787 -0.00154708171937 -0.000329782271463
1659006996.157880306 -0.00294769495072 0.00087039067113 -0.0126294563211 0.999997253699 0.00170644067106 -0.0015497647035 -0.000422945673458
1659006996.258694172 -0.00192916300811 0.000935206272746 -0.0132985485195 0.999997366441 0.0018940208047 -0.00128483671506 -0.000170269388467
1659006996.359613895 -0.00230641974241 0.00140862358363 -0.0137651777981 0.999997088944 0.00210731590389 -0.00114390194781 -0.000269836441068
1659006996.460505486 -0.00115131667192 0.00131130135286 -0.0137828828041 0.999997329944 0.00196232884429 -0.00121196649516 -0.000143207199173
1659006996.561299086 -0.000920953381572 0.00169377091638 -0.0147340330584 0.999996847681 0.0020197079563 -0.00147973603266 -0.000189181818407
1659006996.662195206 -0.00189540763303 0.0015879210989 -0.0156130491091 0.99999706765 0.00216768062467 -0.00104875475981 -0.000256838686965
1659006996.766360521 -0.0010154361006 0.00329433058937 -0.0172159538231 0.999997190277 0.00207688207976 -0.00110257436099 -0.000300548258049
1659006996.863897800 -0.00337829766223 0.00178140775733 -0.0165179307542 0.999997435781 0.00174966488439 -0.00141302057175 -0.000265475645017
1659006996.964736223 -0.00365262966097 0.000757492747945 -0.0157923757699 0.999998477545 0.0015313522194 -0.000815204974401 -0.000187904694227
1659006997.065624714 -0.00397048973816 0.00104482779693 -0.0169308109161 0.999995425766 0.00233669447216 -0.00188607476885 -0.000361976347438
1659006997.166445732 -0.00360847090964 0.00135989882394 -0.0167725672419 0.99999663575 0.00200557050674 -0.00162380989357 -0.000263469439547
1659006997.267353058 -0.00350472496638 0.00207898520494 -0.0152179642013 0.999996648417 0.00191468960555 -0.00172891868672 -0.000218993094518
1659006997.368160486 -0.00453957106219 0.00249327537281 -0.0157277483979 0.99999782925 0.00185325075205 -0.000833735631828 -0.000460261649589
1659006997.469029427 -0.00318948159497 0.00186648996486 -0.0132245054096 0.999998087208 0.00157030245811 -0.00116090870827 -0.00010963924311
1659006997.569872856 -0.00290344593458 0.00265430835993 -0.012647006044 0.999998809812 0.00139896045948 -0.000600994241897 -0.000249180161031
1659006997.670778751 -0.00363359834779 0.00158903341595 -0.0133047091654 0.999996878296 0.00190568159951 -0.00157226110121 -0.000373860666701
1659006997.771587849 -0.0036600540963 0.000587597456675 -0.0124261711458 0.999997934442 0.00187222845232 -0.000725740569067 -0.000314916476603
1659006997.872445583 -0.00161630948756 0.00108726134773 -0.012460106072 0.999997221408 0.00168994767209 -0.00163050771135 -0.00020663314954
1659006997.973414183 -0.00212081579731 0.00215478683619 -0.0129234507529 0.999997403444 0.00196706754298 -0.00113902776918 -0.000162375721911
1659006998.074068785 -0.00252586801932 0.00223069717036 -0.0140885128202 0.999997125584 0.00192163817665 -0.00140607110492 -0.000281237652978
1659006998.175031185 -0.00388576231634 0.00327946207977 -0.0155177150636 0.99999831828 0.00155917150269 -0.000951152521621 -0.00016652547175
1659006998.275967598 -0.00293807320523 0.00310752816889 -0.017888586943 0.999996960709 0.00199961260322 -0.00134627775311 -0.00051735668563
1659006998.376761913 -0.0034119557928 0.00029702276705 -0.0176392548188 0.999997753197 0.00183918948999 -0.00100122237739 -0.000329448295867
1659006998.579078674 -0.00402931341707 0.00151997529422 -0.0143912690005 0.999996375766 0.00200218059599 -0.00175043397033 -0.000419177174912
1659006998.679334402 -0.00366344320697 0.00146414113289 -0.0130796720206 0.999997864768 0.00164955166283 -0.00120454987403 -0.000313845661766
1659006998.780179977 -0.00458404653239 0.00310805314025 -0.0139861496611 0.999997292986 0.00195241494275 -0.00122423355774 -0.000321478999261
1659006998.880934715 -0.00376638481113 0.00384453969685 -0.0145711370333 0.99999681805 0.00218389103403 -0.00122419485206 -0.00030960603349
1659006998.981814861 -0.00431503872558 0.00403834383248 -0.0136024219334 0.99999801857 0.00168438990346 -0.00104373397776 -0.000190543163667
1659006999.082747459 -0.00267882515564 0.00332020933026 -0.0119507077351 0.999997300458 0.00197242831266 -0.00119664345944 -0.000276854167686
1659006999.183536530 -0.00269305401967 0.00284881267683 -0.0118499963508 0.999998105177 0.00161921697026 -0.00102779500765 -0.000333789366188
1659006999.284467697 -0.00417044285161 0.0032058177057 -0.0122909447949 0.999996229992 0.00197113261154 -0.00184044547176 -0.000517106169986
1659006999.385300159 -0.00462965573873 -0.00018744402186 -0.0155920198672 0.999997979857 0.00167249015005 -0.000992559253503 -0.0005078228378
1659006999.486166716 -0.00430076110879 -0.00072130110121 -0.0144121437405 0.999997868308 0.00156757671853 -0.00132760435326 -0.000208685055679
1659006999.587021112 -0.00443874975911 0.000813099228615 -0.0145360422935 0.999997771307 0.00180515310154 -0.00101369592158 -0.000413793103221
1659006999.687878609 -0.00392372155118 0.000273322309133 -0.0134825194444 0.99999780122 0.0016693274054 -0.00124981346162 -0.0002210612182
1659006999.788755417 -0.00424193516229 0.0022240036581 -0.0154842438584 0.99999762461 0.00193450514225 -0.0009689659403 -0.000263758628865
1659006999.889633656 -0.00245058790849 0.00225301300077 -0.0166514216142 0.999995049242 0.0024122208118 -0.00195140560342 -0.000524116467394
1659006999.990321159 -0.00418935361551 0.00316224769468 -0.0186674056263 0.999996179034 0.00210223057717 -0.00177059994989 -0.000295836826773
1659007000.091311932 -0.00366986169901 0.00196046590345 -0.017993094181 0.999995818239 0.00226098693093 -0.00171845825837 -0.000546207567274
1659007000.192160368 -0.0034957866428 0.00289095132172 -0.0171283758537 0.999996564589 0.00216894314486 -0.0014402978508 -0.000303378688592
1659007000.293018341 -0.00285018696986 0.0027423806488 -0.0148492585757 0.999997864011 0.0017051478912 -0.0011123851876 -0.000356432477681
1659007000.393865108 -0.00351568375882 0.00178782785894 -0.0142228563751 0.999997763641 0.00171482750539 -0.00118703091322 -0.000350766840558
1659007000.494762421 -0.00390240716586 0.00142816788844 -0.0137291551015 0.999996843809 0.0019137418035 -0.00155015042062 -0.000496988302067
1659007000.595635891 -0.00381108475891 0.00124387478528 -0.0140306411877 0.999997687504 0.00170626525613 -0.00124677069359 -0.000399010166851
1659007000.696448565 -0.00381148117581 0.000259063135655 -0.0142031001181 0.999998111234 0.00159380034407 -0.00101656255926 -0.000451585463911
1659007000.898174763 -0.00470830864803 0.00112075275899 -0.0133224020234 0.999997578886 0.00177295992655 -0.00125342864402 -0.000357423338581
1659007000.999018192 -0.00508642702419 0.00147235426792 -0.0154020736254 0.999998203905 0.00157394186364 -0.000988930369022 -0.000370014449006
1659007001.099883080 -0.0035119121987 0.00223581010682 -0.0147840291899 0.999997518812 0.00174944237599 -0.00133559124937 -0.000343535158558
1659007001.200815439 -0.00270968068557 0.00494439499737 -0.0156755633358 0.999996829261 0.001781460064 -0.00175668444874 -0.000286229028544
1659007001.301598787 -0.00266443728716 0.00520610774471 -0.013242761775 0.999997397774 0.00180070521543 -0.00137530998477 -0.00026538300861
1659007001.402490377 -0.00548440178691 0.00278110483091 -0.0141482457644 0.999998012757 0.00168304770169 -0.0010086897266 -0.000352672019282
1659007001.503159523 -0.00719263933374 0.00235004952251 -0.0158876948507 0.999997945607 0.00172457377497 -0.00094515368077 -0.00049123470348
1659007001.604084969 -0.00614147385541 0.00195042594779 -0.0160298014266 0.999996023216 0.00220755771877 -0.00172138223175 -0.000342176574105
1659007001.705069780 -0.00583082401985 0.00198163763284 -0.0165817663872 0.999996371715 0.0020894590108 -0.00161341366321 -0.000536297212264
1659007001.805884838 -0.00516147931014 0.00175960529133 -0.015776095724 0.999996947026 0.00195411222351 -0.0014676558563 -0.000365197586738
1659007001.906664848 -0.0055545098374 0.00281584965164 -0.0162621756408 0.999996970436 0.0019450314968 -0.0014582535207 -0.000386610203149
1659007002.007628918 -0.00451048288869 0.00271152953609 -0.0146777158947 0.99999714312 0.00202149339538 -0.00124128600034 -0.000294150370836
1659007002.108405113 -0.00404818553678 0.00208633654416 -0.0158782649795 0.99999591082 0.00228238246609 -0.00169289840724 -0.000321197548559
1659007002.209295273 -0.00464244739911 0.00347732371948 -0.0164325512941 0.99999734154 0.00197407966283 -0.00116366836698 -0.000256513315943
1659007002.310127020 -0.00363318603266 0.00336298811088 -0.016717697285 0.999997539987 0.0017762283838 -0.00126454622637 -0.000407377237973
1659007002.411026001 -0.00235833604411 0.00339577069765 -0.0153894415386 0.999996739494 0.00193647334057 -0.00163452681354 -0.000315270046136
1659007002.511872530 -0.00400692904664 0.00379355512094 -0.0142395647808 0.999996777315 0.00192962554822 -0.00161503168345 -0.000337012288812
1659007002.612784386 -0.0039411883196 0.0033920261706 -0.0148421221521 0.999997687895 0.00170310923316 -0.00126699108145 -0.000344030828947
1659007002.713598251 -0.00144774589547 0.00521992487357 -0.013324745368 0.99999705836 0.00189191046624 -0.00146935025814 -0.000380731488784
1659007002.814457893 -0.00161729012211 0.00520518583532 -0.0136414875547 0.999997001879 0.00196903783465 -0.00143577914821 -0.000240127010032
1659007002.915310144 -0.00249659574528 0.00546230201461 -0.0138510549496 0.999995900625 0.00226466971473 -0.00171589507541 -0.000354554485354
1659007003.016269684 -0.00230046085935 0.00391463450349 -0.0162921064792 0.999996970589 0.0020933585832 -0.00128630181353 -0.000148625476355
1659007003.117177248 -0.00342161789603 0.00401509158534 -0.0138835733267 0.999996934453 0.00196688010591 -0.00144115368215 -0.000430747836606
1659007003.217899323 -0.00403252250733 0.00503262953559 -0.0145513332062 0.99999711504 0.0019880054897 -0.00128714028925 -0.00040126729984
1659007003.318761826 -0.00517136029553 0.00569144844644 -0.0141253020281 0.999997218098 0.00201080620506 -0.00120534634836 -0.00025998879035
1659007003.419607162 -0.00586530421691 0.00501520951726 -0.0150047102278 0.999997185056 0.00185873305547 -0.00145512276408 -0.000240018688189
1659007003.520455837 -0.00624546109972 0.0039167191144 -0.0153355848303 0.999998067534 0.00162517995498 -0.00100332609474 -0.000465891329644
1659007003.621287823 -0.00766807407977 0.00357357435648 -0.0158551707087 0.99999816785 0.00158959000694 -0.00102043374556 -0.000310184783877
1659007003.722174883 -0.00731078284618 0.00361788392969 -0.0149722115588 0.999997168161 0.00189864926505 -0.00134586017416 -0.000497454008734
1659007003.823044300 -0.0048852152297 0.00587551015362 -0.0152813043286 0.999996748958 0.00216044374041 -0.00128116753516 -0.000439507242879
1659007003.923922062 -0.00600176171758 0.00493290767857 -0.0130686851949 0.999997326334 0.00173926421294 -0.00147819940642 -0.000370421179081
1659007004.024783611 -0.00674845548055 0.00604363736783 -0.0163235915877 0.999995865083 0.00225279935742 -0.00175984955648 -0.000312475062373
1659007004.125619888 -0.0054922925702 0.00432192362559 -0.015185801557 0.999997992971 0.00179175838338 -0.000851843052975 -0.000279318288374
1659007004.226471901 -0.00686447711491 0.00520017662372 -0.0146781775972 0.999996856341 0.00195671336989 -0.00150143622705 -0.00045196207074
1659007004.327325821 -0.00700563012045 0.00502044156862 -0.0164957059709 0.999997671725 0.0018398358906 -0.0010688864866 -0.000359206477279
1659007004.428074598 -0.00498107344213 0.00473107277959 -0.0164619044925 0.999996064881 0.00207600949707 -0.00184229961127 -0.000407846327691
1659007004.529033184 -0.00403546349536 0.0035451592455 -0.0164095592699 0.999995642697 0.0022717651979 -0.00183624894115 -0.000426450244103
1659007004.629910946 -0.00331538617261 0.00213209647684 -0.012272911753 0.999998452923 0.00138325683265 -0.00105658932875 -0.000253715646771
1659007004.730766773 -0.00527145334847 0.00364958013952 -0.0169474835484 0.999997246172 0.00196803301151 -0.00119241930592 -0.000461119305424
1659007004.831593990 -0.00553078821701 0.00340980472622 -0.0152330972234 0.999997268934 0.00194131624693 -0.00124450397552 -0.000380295787512
1659007004.932492256 -0.00483790442012 0.00274588150238 -0.0154084667418 0.999997931972 0.00167810566789 -0.00110210448862 -0.00032462152702
1659007005.033307076 -0.00508760118208 0.00478791329149 -0.0143158936722 0.999996747002 0.00192788169589 -0.0016451639236 -0.000287564015231
1659007005.134211540 -0.00588445668252 0.00497205408986 -0.0138557381111 0.999996074983 0.00213088568768 -0.00178822866896 -0.000334040534289
1659007005.234897852 -0.00554752755736 0.00496706027229 -0.0138561441101 0.999998144325 0.00156581209911 -0.0010784530061 -0.000310672979725
1659007005.335833073 -0.00420893384391 0.00381672467792 -0.0117518363418 0.999997905584 0.00162180440052 -0.00119023331552 -0.000376725677561
1659007005.436756611 -0.0042720471691 0.00413220773665 -0.0130610297815 0.999997851934 0.00156378578215 -0.00133389752033 -0.000267243292461
1659007005.537600994 -0.00433540489313 0.00338970313924 -0.0119835149953 0.999997762742 0.00158428018347 -0.0013389474733 -0.000414471266462
1659007005.638505697 -0.00518718306944 0.0030319904033 -0.014289211065 0.999998012172 0.00163867239003 -0.00106517221451 -0.000394730597967
1659007005.739356041 -0.00490405728636 0.00540126490161 -0.015046530808 0.999997685819 0.00194341565886 -0.000818412360563 -0.000426254275146
1659007005.840164423 -0.0054168682821 0.00653245393655 -0.0141811640563 0.999996552308 0.00202430138412 -0.0016481237653 -0.00028506716855
1659007005.941055775 -0.00449669163711 0.00592072486131 -0.0141955569184 0.99999675905 0.00211214919671 -0.00135816034528 -0.000419661158873
1659007006.041880608 -0.00373623415072 0.00463717928265 -0.0151674309957 0.999996819029 0.002021675235 -0.00136175019287 -0.000648380137405
1659007006.142788887 -0.00571103511256 0.00491468197539 -0.015024601268 0.999997927323 0.00172333534736 -0.000983773296003 -0.0004556910284
1659007006.243593216 -0.00582874544152 0.00542789980984 -0.0149325338555 0.999997591843 0.00187170641305 -0.00109556908826 -0.000335784031664
1659007006.344452381 -0.00720032511604 0.00686721830344 -0.0135760668072 0.999997798203 0.00176321147416 -0.00107444092417 -0.000374501177203
1659007006.445306778 -0.00617215776288 0.00741513528983 -0.0151376503632 0.999997515235 0.00183464738474 -0.00116935392242 -0.000486007387248
1659007006.546196461 -0.00719736980614 0.00698332539548 -0.0130765902173 0.999997755393 0.00173593233752 -0.0011812246793 -0.000283647682313
1659007006.647020102 -0.00691401178665 0.00517294494526 -0.0111980932162 0.999998569824 0.00149502400967 -0.000649685391592 -0.000450735829568
1659007006.747929335 -0.00813080225142 0.00631321791891 -0.0118929692513 0.999996181743 0.00223630015599 -0.00151636481152 -0.000579740314974
1659007006.848735332 -0.00756264917106 0.00700839892231 -0.0119691173652 0.999997840827 0.00169068925763 -0.00113217706748 -0.000422001789197
1659007006.949587822 -0.00670847587829 0.00775349744471 -0.0129241177011 0.999996875104 0.0020839658979 -0.00118502024092 -0.000708939868733
1659007007.050483465 -0.00456781911146 0.0060170611574 -0.012087365925 0.999997437022 0.00185252388081 -0.00124324516901 -0.000385287228703
1659007007.151314259 -0.00554041212804 0.00490857089904 -0.0111978632571 0.999997256716 0.00172685689711 -0.00155788656975 -0.000278413797671
1659007007.252164125 -0.00705991926046 0.00507301406238 -0.0121203297027 0.999996782218 0.00200265181822 -0.00145013722789 -0.000567487308111
1659007007.352958679 -0.00669535775648 0.00557740586187 -0.0118254382923 0.9999971103 0.00201672526118 -0.00121560478071 -0.000484269191891
1659007007.453855515 -0.00680838379428 0.00689008490459 -0.01487813331 0.999995027145 0.00259672221098 -0.00169515915196 -0.000573719322389
1659007007.554726839 -0.00674174623193 0.00594820576687 -0.017365137746 0.999997491633 0.00192799665981 -0.00101708998454 -0.000514863130485
1659007007.655585766 -0.00674943404259 0.00572171769896 -0.0125185591055 0.999997577824 0.00182396040069 -0.00109930089436 -0.000555924397971
1659007007.756454706 -0.00583333945262 0.00632301053544 -0.0113433030397 0.99999655306 0.00210238421529 -0.00152529078922 -0.000383844450193
1659007007.858668327 -0.00605170951528 0.00616896509252 -0.0111149182967 0.999996976172 0.00203126478423 -0.001328641637 -0.000395375826441
1659007007.958174706 -0.00794096934729 0.00733448908274 -0.00977550603526 0.999995111761 0.0023232995006 -0.00203092666498 -0.00050405413889
1659007008.059073448 -0.00772051772607 0.00721267832798 -0.00990730418655 0.999997097827 0.00179153304093 -0.00156574515941 -0.000378403642878
1659007008.159884930 -0.00649371133671 0.00490772829822 -0.00777856767172 0.999997615104 0.00176926013926 -0.00119783343134 -0.000452437519913
1659007008.260777950 -0.00576194800405 0.00336217549737 -0.00602907380379 0.999997737084 0.00166764763019 -0.00124655955878 -0.000436884841603
1659007008.361617088 -0.00563634710792 0.00394500924338 -0.00829889877017 0.999998151952 0.00160522366149 -0.00102661253486 -0.000255766052811
1659007008.462474823 -0.00646626018487 0.0036707164944 -0.0102762184406 0.999997148366 0.002118711191 -0.000967837250064 -0.000526889606343
1659007008.563219547 -0.00706400345057 0.00343221890449 -0.0100649874887 0.999998558601 0.00137525087296 -0.000832155712094 -0.000546806050986
1659007008.664206028 -0.00611169809702 0.00385372376413 -0.00789914058464 0.999998296275 0.00153508257782 -0.000977345462117 -0.000309458775171
1659007008.765049934 -0.00754840970897 0.00647804683045 -0.0103874375747 0.999996173958 0.00214143762073 -0.00170777791581 -0.000387051796143
1659007008.865917683 -0.00735542847248 0.00579137640033 -0.0103260677841 0.99999558551 0.00242001100114 -0.00162562569561 -0.000574323540666
1659007008.966686726 -0.00821133183325 0.00618898681026 -0.0103482079549 0.999997601032 0.00186339602062 -0.00105210707088 -0.000467713311118
1659007009.067628145 -0.0067580526935 0.00568225022183 -0.0107872616853 0.999996903443 0.00193920831021 -0.0015108126225 -0.000387324533126
1659007009.168460131 -0.00493111836899 0.00352821828678 -0.0119586218262 0.999997134293 0.00211038618445 -0.00108500578076 -0.000316920359681
1659007009.269314289 -0.0060280542869 0.00213626733329 -0.0114260349295 0.999998088251 0.00166724216064 -0.000985706367532 -0.00026866606518
1659007009.370171070 -0.00637497367428 0.00438173239888 -0.0125185616665 0.999997598066 0.00174210295414 -0.0013211956985 -0.000152912524322
1659007009.471077919 -0.0066854771068 0.00465270195363 -0.0114758060527 0.999998320258 0.00172412449764 -0.000457173207366 -0.000421745528147
1659007009.571880817 -0.00728950459769 0.00525455432884 -0.0106935301939 0.999997872566 0.00186904265857 -0.000841235290677 -0.000232090851602
1659007009.672685623 -0.00695520976351 0.00388609828068 -0.00869343826555 0.99999736569 0.00179532987828 -0.00138035407706 -0.000374199822627
1659007009.773591995 -0.00733550416421 0.0037189219011 -0.0086071846586 0.999998817783 0.00132697028167 -0.000638363452102 -0.000442801977328
1659007009.874516487 -0.00571467909829 0.00359447128258 -0.00591862964919 0.999998227367 0.00149327804418 -0.00110470932814 -0.000308221007345
1659007009.975306511 -0.00501377780576 0.00497553354231 -0.00855876462457 0.999998184451 0.00154464029839 -0.00103018863533 -0.000428827374264
1659007010.076196671 -0.00353722949801 0.0054025222583 -0.00774789346342 0.999996502051 0.00203732909788 -0.00168660209639 -2.34224691793
1659007010.177037716 -0.00642230512035 0.00614434509716 -0.00516799707415 0.999998611761 0.00129939961124 -0.000966900935995 -0.000391329992821
1659007010.277909756 -0.00642075787621 0.00413873677197 -0.00274662997959 0.999999008967 0.00107140654574 -0.000832158669096 -0.000376384032294
1659007010.378958941 -0.0072915323533 0.00336995727542 -0.00259461671568 0.999999601992 0.000858110733531 -0.000185941825742 -0.000158392467494
1659007010.479538441 -0.00931786899341 0.00533135798258 -0.00476425918683 0.999997688686 0.00180999750886 -0.00113874112473 -0.000223158081332
1659007010.580462694 -0.00712903881582 0.00479925218719 -0.0067762479406 0.999997811431 0.00171400676514 -0.0010704481899 -0.000541714191415
1659007010.681339741 -0.00745420899695 0.00444361086965 -0.00968976773592 0.999997192512 0.00202584394685 -0.0011318862997 -0.000479331382159
1659007010.782164812 -0.00718919436032 0.00247440505475 -0.0107760267157 0.999997523247 0.00202091582298 -0.000810511939385 -0.000460944545776
