1658918774.126722813 -0.00967524813636 -0.00618342060389 -0.0376415847548 0.999993226682 -0.00183019918048 0.0030450557216 -0.000961559016638
1658918774.227532625 -0.00796872037074 -0.00449541921679 -0.0172323415071 0.999998262357 -0.000622576348374 0.00144596161631 -0.000998436950832
1658918774.328417778 -0.00527317424946 -0.00438483361835 -0.0066677132807 0.99999960974 -0.000170412493355 0.000839979246602 -0.00021427646012
1658918774.429465771 0.00288260409506 0.00146146901298 -0.0100157862019 0.999997638598 -0.000702158326908 0.0015862420473 -0.00130904884213
1658918774.530108452 0.015947019947 0.000754873590997 -0.0088805883969 0.999992691204 -0.000174121283361 0.000925242444394 -0.00370555614118
1658918774.630993366 0.0359494716663 -0.00996440873347 -0.00460876753305 0.999992064102 -0.000348449269546 0.00189969902318 -0.00348445986662
1658918774.731819153 0.066325814408 -0.0112945588293 -0.00449312790535 0.999993804987 -0.000720797653301 0.00286815018033 0.00190896664154
1658918774.832707882 0.0824591412281 0.0161807116467 -0.00444858438183 0.999984835031 -0.000965998967992 0.00314542752706 -0.00441620205795
1658918774.933533669 0.103595753596 0.0421523685906 -0.00746815353273 0.999696536151 -0.0014139851834 0.0034480102008 -0.0243505129123
1658918775.034429312 0.131876194045 0.0415704443997 -0.00419153732772 0.998878391433 -0.00121942457305 0.00321970386601 -0.0472239943035
1658918775.135169029 0.168444322406 0.0203379463219 -0.00857200587909 0.997807374627 -0.00124826286685 0.00333302704572 -0.0660891512321
1658918775.236151695 0.217599833082 -0.000449260262772 -0.0085821309754 0.996773002862 -0.00151137146814 0.00357861194078 -0.080177865136
1658918775.337001324 0.261738172739 -0.0140424815053 -0.00880605866588 0.99583750577 -0.000773033166186 0.0029813715669 -0.0910943244409
1658918775.437815189 0.308944954577 -0.0311257216885 -0.00898795279423 0.9951112022 -0.00110828937164 0.00265159022586 -0.0987189749742
1658918775.538687706 0.344814138397 -0.0469983632976 -0.00952539355766 0.994733280672 -0.00107123546792 0.00298530158083 -0.102448234499
1658918775.639499903 0.373728237418 -0.0600918247527 -0.00697437458414 0.994895048506 -0.00110349288253 0.00332321568306 -0.100854256224
1658918775.740410328 0.41465113782 -0.0724814419865 -0.00685990733672 0.99522866507 -0.00111145849672 0.00317319619655 -0.0975120490465
1658918775.841293335 0.457833391245 -0.0818453036605 -0.00309593600598 0.995364009412 -0.000963059404002 0.00318922646561 -0.0961217463369
1658918775.942121983 0.499802263227 -0.0877518523342 0.000140880966381 0.995334627751 -0.000796062872861 0.0025354340982 -0.0964464445027
1658918776.042981148 0.539589282472 -0.0975594238335 -0.000722746189377 0.995172195293 -0.000700932689925 0.00207544392564 -0.0981198396931
1658918776.143887997 0.57509689822 -0.0997105678148 -0.00319115447826 0.995125553072 -0.000934980136762 0.00274041128785 -0.0985735744537
1658918776.244683743 0.605219861461 -0.107385928664 -0.000245395603551 0.995209355489 -0.000829745367208 0.00239222700702 -0.0977339629784
1658918776.345552921 0.642590401506 -0.1136569349 0.000344232064988 0.995441664538 -0.000831743511438 0.00201085229724 -0.09534755989
1658918776.446406126 0.694660843597 -0.121463236847 0.00300648497363 0.99569282858 -0.00078279984603 0.00220296550359 -0.0926840076861
1658918776.547273159 0.757495167746 -0.128885840678 0.00132121466858 0.995736804848 -0.000661428144293 0.0020885972768 -0.0922139671868
1658918776.648116589 0.818420636589 -0.13527679088 0.00126717018593 0.995658496565 -0.000846523035222 0.0024797958102 -0.0930445711997
1658918776.748901606 0.87684887953 -0.142733778748 0.000519990478498 0.995591114361 -0.00129003981838 0.00246610806746 -0.0937581309193
1658918776.849842787 0.942932214923 -0.151914438383 0.00230477081751 0.995569112065 -0.000903534088375 0.00277852196379 -0.0939872679897
1658918776.950688839 1.00702302359 -0.165104678812 0.00187674531121 0.995541631248 -0.000773204883309 0.00239000122872 -0.0942897157689
1658918777.051550865 1.06709064785 -0.174432223304 -0.000468270078393 0.995542110875 -0.00112385488156 0.00259257922626 -0.0942757707888
1658918777.152448177 1.12453465587 -0.180771625643 -0.000963391651359 0.995519644876 -0.00122573455612 0.00264399820924 -0.0945100180658
1658918777.253264427 1.17900663364 -0.18962781493 0.000677823811173 0.995511267565 -0.00118796393916 0.0028029207361 -0.094594125234
1658918777.354124546 1.23650171626 -0.201103070024 -0.000559276731902 0.995458257193 -0.00164342876788 0.00274414700091 -0.0951452940772
1658918777.454976797 1.27799336193 -0.205341182967 0.000886285938579 0.995273552751 -0.00132097247481 0.00263237363266 -0.0970663733543
1658918777.555825472 1.30173998578 -0.207280069761 0.00606195530241 0.995045071629 -0.00094718844742 0.00259013386178 -0.0993866161344
1658918777.656720161 1.30771661456 -0.210461141461 0.00493443583816 0.994984359308 -0.00121777117082 0.00240263732648 -0.0999943453393
1658918777.759246826 1.30673847364 -0.209047232323 0.00530692384698 0.995114359438 -0.00113417472726 0.00222151449655 -0.0986974678534
1658918777.858426809 1.30770856629 -0.210016891822 0.00790127732918 0.99511523824 -0.000977030684923 0.00209483264618 -0.0986930580637
1658918777.960326672 1.30868129031 -0.214230004484 0.00835135304506 0.995226446052 -0.000945870118924 0.00211752224917 -0.0975650680684
1658918778.060113907 1.30400406137 -0.214389191066 0.00577539556464 0.995131741064 -0.00106198213279 0.00225432487933 -0.0985221200581
1658918778.160975456 1.28443937911 -0.210428991611 0.00625967134037 0.994981598642 -0.00115534339326 0.00235191317736 -0.100023757428
1658918778.261839390 1.25232265964 -0.203459133297 0.00569610379692 0.995019500147 -0.0012169685176 0.00223243066382 -0.0996480284244
1658918778.362678528 1.21617207826 -0.198594113296 0.00239807513402 0.995283983823 -0.0012496021933 0.00225366160868 -0.0969698460849
1658918778.463547707 1.18815930992 -0.194163631631 0.00264319332859 0.995651087214 -0.00121169071529 0.00257151461164 -0.0931173004776
1658918778.564412117 1.16933736791 -0.193450767599 0.00411160771582 0.995668622316 -0.00101062265156 0.00267585469691 -0.0929290749938
1658918778.665270567 1.14271274471 -0.187725116554 0.00563815255239 0.995006695026 -0.000982797817579 0.00232031204286 -0.0997763855483
1658918778.766298771 1.0995909382 -0.176339601024 0.00609932160144 0.994540552339 -0.000973623465854 0.00227317289061 -0.104321495847
1658918778.866944790 1.05462647316 -0.165713169568 0.00510974188721 0.994800901416 -0.00109979142505 0.00232817543419 -0.101806368165
1658918778.967824936 1.01491395853 -0.157767984219 0.00490004696839 0.99512436601 -0.00104071563472 0.00194389942229 -0.0986034195114
1658918779.068694592 0.97667361752 -0.152030443958 0.00427882183019 0.995237453425 -0.00105663973572 0.00206643882343 -0.0974526789938
1658918779.169545174 0.939233534187 -0.147917660707 0.00607434182338 0.995214424359 -0.00112399167271 0.00232902211881 -0.0976809185377
1658918779.270395756 0.900420530296 -0.145851344929 0.00717850039215 0.995083628529 -0.000747658722411 0.00220002659978 -0.0990109747642
1658918779.371269226 0.862737667379 -0.140470432749 0.00632075095729 0.995050627998 -0.000769986221073 0.00215652754558 -0.099342862001
1658918779.472094297 0.825830919729 -0.133188827449 0.00495498509749 0.995032083507 -0.000748961283836 0.00217343233808 -0.0995282273521
1658918779.572969913 0.79171539101 -0.128608616953 0.00358495547854 0.995056600312 -0.000718357090533 0.00189086805388 -0.0992888249321
1658918779.673826694 0.757820498123 -0.133376740839 0.00305399883403 0.994823626956 -0.000810218800348 0.00182487434253 -0.101597069988
1658918779.774713516 0.722021729811 -0.147563865382 -0.00111654825402 0.99382601353 -0.0012722411637 0.00193613684883 -0.110925594913
1658918779.875579357 0.686373283953 -0.164278249129 -0.00144041667084 0.992155032161 -0.00115381571461 0.00180894219973 -0.124995154283
1658918779.976353168 0.650038879792 -0.182604112246 -0.0019217964497 0.989833201356 -0.000870307515819 0.00191243044761 -0.142217504788
1658918780.077246428 0.620139553154 -0.190379773044 0.00132370615181 0.986946107888 -0.000710943156916 0.00179654084398 -0.161039271996
1658918780.178167343 0.598264913255 -0.183667512581 0.00319874424946 0.984004398384 -0.000889964987043 0.00200085716694 -0.178130706207
1658918780.278960228 0.595999102793 -0.142357918609 0.00134732444968 0.982863492407 -0.000986237865258 0.00224896578517 -0.184318541609
1658918780.379853725 0.607680525331 -0.0559020992052 -0.000600620610386 0.98530543379 -0.00100932774167 0.0026535554178 -0.170778049075
1658918780.480734825 0.602511175479 0.014913308398 -0.0017832794202 0.990129999451 -0.000924413386549 0.0025285602884 -0.14012614328
1658918780.581532478 0.588657903754 0.0610386423245 -0.00303242677843 0.995023433789 -0.000839594992622 0.00241664387388 -0.0996083386218
1658918780.682405233 0.562843513808 0.0807310987687 -0.00256809476512 0.997875190893 -0.000703983159722 0.00267547284947 -0.0650956961098
1658918780.783257008 0.527973841148 0.0790404200343 -0.0021771573151 0.999411284357 -0.000714180475619 0.00282746659451 -0.0341845005713
1658918780.884123802 0.497481898611 0.0713836065266 -0.00287407231553 0.999969550109 -0.00082599435801 0.00293460095988 -0.00718364146311
1658918780.984978676 0.475720635787 0.0578373299393 0.00054409010954 0.999858767819 -0.0005490270299 0.00273508173321 0.0165729391695
1658918781.085838318 0.447448891843 0.0517508893138 0.000862956590402 0.99922443329 -0.000438589784915 0.00272499382991 0.0392799435323
1658918781.186699152 0.422920038204 0.0518246385313 -0.00193404479728 0.998141859405 -0.000711523499686 0.00301215818441 0.0608543272127
1658918781.287517071 0.397843837976 0.0484319829126 -0.00349125279788 0.99651136338 -0.000590275889999 0.00282004665131 0.0834074431131
1658918781.388429880 0.370395832311 0.0467577388818 0.000889864763416 0.994647853292 -0.000427541035601 0.00317247373511 0.103273426204
1658918781.489284515 0.338473033167 0.0431642742475 -0.000704185176334 0.992310267715 -0.000474633940972 0.00297776767464 0.123738596283
1658918781.590158224 0.309837150354 0.0399543873171 0.000568764939627 0.98954270299 -0.000302785858286 0.00278702362838 0.144212966754
1658918781.691030264 0.285602380792 0.0326104624968 0.00101304709565 0.986497425546 -0.000419431556281 0.00299291188478 0.16374888075
1658918781.791830063 0.259024557759 0.022364059346 0.000789350654634 0.983510214995 -0.000292906090239 0.00274640215596 0.180831491953
1658918781.892687082 0.234806244321 0.0159091245234 -0.00141781437533 0.980272974086 -0.000440332250133 0.00262342335144 0.197630513925
1658918781.993426323 0.212374947557 0.00403396809643 -0.0027148866987 0.977245552113 -0.000422362552214 0.00285842685184 0.212091446977
1658918782.094333172 0.190039389937 -0.00851996189461 -0.00197348250682 0.974329479447 -0.000437764876674 0.00264894330226 0.225110765938
1658918782.195124626 0.168332780916 -0.0276150808855 -0.00170983699941 0.971941357498 -0.000428843100671 0.00261214179245 0.235208397795
1658918782.296058178 0.14779594659 -0.0645785866149 -0.00109961353822 0.97102986047 -0.000863277919429 0.00272020578736 0.238941133562
1658918782.397029877 0.125938437106 -0.0967768637883 -0.000634372968916 0.972041207525 -0.00106645193653 0.00278551444778 0.234791384986
1658918782.497820377 0.105802234217 -0.108750952753 -0.00199327486873 0.972901829151 -0.000610565940488 0.00276394867531 0.231201251363
1658918782.598714828 0.0818536487821 -0.119750243476 -0.0015999520692 0.973346867319 -0.000717431020773 0.00289246682734 0.229318544406
1658918782.699559212 0.06405428767 -0.128642040312 -0.00116325365601 0.973581785907 -0.000781011212454 0.00274739233219 0.228320713047
1658918782.800469875 0.0401030663101 -0.136094303643 -0.000199927293781 0.973639554547 -0.000895816829337 0.00255084399897 0.228076102492
1658918782.901258707 0.0142906637502 -0.139738165855 -0.000582828553441 0.973450693247 -0.000902547658491 0.00260389080531 0.228880215346
1658918783.002111435 -0.00394942117514 -0.149749229962 -0.00050254045623 0.973198499414 -0.000977393308392 0.00266071542182 0.229949224906
1658918783.102942228 -0.026332439527 -0.161545577996 0.000762141081365 0.973110015766 -0.000806905916341 0.00265308197508 0.23032413524
1658918783.203739166 -0.0503005915038 -0.174182759045 -0.00125200041404 0.973191927898 -0.00103292750503 0.00275898008168 0.229975634719
1658918783.304714203 -0.0754542789443 -0.189690204217 -0.00118132717317 0.973266138977 -0.00128370639783 0.00286793014195 0.229658768166
1658918783.405575752 -0.0986151577097 -0.201209897341 -0.000842665312814 0.973373851339 -0.000896726866344 0.00280352083896 0.229204453884
1658918783.506411552 -0.121664513936 -0.211829691226 0.00152257093351 0.973313044254 -0.000634178260664 0.00278501005168 0.229463634205
1658918783.607110023 -0.148430864972 -0.226750975886 0.00139124726279 0.973499669734 -0.000495654814144 0.0025673892725 0.228673469967
1658918783.708167076 -0.172385796273 -0.237680736733 0.00152521600383 0.973544610915 -0.000525760277504 0.00249320447625 0.228482817878
1658918783.808936119 -0.195259283676 -0.250563575706 -0.000777528202927 0.973554375348 -0.000739378763315 0.00259871740121 0.228439441052
1658918783.909804821 -0.21841482606 -0.262236507795 -0.00180453152826 0.973446064808 -0.000720211420927 0.002587747508 0.228900729069
1658918784.010533333 -0.241426328166 -0.273321256206 -0.000969039703858 0.973521204633 -0.000692023500798 0.00254501590845 0.228581513093
1658918784.111537695 -0.263634595156 -0.285591687774 -0.00200968222021 0.973753446194 -0.000702442267443 0.00257993689055 0.227589710941
1658918784.212413311 -0.285218146187 -0.30328976442 -0.00167033691642 0.974127009111 -0.00122544844566 0.0028933048896 0.225979417611
1658918784.313267708 -0.306583319053 -0.314988511651 -0.00113986634671 0.974677558522 -0.00115609304573 0.00291578153401 0.223592975248
1658918784.415879250 -0.328074960135 -0.326146599407 -0.000743203556842 0.975157752975 -0.000634815140963 0.00263003942285 0.221495003813
1658918784.515023232 -0.349208886506 -0.339044027457 -0.00272066758687 0.975934525335 -0.000808319365484 0.00268963742413 0.218045671201
1658918784.615915775 -0.369637743531 -0.348940792798 -0.00294781905881 0.976974432528 -0.00103393074983 0.00258141279816 0.213338288831
1658918784.716683388 -0.391419169946 -0.358809177407 -0.00399441257408 0.978105512476 -0.000688677031656 0.00229826871413 0.208095771577
1658918784.817572594 -0.416753804713 -0.365063842683 -0.00492802651289 0.979443198004 -0.00101866233423 0.00253455783141 0.201701661439
1658918784.918294191 -0.436351211797 -0.371755189269 -0.00530437556753 0.980648140337 -0.00100737958816 0.00257660810759 0.195758961815
1658918785.019260883 -0.457610306703 -0.382513034994 -0.00278436458695 0.981825120499 -0.00108499915216 0.00260470222991 0.189766886102
1658918785.119953632 -0.479172163454 -0.393586193224 -0.00135785081852 0.982935596301 -0.000820980904366 0.00262931780995 0.183929405487
1658918785.221049309 -0.49846317273 -0.405527711463 0.00076130672987 0.983864851919 -0.000762370852763 0.00281851006443 0.178889429395
1658918785.321726322 -0.521646618644 -0.412655188187 0.00122701861306 0.984767996349 -0.000694017291568 0.00271805155638 0.173850866847
1658918785.422686577 -0.542982136952 -0.420197120329 0.00114642266525 0.985828594939 -0.00089407608033 0.00288438429671 0.167728537692
1658918785.523574114 -0.567319438039 -0.430387137018 0.00257299702917 0.986867138747 -0.000492601053159 0.00281428458965 0.161508784922
1658918785.624265194 -0.588751375388 -0.437516893014 0.00400667158973 0.987897787307 -0.000406831753154 0.00276699569255 0.155081075752
1658918785.725261688 -0.612092956034 -0.445746671962 0.0048383434152 0.988972738449 -0.000517018800631 0.00281897916344 0.148069945137
1658918785.826118469 -0.636099241456 -0.453612996406 0.00530930926253 0.990097086789 -0.000609030697204 0.00274121646302 0.140356237999
1658918785.926954269 -0.6553167917 -0.46177429647 0.00395040618316 0.991274455823 -0.000631817515941 0.00293890347643 0.131779804541
1658918786.027823448 -0.679334923463 -0.4687187322 0.0049490182048 0.992299960723 -0.000705906476226 0.00290627371142 0.123821820444
1658918786.128670454 -0.701500228321 -0.472758373421 0.00552372508408 0.993299333139 -0.00110956594467 0.00324583894072 0.115519124734
1658918786.229599953 -0.724029847008 -0.478410045862 0.0056360895868 0.99440749468 -0.00083418956914 0.00302422442706 0.105564637637
1658918786.330406189 -0.749295643346 -0.480761019772 0.00479730149307 0.995496547854 -0.000734368302411 0.00304122687476 0.0947461600996
1658918786.431292057 -0.770234852052 -0.487875014349 0.00528437314346 0.996600703989 -0.000722274531932 0.00297207956696 0.0823266777606
1658918786.532141685 -0.796799540912 -0.491748265896 0.0055061216433 0.997641282641 -0.000307547590181 0.00278342032755 0.0685859253557
1658918786.632997513 -0.817193608989 -0.492614816822 0.00569586584242 0.998551391051 -0.000720302593506 0.00317300870617 0.053707844961
1658918786.733851433 -0.840852631654 -0.499526517658 0.00689150783734 0.999265580193 -0.000290895113427 0.00287412603813 0.0382093577762
1658918786.834529400 -0.864573977375 -0.506479078201 0.00506381867519 0.999729975985 -0.000293316800376 0.00286196185506 0.0230585831239
1658918786.935530186 -0.884947867767 -0.522456307107 0.00590693153816 0.999963569148 -3.00761493208 0.00271648505955 0.00809203787082
1658918787.036465168 -0.903969059275 -0.542985910536 0.00825759344065 0.99999246566 -4.85565618738 0.00288708365543 -0.00259441960062
1658918787.137275219 -0.912781056007 -0.564452510529 0.010562957211 0.999989386019 2.07596073594 0.0025570986661 -0.00383257948103
1658918787.238117218 -0.917595433469 -0.576734610376 0.0108802259389 0.999995948929 -0.000368420862004 0.00260255800157 0.00109228357063
1658918787.338962078 -0.930694691515 -0.579850905878 0.00920607399456 0.999989028468 -0.000344819777102 0.00275377895394 0.00377369105309
1658918787.439841747 -0.94611173876 -0.576633837543 0.00863107687587 0.999988340696 -9.17473642318 0.00259722732093 0.00406994661297
1658918787.540604115 -0.961621770212 -0.572547523066 0.0113483449842 0.999991949521 -2.28586857567 0.00273670469977 0.00293441970593
1658918787.641545773 -0.981383467494 -0.570050149684 0.0121726570137 0.999995417728 -0.000110627370222 0.00290065813913 0.000859341271405
1658918787.742399931 -1.00204401101 -0.570983912686 0.00898257898179 0.999996099288 0.000370121888781 0.0027637859732 0.000160949796475
1658918787.843276978 -1.02507011296 -0.569907311388 0.00755378568021 0.999995623584 -5.23978743962 0.00277833765617 0.00101533638346
1658918787.944144964 -1.04610585798 -0.569708297564 0.00800392398769 0.999994983031 -0.000309005851506 0.00298490467419 0.00101428413304
1658918788.044732332 -1.06829743694 -0.56997671819 0.00773619897503 0.999995926948 -0.000236993765322 0.00268094320134 0.000949981307087
1658918788.145824432 -1.09122514019 -0.572124283318 0.00672169455227 0.999996166718 -0.000299434908314 0.00267626797038 0.000643799458068
1658918788.246665001 -1.11391009454 -0.573120468825 0.00493772782757 0.999995821752 -0.000185742270551 0.00282688416856 0.0005750687955
1658918788.347682953 -1.13723898671 -0.57692742506 0.0031540097709 0.999994630149 -0.000969379653465 0.00282892811171 0.00134057540477
1658918788.448446751 -1.15206990606 -0.575950037903 0.00312808617958 0.999994238209 -0.000519749544012 0.00285783232858 0.00175675948853
1658918788.549262762 -1.16981725883 -0.576599592001 0.00245645405029 0.999995828086 -0.000719358206191 0.00247906588733 0.00129636683133
1658918788.650142670 -1.18720820124 -0.578866211686 0.00199255900292 0.999996068213 -0.000230960563761 0.0023313353182 0.00154113289783
1658918788.750832558 -1.20560365749 -0.579309299652 0.00149762228102 0.999996546762 -0.000292585892565 0.00235645309543 0.00112604860088
1658918788.851847172 -1.21710173822 -0.577697090796 0.00257450113573 0.999996534963 -0.000636267512108 0.00255327876166 -7.74202335684
1658918788.952703476 -1.20704342206 -0.569860575745 0.0033962203285 0.99996055186 -0.000241250746475 0.00268828760107 -0.00846224744904
1658918789.053561687 -1.20699308678 -0.568070385505 0.00279982170953 0.999625436048 0.000308425087446 0.00275813293055 -0.0272265528983
1658918789.154393673 -1.21366005977 -0.572345590906 0.00159190932466 0.998805370595 0.00149960354831 0.00310641298968 -0.0487435437587
1658918789.356103182 -1.26481857388 -0.577519020213 0.00165266292424 0.995806281839 0.000173408427545 0.00268452102721 -0.0914473199501
1658918789.456976891 -1.30341625878 -0.58632320183 0.00403571248129 0.99547939936 -0.000810636566127 0.00288947129184 -0.0949302863853
1658918789.557833672 -1.33035524532 -0.592923809082 0.00560647657495 0.995748303504 -0.000136033708163 0.00289336257913 -0.092070223287
1658918789.658726454 -1.35417541735 -0.597896897465 0.00603292776298 0.995942732605 -0.000209522235402 0.0028251016162 -0.0899446956337
1658918789.759522438 -1.37486689545 -0.600677048765 0.00657362746329 0.996111080868 -0.000476427171088 0.00264193321815 -0.0880653608346
1658918789.860434771 -1.38742486682 -0.603140632264 0.00641491814579 0.996149932073 -0.00028527072263 0.00265995210118 -0.087625088337
1658918789.961246014 -1.39646723453 -0.598573828823 0.00587901129873 0.996219083013 -0.000142944903812 0.00266308334016 -0.0868356274478
1658918790.062056780 -1.40334749841 -0.597589418734 0.00374995196768 0.99618857201 9.66194833104 0.00288047373462 -0.0871781081084
1658918790.162959814 -1.41283242539 -0.590203969751 0.00309980883851 0.99627547735 -0.000140209206879 0.00266923540768 -0.0861860125209
1658918790.263812542 -1.43178033999 -0.588310430643 0.00226826193262 0.996151789041 -0.000133985193043 0.00290573175772 -0.0875965293871
1658918790.364724159 -1.45446745724 -0.579744846018 0.00223990849246 0.996056966804 -0.000410062131125 0.00240986484957 -0.0886822602476
1658918790.465399742 -1.47542469376 -0.577728279427 0.00197204062323 0.996006411121 -0.000537435780184 0.00259418034169 -0.0892424248772
1658918790.566404819 -1.50085063517 -0.57368360022 0.00238075899736 0.996016200893 -0.000979171581091 0.00254739920072 -0.0891306879774
1658918790.667271376 -1.52521601059 -0.570488607729 0.00342439386414 0.996026621445 -0.000473022906514 0.00244329638148 -0.0890212105385
1658918790.768125057 -1.54818474589 -0.566351506883 0.00487769258486 0.996148169208 -0.000986869610269 0.00257323578306 -0.0876426239259
1658918790.868980408 -1.5697141614 -0.56166509613 0.0051654107603 0.996193855402 -0.000928967971616 0.00262810436939 -0.0871207928428
1658918790.969877958 -1.59434218306 -0.555323966286 0.00593874115437 0.996184107727 -0.000698604309191 0.00257348544141 -0.0872359595364
1658918791.070708275 -1.61670479863 -0.552539184841 0.00727678029138 0.996162483884 -0.000951596232929 0.00223815025375 -0.0874893756458
1658918791.171527147 -1.64166221711 -0.54997893662 0.00396593933416 0.996127030442 -0.000617253037752 0.00246434341421 -0.0878890507038
1658918791.272408962 -1.66428745748 -0.5481943782 0.00354823142449 0.996143469348 -0.00119860740421 0.00222660665165 -0.0877028736068
1658918791.373273611 -1.68523540351 -0.546163372216 -0.000486648918477 0.996144493249 -0.000211404528849 0.00255950723662 -0.087690095221
1658918791.474223614 -1.70673318578 -0.544976017847 -0.00236247904569 0.996068984227 -0.000814356420749 0.00253313790571 -0.088540943622
1658918791.675830364 -1.74743720023 -0.535219415554 0.000189665087307 0.996127781463 -0.00126460667493 0.0023502915356 -0.0878767312579
1658918791.776679516 -1.76824042084 -0.530175651438 -0.00129331099672 0.996139127886 -0.00157216480785 0.00224849704426 -0.087745714724
1658918791.877565145 -1.78660468038 -0.526049193106 -0.00275662288851 0.9961262812 -0.00051715315084 0.00245251678937 -0.0878985188561
1658918791.978419304 -1.80923231327 -0.5225002963 0.000879358694737 0.996050087946 -0.000957722583409 0.00244611007915 -0.0887542766052
1658918792.180027008 -1.84718220775 -0.517874760898 -0.00106843877524 0.996019098773 -0.000526717623991 0.00230104963098 -0.08910882458
1658918792.281046867 -1.86619199135 -0.513230647756 -0.00226853886146 0.995982904508 -0.000730676607997 0.00220285177704 -0.0895135044773
1658918792.381843567 -1.88612098029 -0.511740310029 -0.00370719768322 0.996025790566 0.000297091385557 0.0023433405978 -0.0890339543059
1658918792.482688427 -1.90742100854 -0.510509440643 -0.00136446711902 0.995966911092 -0.000560539161928 0.00206035806163 -0.08969589026
1658918792.583490849 -1.92869216591 -0.507750781038 -0.00363291071714 0.995994419685 -0.000259507576751 0.00223186907223 -0.0893871767779
1658918792.684306860 -1.94776941084 -0.505545189079 -0.00319423555004 0.996031483305 -6.97011355151 0.00230638843212 -0.0889716807739
1658918792.785287857 -1.96692224192 -0.49943841362 -0.00243848337155 0.995981608314 1.31532162887 0.00234649572941 -0.0895272566598
1658918792.886003971 -1.99026435822 -0.498034164736 -0.00224976726261 0.995989965884 -0.000414917858133 0.0022804917345 -0.0894349767103
1658918792.987009048 -2.01067999459 -0.494713348283 -0.00475377347813 0.996001558539 -3.00113728115 0.00237354779213 -0.0893043154558
1658918793.087820530 -2.03105944211 -0.492802870458 -0.00632622689212 0.996002807931 -3.40321968934 0.00224138102663 -0.0892937939948
1658918793.188719034 -2.05038165963 -0.488795483373 -0.00441837670309 0.996034787071 -0.00020261503519 0.00250501125667 -0.0889291111503
1658918793.289536238 -2.07266657715 -0.486025034824 -0.00302445899018 0.995959542273 0.000643936197345 0.00238958764788 -0.0897689555036
1658918793.390307426 -2.09747713919 -0.482509563582 0.000202154409624 0.995976848544 -0.000406899273925 0.00226543602742 -0.089581356298
1658918793.491282940 -2.1171438287 -0.480503536383 -0.000239354156137 0.996012545996 -2.42186927602 0.00238057278336 -0.0891815031605
1658918793.592150688 -2.1378125205 -0.477569574569 -0.00193305352218 0.995960113548 0.000333047903111 0.00240896569068 -0.0897637910591
1658918793.692875385 -2.16054321103 -0.472862547843 -0.000140800215877 0.995935580139 -0.000800928409168 0.00224382907245 -0.0900369033106
1658918793.793839455 -2.18141956988 -0.468032604027 0.000597851516465 0.995912224553 -0.000548412520682 0.00230880820901 -0.0902951251977
1658918793.894601822 -2.20642373931 -0.464559274572 0.0018044798697 0.995910541197 0.000440661063978 0.00246025067803 -0.0903102813485
1658918793.995550394 -2.22959123102 -0.46536746981 0.00331119549085 0.995871969777 -4.91795759661 0.00224448279422 -0.0907412788704
1658918794.096350193 -2.25017848286 -0.463727426723 0.00410252379574 0.995899992889 3.64446137971 0.00226196481462 -0.090432772549
1658918794.197342396 -2.27373664026 -0.461542654621 0.00308360774879 0.995876499215 0.000712019079832 0.00256623630208 -0.0906802391451
1658918794.298012257 -2.29575111183 -0.459085173227 0.00354163202551 0.995800787718 0.00044692841194 0.00256775337138 -0.091509551843
1658918794.399005651 -2.31942476423 -0.450585861877 0.00424732516026 0.995866033022 0.000188212204059 0.00231203725978 -0.0908045336595
1658918794.501418114 -2.34157444094 -0.44980699959 0.00322377583746 0.995897801678 0.00022802695994 0.00236947429657 -0.0904538678402
1658918794.600764990 -2.36241306449 -0.447082758432 0.00543845250319 0.995906957091 -0.000607374895094 0.00220028092122 -0.0903555348506
1658918794.701579809 -2.38401343529 -0.442543884504 0.00401531618297 0.995900086283 0.000247733895667 0.00250873409349 -0.0904249026637
1658918794.802417517 -2.40599614964 -0.440547174428 0.00232397124559 0.995922002498 0.000184316377385 0.00258131091804 -0.0901813051643
1658918794.904119968 -2.42750581033 -0.43658189287 0.00545569148618 0.99598287303 0.000465614486839 0.00262353228593 -0.0895042843233
1658918795.004149437 -2.4467235249 -0.432915380055 0.00544968033707 0.996033601489 -5.14955813704 0.00259081526207 -0.0889401468872
1658918795.105119705 -2.46345149267 -0.432627846588 0.00632673167104 0.996025381807 -9.1387265724 0.00248447510727 -0.0890351493929
1658918795.205854416 -2.48218456218 -0.430539966257 0.0078993462769 0.996019541891 -0.000506706353165 0.00233317347769 -0.0891031521422
1658918795.306680202 -2.49977858823 -0.429044250165 0.00992170762865 0.996013717453 -0.000554739222934 0.00255871098989 -0.0891617625875
1658918795.407604218 -2.5172136317 -0.424267695148 0.0113857490626 0.995953408525 -0.00150196211932 0.00225858177051 -0.0898301228211
1658918795.508410454 -2.53730807294 -0.419781079595 0.0111687718404 0.99590930011 -0.0010979241872 0.00261924202265 -0.0903138975306
1658918795.609205961 -2.55523324307 -0.413048068673 0.0111152946475 0.995912750341 -0.0007744341784 0.00257823727174 -0.0902803780056
1658918795.710118294 -2.57480114736 -0.410127949814 0.00960647480179 0.995910153314 2.07829857394 0.00263505984372 -0.0903107001094
1658918795.810970783 -2.5916429503 -0.406857542659 0.00873556944775 0.995867925183 0.000246069586428 0.0026566406617 -0.0907742105569
1658918795.916059017 -2.60951751706 -0.403613246451 0.00860222781602 0.995855772896 -0.000774110339087 0.00247132094588 -0.0909096964899
1658918796.012630939 -2.62649948098 -0.398899589881 0.00762390245103 0.995885891979 -0.000891432363488 0.00257508751404 -0.0905751866081
1658918796.113570690 -2.64433085553 -0.398849174306 0.00748305113221 0.99585315622 -0.000531549378874 0.00272407770706 -0.0909328769099
1658918796.214472055 -2.66358264572 -0.394133474384 0.00738775478946 0.995868980296 -0.000616403675632 0.00258284467668 -0.090763004821
1658918796.315294743 -2.67760266018 -0.391812093068 0.0064069853024 0.995889674336 -0.000288862642094 0.00272259837365 -0.0905332014652
1658918796.416126251 -2.69679574244 -0.389280913358 0.00777810101649 0.995893732335 -0.0001261983719 0.00261830746186 -0.0904920020598
1658918796.516993523 -2.71211101345 -0.389035014419 0.00995809974212 0.995926031183 -0.00142883365853 0.00244405343631 -0.0901294926735
1658918796.617828131 -2.72966268365 -0.38692957226 0.0107965458056 0.995918764567 -0.0011099015548 0.00270935196282 -0.0902066622479
1658918796.718720913 -2.74911966309 -0.38659844039 0.0126781740301 0.995933286093 -0.000982204006741 0.00253890515695 -0.0900526450956
1658918796.819556713 -2.76860902194 -0.386600533093 0.0126232773584 0.995901495412 -0.00163864707001 0.00246163532505 -0.0903961648681
1658918796.920320511 -2.7850758156 -0.382577712249 0.0132522671618 0.995886436174 -0.00110026010135 0.00232722195219 -0.0905736148686
1658918797.021281958 -2.80373403783 -0.37901931281 0.0101937193922 0.995909660027 -0.000811537494014 0.00262603945116 -0.0903127587256
1658918797.122022867 -2.82144592643 -0.375992689993 0.0110450843157 0.995895031833 -0.00153580731273 0.00233001080539 -0.0904726362863
1658918797.222972155 -2.83974573049 -0.372585464446 0.00928503092915 0.995877655942 -0.00154642711474 0.00249340671796 -0.0906591742844
1658918797.323876858 -2.85815702682 -0.36576766321 0.00937050516953 0.995888806516 -0.000916417037582 0.00267190684485 -0.0905400803476
1658918797.424694538 -2.87750900759 -0.361570449948 0.00984118947364 0.995898429355 -0.00132401545943 0.00250895836664 -0.0904337908
1658918797.525544167 -2.89611126443 -0.358910441414 0.008220082677 0.995878541061 -0.00121652821241 0.00253093173463 -0.0906534384211
1658918797.626413345 -2.91627467426 -0.3553706634 0.00712492875669 0.995874388452 -9.4920671515 0.00277936636494 -0.0906998816863
1658918797.727179527 -2.9344526936 -0.355030477156 0.00620136765883 0.995890297786 -5.77984586618 0.00269156797851 -0.0905277134169
1658918797.828130722 -2.94938769589 -0.35373200663 0.00843767347255 0.995904600962 -0.0010800633501 0.00232919387577 -0.0903738574036
1658918797.928988934 -2.96707206111 -0.34988522029 0.00943385601129 0.995846720564 -0.000962732151905 0.00254338409086 -0.0910050190105
1658918798.029859066 -2.98377629651 -0.346380492192 0.00958967249617 0.99581591487 -0.00187953468706 0.00242256438743 -0.0913305109027
1658918798.130727291 -3.00234233973 -0.343488331399 0.010733493438 0.995756097959 -0.00109744204217 0.00220212507095 -0.0919985850064
1658918798.231610298 -3.02231302932 -0.341201745148 0.0115062095687 0.995729483188 -0.00119914330272 0.00190431626099 -0.0922915594442
1658918798.332413197 -3.03923820008 -0.337543606775 0.0110507437998 0.995712744162 -0.00127788551222 0.001917938647 -0.0924706420105
1658918798.433254480 -3.05686733629 -0.334979159448 0.0119275533559 0.995764060082 -0.00154468138668 0.00177480847836 -0.0919151818936
1658918798.534154654 -3.0695997617 -0.330027258497 0.0121829657093 0.995789696059 -0.000385458921123 0.00201855485142 -0.0916441928332
1658918798.634959698 -3.08978610327 -0.328477117266 0.0157460393589 0.995793559114 -0.00162341260596 0.00119715203832 -0.0916030511819
1658918798.735721588 -3.10617417781 -0.326744717985 0.0145373098314 0.995811159842 -0.000713102789247 0.00184555745089 -0.091412358767
1658918798.836689949 -3.12523595691 -0.32583612374 0.0134021659876 0.995872784946 -0.000726696723558 0.00180243536262 -0.090739293267
1658918798.937625885 -3.14275146997 -0.322587873536 0.0126171410286 0.99584955529 -0.00120030128793 0.00173260402308 -0.0909902224888
1658918799.038444042 -3.16022380236 -0.321549731942 0.0110720402878 0.995902699373 -0.000447798155867 0.00145258783348 -0.0904184873066
1658918799.139299393 -3.17286040466 -0.318891634972 0.0122203852779 0.995954576886 -0.00110286122303 0.00157275479841 -0.0898375807781
1658918799.243163109 -3.18874914247 -0.313088817928 0.0148055520163 0.995954025036 -0.000425521887215 0.00174231223618 -0.0898463315545
1658918799.341073513 -3.20338954842 -0.311693676043 0.0137152286431 0.995933310639 -0.000303868573237 0.00243310202379 -0.0900601379018
1658918799.441788673 -3.22186021335 -0.309648866772 0.0120578186512 0.995882938851 -2.33780605631 0.00211466454632 -0.0906239469049
1658918799.542577028 -3.23798467216 -0.306542541854 0.0097030337647 0.995864731791 -0.000486271747774 0.00211050853979 -0.090822603288
1658918799.643545389 -3.25379219042 -0.302210135551 0.00985829659628 0.995869735794 -0.000725656977519 0.00189897439321 -0.0907707918249
1658918799.744331837 -3.26824344751 -0.301594811541 0.0111301515939 0.995857260478 -0.000575235478542 0.00191506901202 -0.090908296478
1658918799.845266342 -3.2834430924 -0.296933937935 0.0116325935319 0.995796950266 -0.000131251240358 0.00201827208859 -0.0915660591711
1658918799.946131468 -3.30366875285 -0.293272274762 0.00990764391954 0.99581070536 -0.000365602557198 0.00193451226387 -0.0914175206841
1658918800.046983242 -3.32047765039 -0.291009082558 0.00865824444375 0.995808129536 0.000347072668065 0.00220150272162 -0.0914396089081
1658918800.147847176 -3.33604211381 -0.290271807663 0.00885783719743 0.995814637777 0.000380713165701 0.00213639488062 -0.091370115815
1658918800.248692036 -3.35162896893 -0.287798531408 0.0091117823767 0.995759585316 -0.00128221222427 0.00183489035765 -0.0919665012973
1658918800.349562883 -3.36899552609 -0.284922747313 0.00943242051932 0.995777800396 -0.00106842874254 0.00178067173825 -0.0917728713052
1658918800.450396538 -3.38500738044 -0.282442709733 0.0110786087152 0.995771049777 -0.000711007922227 0.00208171954279 -0.0918432215161
1658918800.551271915 -3.39787659865 -0.280414905235 0.00793268267711 0.995793972363 0.000569822914612 0.00255099424643 -0.0915834719611
1658918800.652167320 -3.41962964432 -0.277815098955 0.00933247340385 0.995727515591 0.000305217583902 0.00213323152581 -0.0923150630244
1658918800.752889156 -3.44487272135 -0.274202573202 0.0113343358669 0.995678952385 0.000283997523283 0.00251718367417 -0.092827834779
1658918800.853857994 -3.47564743455 -0.268392868977 0.0116342873043 0.995504275725 0.000878490987095 0.00263371012369 -0.0946759147734
1658918800.954677582 -3.51249714892 -0.263521949412 0.0114296722346 0.99540428721 0.000207344010347 0.00183860439393 -0.0957438329422
1658918801.055549622 -3.54873053749 -0.258706877314 0.0120514154348 0.995542305827 -0.00154410696543 0.00111799216777 -0.0942967822084
1658918801.156462669 -3.58681371756 -0.258163747861 0.0109976704879 0.996082216971 -0.00190774239157 0.00133219526768 -0.088401373348
1658918801.257269382 -3.62440870833 -0.24500040109 0.010102905021 0.996923389064 -0.00140766005727 0.00180178827575 -0.0783487612497
1658918801.358148098 -3.65601016492 -0.229972616951 0.00847560864085 0.997847515582 -0.00146463860392 0.00179189764244 -0.0655360937446
1658918801.458884954 -3.68656782424 -0.210811182039 0.00738286846802 0.998694215716 -0.000562198292946 0.00196830207256 -0.0510457952671
1658918801.559968233 -3.71488060075 -0.198272240969 0.0102320251057 0.999347436162 -0.000787039288482 0.00174425709369 -0.036069931688
1658918801.660635710 -3.74515292869 -0.188053413651 0.00996999174308 0.99981006542 -0.000729547347643 0.00188341400646 -0.0193843647442
1658918801.761547327 -3.78073527257 -0.17740330507 0.0103297949039 0.999997444658 -0.000953250511824 0.00161509065905 -0.00126232842038
1658918801.862401962 -3.81828678173 -0.171378728512 0.0104625052445 0.999854061847 -0.00146923086311 0.00166727518737 0.0169386115958
1658918801.963267803 -3.84942388782 -0.167742812962 0.00843282551925 0.999323698947 -0.000648667384407 0.00155324175731 0.03673297421
1658918802.064162254 -3.87921353281 -0.164805606482 0.00759291817514 0.998463295133 -0.000731619200537 0.00182426402431 0.0553821728183
1658918802.164926529 -3.91289461501 -0.166275276247 0.00658096678895 0.997361127067 -0.000497746409879 0.00201265732661 0.0725705427445
1658918802.265780926 -3.94370396196 -0.163885119539 0.00293975880391 0.995941405735 6.3876436687 0.00205165672993 0.0899805699408
1658918802.366715431 -3.97696575191 -0.166981173977 0.00138583160644 0.994230522664 0.000327538256373 0.00234623221502 0.107238312727
1658918802.467537403 -4.00854912535 -0.178039195082 0.00361656719927 0.992670149446 0.000140366895762 0.00291854467893 0.120819852646
1658918802.568431377 -4.03840902088 -0.187167941934 0.00565970662306 0.991091032614 0.00086501879982 0.00240647026043 0.133161652575
1658918802.669300556 -4.07026318101 -0.193118461156 0.00787804753071 0.989395470937 0.000107409056939 0.00262898267097 0.14522285978
1658918802.770020962 -4.08913288536 -0.196992382979 0.0056440963496 0.987344355748 0.000900135966898 0.00262187524214 0.158566827228
1658918802.870873451 -4.09728230777 -0.20035800669 0.00618162117563 0.985032643968 -0.000194802980615 0.00294506806732 0.172342620797
1658918802.971830368 -4.0935837792 -0.205156303883 0.00546879458118 0.9833071178 -0.000122441802155 0.00295371211459 0.181929581644
1658918803.072738171 -4.07757273905 -0.211288832403 0.00563041888435 0.98296554101 0.000772670102624 0.00256388373341 0.183770440135
1658918803.173594952 -4.05382606306 -0.217392991171 0.00491460586884 0.983892055738 0.000682570976967 0.00264547958017 0.178742715071
1658918803.274393797 -4.02608926889 -0.214091104853 0.00668077030795 0.98520771686 0.000426321622769 0.00274913030272 0.171341808012
1658918803.375252724 -3.98543086846 -0.199339590457 0.00524321294012 0.985759954802 -0.000311882348599 0.00242744221956 0.168140779594
1658918803.476157665 -3.93781663207 -0.17327871688 0.00491043538752 0.985839771756 -0.000918826165613 0.00258163686908 0.167667633529
1658918803.576997280 -3.87730327269 -0.143322353138 0.0028244343801 0.985484934653 -0.000270282878569 0.0022116139935 0.169748282118
1658918803.677878618 -3.81547433731 -0.118093920303 0.00507943078252 0.985332690226 0.000822242033115 0.00222325644384 0.170627871758
1658918803.778633833 -3.75692278133 -0.101166978902 0.00571638143058 0.98582968627 0.00119391826715 0.00174769949968 0.167735952538
1658918803.879583836 -3.69933451372 -0.0793450655672 0.00697100452478 0.986225978956 -0.000608723202838 0.00226607209504 0.16538685802
1658918803.980414391 -3.64662981314 -0.0517053071195 0.00729628078688 0.98623602403 -0.000112674481972 0.00242157050468 0.165325824377
1658918804.081313133 -3.59388152925 -0.0233258988249 0.0103786104176 0.985648901327 0.000473630002316 0.00216822503408 0.168793713707
1658918804.182136536 -3.53993796348 0.00437149541055 0.0118491969232 0.984537744128 0.000166347794581 0.00209467523498 0.175159969889
1658918804.282997370 -3.48443679686 0.0318420520976 0.0136655243803 0.983531823706 -5.68983495149 0.00219100701577 0.180721741939
1658918804.383823872 -3.42191693494 0.0557621425025 0.0134723966567 0.982519813658 0.000959899693439 0.0021637385486 0.186142989652
1658918804.484719276 -3.35881054692 0.0787390967669 0.0135234757561 0.981968010106 0.000496379391863 0.00224449640309 0.189033179551
1658918804.585579395 -3.29363694802 0.0989105069621 0.0133812565679 0.981992978817 0.000199964258804 0.00207522254488 0.188905910493
1658918804.686435223 -3.22765072981 0.121764077668 0.0114210102965 0.982130926158 -0.000527260256506 0.00275326356777 0.188178068384
1658918804.787267685 -3.16715228806 0.146961120001 0.0145205355456 0.982217868957 -0.000533363360196 0.00301104618103 0.187719756622
1658918804.888062000 -3.10705906139 0.174151507037 0.0159364640025 0.982412697474 -6.94352452792 0.00260998354246 0.186704244745
1658918804.989012241 -3.04125584115 0.200535424413 0.0136486319352 0.982340210326 -0.00124915065179 0.00300412912592 0.18707518811
1658918805.089882851 -2.97476142516 0.229916065885 0.013226565123 0.982111450906 -0.00123076088946 0.00295134549435 0.188273399042
1658918805.190701962 -2.91418044251 0.257423579843 0.0117403430359 0.982084733601 -0.00136356828086 0.00309608603936 0.188409476835
1658918805.291544199 -2.85627034718 0.282161877759 0.0114006810598 0.982182340099 -0.00156754921819 0.00314321790866 0.187897615119
1658918805.392384529 -2.79876166992 0.308102523407 0.0114745595484 0.982309380974 -0.00195220407455 0.00325016705976 0.187226882053
1658918805.493307114 -2.74174739493 0.335415520857 0.0129247294698 0.982235045253 -0.000740825923425 0.00331156651443 0.187624093819
1658918805.594091177 -2.67532267603 0.369629325581 0.0092658826085 0.981743848016 -0.000415358654349 0.00297392292644 0.190184121686
1658918805.694933176 -2.60283448217 0.405351836153 0.00629669199237 0.981049499401 -0.00159023103173 0.00320141900263 0.19372429328
1658918805.795851231 -2.53040196457 0.434690323786 0.00682071964874 0.980788140292 -0.000280075707949 0.0029379044259 0.195053618622
1658918805.896726131 -2.45766296174 0.460428081495 0.00327303507173 0.981060931351 0.000337505125414 0.00232986459626 0.193685071182
1658918805.997546911 -2.38558359503 0.491548571556 0.000883038484313 0.981381975632 -0.000527632206528 0.00214751740914 0.192053450055
1658918806.098323107 -2.31338824845 0.525455379853 -0.000336978862944 0.981529333386 0.00050136423737 0.00201002357767 0.19130048652
1658918806.199293137 -2.23806488625 0.55746033245 -0.00161757926436 0.981545766167 -0.00120223037949 0.00215568663817 0.19121144468
1658918806.300058365 -2.16152324264 0.594785077423 -0.00356105851907 0.981295932161 -0.000861101666069 0.00209940369599 0.192491933683
1658918806.501852512 -2.00261133598 0.668219169021 0.0022999963236 0.980606938721 -0.000841527802546 0.00237270580849 0.195968604195
1658918806.602729797 -1.91905828849 0.706636956487 0.00414386704524 0.980045897578 -0.00222110395955 0.00257967377305 0.198742171217
1658918806.703556061 -1.83964921962 0.746276960767 0.00745404279408 0.978885904939 -0.00222397304461 0.00284792364849 0.204375459353
1658918806.804383278 -1.76463562569 0.783091499719 0.0103177845529 0.978003322885 -0.00185629795684 0.00246466999193 0.208566488167
1658918806.905292034 -1.68990409395 0.817166551657 0.0105066211392 0.977778046209 -0.000361749754672 0.00212927903483 0.209631647563
1658918807.006161928 -1.61353016942 0.850502494884 0.0136632903705 0.978060655405 -0.00144272576603 0.002357892917 0.208301976063
1658918807.106976748 -1.53715611052 0.889528445841 0.0140598506359 0.978126122002 -0.00217297965464 0.00293347311871 0.207980677834
1658918807.207874775 -1.4650439915 0.925828158471 0.0114365653952 0.978203818437 -0.00190862639731 0.00337589843454 0.207610813904
1658918807.309798241 -1.39190497726 0.960092226595 0.0124922139628 0.978232969136 -0.000999258445229 0.00341481179618 0.207479152299
1658918807.409664631 -1.32628109849 0.99288218305 0.0152344435886 0.978360282008 -0.00168231734756 0.00326537040847 0.206875967074
1658918807.512910366 -1.25598206695 1.02363974068 0.0124849156196 0.978359601507 -0.00119833130267 0.0035592532687 0.206877707493
1658918807.611282349 -1.19100696946 1.05482773263 0.0125293264245 0.978131799657 -0.00227302239426 0.00374456890652 0.207939880911
1658918807.712124348 -1.12376493675 1.0847477126 0.0137831171123 0.978002119326 -0.00185763156519 0.00332912704883 0.208560112947
1658918807.813020706 -1.05179488518 1.12323131701 0.0122622343743 0.977945382242 -0.00146107495909 0.00367015497281 0.208823429179
1658918807.914041519 -0.983705207985 1.16061008365 0.0100215620737 0.978008070983 -0.00013668310396 0.00272183464248 0.208549241252
1658918808.014618397 -0.914050102874 1.19384711948 0.00481058123345 0.978130804609 -0.00121461188819 0.00268489533344 0.207969817832
1658918808.115656853 -0.843484932174 1.22832600575 0.00284185512331 0.978019353049 -0.00232563470749 0.00311863529636 0.208477841984
1658918808.216459751 -0.770011556496 1.26277826396 0.00295647208948 0.977894308109 -0.00133929625141 0.00257586962459 0.209079633989
1658918808.317240238 -0.69866871006 1.29776543836 0.00366209603421 0.977681186216 -0.0022672056591 0.0024802531266 0.210067146983
1658918808.418113708 -0.620641775885 1.33527562038 0.00158441710142 0.977517615939 -0.00121914624665 0.00289294528036 0.210830394104
1658918808.519034863 -0.548395948178 1.3707313318 0.00253264173097 0.977686827584 -0.00230694852247 0.0030939147654 0.210032313819
1658918808.619827509 -0.473410691953 1.40880672073 0.00531061549793 0.977881255641 -0.00251734031482 0.00297763367841 0.209124476238
1658918808.720665455 -0.401738551286 1.44562001859 0.00452899058912 0.978541184632 -0.00129814170491 0.00285932752828 0.206027398793
1658918808.821564674 -0.328483182171 1.4863561225 0.00627613920079 0.979563336957 -0.00166707909871 0.00285872431155 0.20110872043
1658918808.922440529 -0.256319486227 1.52397289043 0.00425831303135 0.980962477577 -0.00171520187514 0.00277105953136 0.194170020595
1658918809.023310423 -0.183391364737 1.56900763846 0.00487130261363 0.982552433083 -0.00132245774564 0.00293861124356 0.185957876712
1658918809.124020815 -0.103660950021 1.59969731637 0.0112001945266 0.984520858419 -0.00128863258866 0.0032645749741 0.175232306711
1658918809.225002289 -0.0283915588397 1.62841114835 0.0134840889811 0.986218738149 -0.000941946279802 0.00309035004415 0.165415123244
1658918809.325864792 0.0508763073618 1.65343910116 0.0135933841503 0.987814690775 -0.000817027508819 0.00314332016439 0.155600734872
1658918809.426687956 0.132355303205 1.67666411464 0.0121430727182 0.989479081713 -0.000671656287912 0.00293020087523 0.144644770567
1658918809.527443647 0.210117738278 1.69933898969 0.00936646052238 0.990975165352 -0.00109488011106 0.00291112279118 0.134009508083
1658918809.628424644 0.287491928057 1.71855241905 0.00360902058714 0.992317511162 -0.00107352845886 0.0030223655493 0.123675664078
1658918809.729313850 0.359943200581 1.73336282137 0.00394674442933 0.993431183155 -0.000799062194548 0.00277499448304 0.114394690611
1658918809.830123901 0.435757346897 1.74886759754 0.00364564941572 0.994381620627 -0.00057361775228 0.0025391417556 0.105822569809
1658918809.931015491 0.510780468871 1.76999977982 0.00170933034199 0.995377900786 -0.000234693227036 0.00278147621998 0.0959950151583
1658918810.031861782 0.587241039615 1.78908951219 0.0011634581317 0.996569110157 -0.000365248009916 0.00208974540606 0.0827375866091
1658918810.132692814 0.665038986605 1.80033740743 0.00286878519025 0.997590407653 -0.000843799803751 0.00256662464867 0.0693258898092
1658918810.233563900 0.74008848191 1.81688636953 -0.0002146701358 0.99844835955 -0.000858969667475 0.00250054756094 0.0556226819264
1658918810.334455013 0.819941630302 1.81963426122 -0.00285741048252 0.999137989315 7.13686273217 0.00205694979988 0.0414613334543
1658918810.435172081 0.889233446654 1.81717801089 -0.00416277334882 0.999544010913 -0.000684992998725 0.00199746831118 0.0301216060677
1658918810.536152363 0.96259543869 1.81488990602 -0.00386503601072 0.999773189501 -0.0011026040076 0.00186021033381 0.0211871054251
1658918810.636937618 1.04097388495 1.80926212592 -0.00814411117392 0.999910884573 -0.000859983379102 0.00242617235133 0.0130995048729
1658918810.737868309 1.12502549506 1.80552699042 -0.00624619523129 0.999990961214 -0.00142261686104 0.0026170984236 0.00303388330573
1658918810.838627338 1.20771815527 1.79906249767 -0.00538249804069 0.999949249177 -0.000662731909672 0.00298390861393 -0.00959979928853
1658918810.939588070 1.29429428553 1.788240818 0.000156056791999 0.999679451736 -0.000610813643555 0.00238257114671 -0.0251980959129
1658918811.040436029 1.37707085029 1.7866744536 0.00463376424051 0.999070080165 -0.000658314652254 0.00173347317049 -0.0430759400539
1658918811.242137909 1.55173778831 1.76231025671 -0.00191279478971 0.99674921534 -0.000875010785191 0.00227262372198 -0.0805299401308
1658918811.343014717 1.63324343972 1.74255611433 -0.00236477853618 0.995158107999 -0.000173735327952 0.00211906778823 -0.0982640292822
1658918811.443724155 1.71188544405 1.72689343919 -0.00451322605954 0.993171377478 -7.38356013051 0.00248702670447 -0.11663800498
1658918811.544625521 1.7750972849 1.70789938515 -0.00331912476913 0.991128192905 -0.000328212500245 0.00320773155811 -0.132870267421
1658918811.645566702 1.83728153047 1.68466269603 -0.00432512173575 0.988906053169 -0.000371444667578 0.00256930197412 -0.148519624031
1658918811.746462345 1.8978012003 1.66151634924 -0.00679754212491 0.986804064052 -0.000238028924289 0.00297108412365 -0.161891491967
1658918811.847279072 1.9641118091 1.63786232665 -0.00207360965908 0.98465518822 -0.000263885075781 0.0027239872404 -0.17448974345
1658918811.948141336 2.03583309922 1.61206593248 0.00338948827125 0.982066287749 -0.000314570367947 0.00271681887073 -0.188516117102
1658918812.049024105 2.10527790596 1.5759814587 0.00151770540171 0.979356579721 -0.000232379489338 0.00227746217452 -0.202127308702
1658918812.149843693 2.17239887623 1.53811536834 0.00213715696592 0.976448030674 0.000166219283314 0.0023396898045 -0.215739986129
1658918812.250701427 2.2338774828 1.50839381052 0.00355628885586 0.9730792709 -0.000165517247821 0.00210633004517 -0.230460991325
1658918812.351579189 2.28878575601 1.47810987311 -0.00188288247875 0.969659224596 -4.52189490894 0.00233130298397 -0.244449485859
1658918812.452407837 2.34049109802 1.44420006591 -0.0030955553424 0.966395315711 -0.000115334235903 0.00192985369666 -0.257053216543
1658918812.553304195 2.39607647275 1.40830604746 -0.00496272604091 0.963477656321 -0.000268104242266 0.00204621432154 -0.267780781418
1658918812.654129267 2.44427239855 1.36920594672 -0.00638119853719 0.961534461703 3.48361613161 0.00200750334165 -0.274676987887
1658918812.755037308 2.50301298069 1.33365572889 -0.00878662805314 0.959450911972 -0.00024723396373 0.00187704716023 -0.281869407858
1658918812.855829954 2.55809707713 1.29748253116 -0.008917509603 0.957033848571 -8.03997572263 0.00147916511489 -0.289972444027
1658918812.956722260 2.61543225755 1.26131606112 -0.00695216021382 0.954527053687 0.000120354047624 0.001533769884 -0.298120339536
1658918813.057550907 2.67054883111 1.22500385909 -0.0102437183505 0.951959053261 -0.000678841424812 0.00154762050241 -0.306220680164
1658918813.158321142 2.72342220744 1.18760269809 -0.0110523340863 0.949487616189 -0.000690437047203 0.00157398721667 -0.313799796949
1658918813.259273529 2.77736588446 1.1419428894 -0.0115619463875 0.946897147687 -0.00073845238434 0.00125603237346 -0.321533308963
1658918813.360088348 2.82756627377 1.092212092 -0.0115199645087 0.944121397073 -0.00092680758361 0.00132910755387 -0.329593935153
1658918813.461035490 2.88495081841 1.0437108978 -0.00958757089327 0.941221791957 -0.000724592711113 0.00131637259454 -0.337785850019
1658918813.561868668 2.9321558246 1.00402606707 -0.0135071728594 0.938133868036 -0.00111740361959 0.00113252084331 -0.346269135861
1658918813.662729740 2.97986500967 0.959933238739 -0.0137946442152 0.935084819013 -0.00140218810969 0.00149881082185 -0.354418070483
1658918813.763547659 3.02641213424 0.920521163857 -0.00706510787133 0.932289094127 -0.00133602036417 0.00202980171504 -0.361705874884
1658918813.864435911 3.07840142492 0.874230018938 -0.00296536508623 0.929307160019 -0.00153676881296 0.00166668157915 -0.36930077559
1658918813.965345621 3.12659284768 0.825949158427 -0.00271609789707 0.925731509312 -0.000723129667405 0.00145687654048 -0.378177904247
1658918814.066140175 3.17046387039 0.774183033977 -0.00697677397152 0.921680572577 -0.00126824466129 0.00107651644046 -0.387946072028
1658918814.166954994 3.20958592522 0.725849112751 -0.00421191262385 0.917291573957 -0.00120856365969 0.00114800640948 -0.3982127444
1658918814.267850399 3.24512112163 0.684768368436 -0.00519710208535 0.914401449741 -0.00133849588082 0.00131109258058 -0.404804246737
1658918814.368548155 3.27923062189 0.641621204624 -0.00301184163882 0.912223897062 -0.00116439170009 0.000970877845335 -0.409689227606
1658918814.469614029 3.31880249985 0.596518072628 -0.00291367916065 0.91030848766 -0.000912436157438 0.000987529543569 -0.413928314493
1658918814.570398569 3.35675454059 0.547061594874 -0.00293330822071 0.908019417153 -0.00111112200627 0.000888479481255 -0.418925666538
1658918814.671270609 3.38896453402 0.494257413322 -0.00303157096591 0.904982559334 -0.00112461279609 0.00096334719851 -0.42544608884
1658918814.772135973 3.42719287579 0.447619401446 -0.00377614475768 0.901779173649 -0.00107003762293 0.000273306471569 -0.432195675935
1658918814.873033047 3.46822007363 0.405023432071 -0.00575794335241 0.89896977904 -0.000869673635665 0.000560377205406 -0.438009435992
1658918814.973845959 3.50615503971 0.363833479844 -0.00471601349843 0.896794665401 -0.00131465187983 0.000911849429935 -0.442444084975
1658918815.074713230 3.54575049796 0.313597927084 -0.00261191362012 0.894335611544 -0.000908321987569 0.00147464093157 -0.447393355236
1658918815.175542355 3.57659977669 0.264730391235 -0.00028222204523 0.891428179324 -0.000809740821472 0.000983112807972 -0.453160213299
1658918815.276464224 3.61624089357 0.222124505008 -0.00185706012441 0.88878738905 -0.000736198216524 0.00103819558976 -0.458317965203
1658918815.377254009 3.66030341875 0.179086756796 0.000502055627245 0.88764965951 -0.0011570491376 0.000947842090368 -0.460516932158
1658918815.478164196 3.70342043332 0.129848369139 0.00164077490065 0.887586730429 -0.000990430584421 0.001301229832 -0.460637733816
1658918815.578995705 3.74152940982 0.0826545762932 0.00203891045398 0.887551050971 -0.00066791834218 0.00114273339473 -0.460707477653
1658918815.679911137 3.78279958857 0.0319631326201 0.00485250978251 0.887333996339 -0.000381979695217 0.00144154833145 -0.461124880018
1658918815.780695438 3.81587513722 -0.022212200423 0.00587407673868 0.88677086122 -0.000609732120444 0.00149233750134 -0.462206491567
1658918815.881575108 3.84842284302 -0.0800373789469 0.00733188548221 0.885235175028 -0.000268069497497 0.00147742315015 -0.465141301384
1658918815.982339859 3.87568837265 -0.135042775022 0.00538491421471 0.882461529191 -0.000391910761343 0.00092792830196 -0.470383497641
1658918816.083171368 3.91518068243 -0.191776034857 0.00573362597194 0.87971540412 -0.000563285846426 0.00115145984892 -0.475498858678
1658918816.184126616 3.95291295057 -0.246854440446 0.00329869871018 0.877037462446 -0.000798521452885 0.00140290992511 -0.480419279039
1658918816.285014153 3.98594744961 -0.297285688766 0.00374290191064 0.874199573531 -0.000583077315466 0.00152246256631 -0.485564051148
1658918816.385838509 4.01834824728 -0.358591833918 0.00364371079649 0.871039721568 -0.000478512438436 0.00162649918764 -0.49120965888
1658918816.486694336 4.05042142526 -0.414271666204 0.00649907455564 0.867366625518 -0.00070240628153 0.00164057466171 -0.497666506888
1658918816.587562323 4.08372933086 -0.469963473275 0.0055670924912 0.864280987085 -0.000827020471069 0.0018193391116 -0.503005349282
1658918816.688442230 4.11466222511 -0.526222645086 0.00349983453216 0.861294968239 -0.000967998186984 0.00179321339856 -0.50810119568
1658918816.789245129 4.14271211837 -0.582168700226 0.0036709493096 0.857848894502 -0.0013308977697 0.00223375557281 -0.513895430267
1658918816.890199184 4.17966359005 -0.640006034823 0.00555990213432 0.854105590614 -0.000935170332735 0.00239829240519 -0.520093274069
1658918816.990982533 4.21031179411 -0.699528749745 0.0076219907982 0.850125380166 -0.00026563454192 0.00229659973965 -0.526575249196
1658918817.091817617 4.2369746507 -0.75751141426 0.00671264607323 0.845264247363 -0.00103303158537 0.00219877917257 -0.534343008137
1658918817.192703724 4.25327225651 -0.808206153451 0.00662759925394 0.837672852178 -0.00148728721471 0.00248061479451 -0.546164652144
1658918817.293493748 4.27657642372 -0.857080780549 0.00841175392169 0.830306609258 -0.000995677823525 0.00195082675538 -0.557302554744
1658918817.394431829 4.29843169974 -0.916023572289 0.00838567619401 0.824951231187 -0.000975883947873 0.00197750574251 -0.565199613663
1658918817.495282173 4.32262358266 -0.976564581469 0.0121770063055 0.818684836879 -0.000446138139647 0.00208651413288 -0.574239135974
1658918817.596134901 4.34395933526 -1.02961636927 0.00911287346781 0.81173447465 -0.00107542858202 0.00205090279805 -0.584022071428
1658918817.697000980 4.36654681113 -1.09247599422 0.00722534958055 0.805619041823 -0.000605751166151 0.00228767866921 -0.592429201715
1658918817.797862053 4.39488707044 -1.15649736597 0.00649263975685 0.800423547625 -0.000665221093075 0.00204702540964 -0.599430989835
1658918817.898705482 4.42250632696 -1.23409893161 0.00528999926631 0.799876259822 -0.0012299336028 0.00166987559969 -0.600161368094
1658918817.999550343 4.44879530502 -1.31263232982 0.00750156603128 0.80176345606 -0.000901694171234 0.00143327947614 -0.597639099444
1658918818.100416183 4.47682738658 -1.39186557176 0.00596944712661 0.804341555152 -0.000985902194617 0.00176344380826 -0.594163766076
1658918818.201321602 4.50567340697 -1.47413961656 0.00368494592339 0.805154316124 -0.00102296266711 0.00125556301464 -0.59306315375
1658918818.302128077 4.52728992539 -1.54299730376 0.00348932658053 0.804772754386 -0.000611098925772 0.00167810206316 -0.593580343618
1658918818.403028965 4.55149516163 -1.61883987786 0.00325060558253 0.803462395877 -0.000620859538826 0.00157991759007 -0.595353085829
1658918818.503880024 4.5749668807 -1.69365173681 0.00505925366573 0.802934856221 -0.000669987772862 0.00158210909043 -0.596064312565
1658918818.604683876 4.5972327654 -1.76787498835 0.0036731490438 0.80289460896 -0.00124732063565 0.00161249728739 -0.596117514376
1658918818.705585003 4.62083543065 -1.84082173465 0.00442302913779 0.80385732559 0.000654172041335 0.00258045538735 -0.594816201364
1658918818.806406260 4.6545701023 -1.92004297314 0.00589055614845 0.807774108711 -0.000449064551841 0.0019796329187 -0.58948865018
1658918818.907274485 4.68462950407 -1.99980206977 0.00648187931087 0.815245390747 -0.000884751624403 0.00181820201374 -0.579112134411
1658918819.008156300 4.72166727868 -2.08140663094 0.00611760665635 0.824516795375 0.000188644907565 0.00190387395163 -0.56583424589
1658918819.108929157 4.74665967914 -2.14870042093 0.00887577592719 0.835073195855 -0.000531472251592 0.00168528626432 -0.55013601492
1658918819.209855318 4.77218586347 -2.21835515101 0.00722217175689 0.845543356701 -0.000884328424099 0.00160454198597 -0.533903619904
1658918819.310720921 4.80407183741 -2.27826204641 0.00793091523245 0.856628604356 -0.000711366289674 0.00145313047362 -0.515931019196
1658918819.411551476 4.83746500563 -2.33917899414 0.00906275672756 0.86687235519 -0.000350525686625 0.00149337995174 -0.498527799381
1658918819.512433767 4.88152211526 -2.3934857437 0.0085302137259 0.876407405528 -0.00100814855448 0.00236717943209 -0.481563536446
1658918819.613304138 4.92271150302 -2.44133091363 0.00924039025698 0.885805818508 -0.000370221577522 0.00291622332264 -0.464046776172
1658918819.714086533 4.96621021781 -2.48349308444 0.00961840134094 0.894208377634 -0.000187556428954 0.00266079419311 -0.447643007725
1658918819.815016270 4.99474745607 -2.51618338428 0.0138282337147 0.902505061596 -0.00010911090714 0.00282880453051 -0.430669942942
1658918819.915843010 5.02518395305 -2.53973438038 0.0192843391766 0.910759622671 0.000298714474804 0.00265379243703 -0.41292829628
1658918820.016686201 5.04291790999 -2.54779032053 0.0183177913079 0.919251951206 -0.000196262054453 0.00264964569753 -0.393660756316
1658918820.117570877 5.04209042045 -2.54914636753 0.0190125758721 0.927248263364 0.000193360019994 0.00259849112955 -0.374438070373
1658918820.218428135 5.02969367394 -2.54114511871 0.0151305527823 0.935620493597 0.000101615282048 0.00259394461541 -0.352997950541
1658918820.319270134 5.01287277703 -2.53273019268 0.0107084164865 0.946889975794 0.000163589655788 0.00259545775073 -0.321547213606
1658918820.420121193 5.00469980004 -2.52877341234 0.0110572196107 0.958191588906 0.000169399372753 0.00238162409247 -0.286117420163
1658918820.520987511 5.0039733396 -2.52163152781 0.010515498921 0.967959431064 -0.000147451030199 0.00262732780615 -0.251092841836
1658918820.621868134 5.00335228664 -2.51149877035 0.0100192903674 0.976132548976 0.000207951570721 0.00240551729546 -0.217162190705
1658918820.722592831 5.00603202696 -2.50334210553 0.0120208811556 0.982458937531 0.00018918694421 0.00245099754113 -0.186462845855
1658918820.823577881 5.00585065748 -2.48904408247 0.0126916364813 0.987713813173 -1.526595787 0.00268001127147 -0.156250569836
1658918820.924425125 4.98513245279 -2.48096288011 0.0148880944344 0.992042790511 -0.000103743987939 0.00261357218785 -0.125873985686
1658918821.025281429 4.94828144659 -2.46611270744 0.0182972431345 0.995585985033 1.11128903206 0.00212817164773 -0.0938297243255
1658918821.126037359 4.90179767801 -2.45014749176 0.0161335813586 0.998301996274 -0.000456990370642 0.00242839307707 -0.0581980953453
1658918821.227009773 4.86999848821 -2.43907160669 0.0140541002369 0.999800009092 -0.000486399952292 0.00247518980631 -0.0198388172545
1658918821.329074860 4.84299239585 -2.43256619585 0.015149756103 0.9998922046 -0.000655875620456 0.00255651066569 0.0144434504011
1658918821.428711176 4.8317890785 -2.42308479083 0.0155963486743 0.999102080474 -4.65045242959 0.00265283897183 0.042284667139
1658918821.529548407 4.82847669551 -2.41157475355 0.0145154994881 0.997906555193 4.12801326152 0.00225720868718 0.0646328895223
1658918821.630472660 4.8422873291 -2.40285435484 0.013942854611 0.9969847902 0.0001813201761 0.00248058153224 0.0775573461942
1658918821.731287956 4.85209509892 -2.38946360422 0.0159439623632 0.996250976409 -0.000493085558097 0.00263104830034 0.0864686443474
1658918821.832137585 4.85695075616 -2.38204080052 0.0158436192979 0.995463704743 5.56149838129 0.00238576712749 0.0951121315143
1658918821.933039188 4.8554001149 -2.38215247291 0.0151072581361 0.99406149065 5.67695741813 0.00267854566463 0.108786832739
1658918822.033824921 4.84297704398 -2.37777124347 0.0158182163967 0.991834253008 9.37425826941 0.00243413841372 0.127510316218
1658918822.134620190 4.82857421833 -2.3712868477 0.0136215427035 0.98904795768 -0.000129026686457 0.00247458216754 0.14757370092
1658918822.235567093 4.82422818783 -2.36658220264 0.0110740789189 0.986350608292 -0.000168327991156 0.00264188523431 0.16463738831
1658918822.336424589 4.82272698558 -2.363783668 0.011655427791 0.983756485752 3.10540532617 0.00249879460556 0.179490756869
1658918822.437280416 4.82151428576 -2.36133098034 0.0106538770515 0.981023300271 0.000128252956909 0.00246134210903 0.193874210951
1658918822.538136244 4.82113277257 -2.35999783918 0.0122672082815 0.978090713718 2.59016062028 0.00238899345637 0.208165433677
1658918822.638986826 4.81731490155 -2.35678797227 0.0108412403313 0.974567537935 4.9790785993 0.00338138660768 0.224068466655
1658918822.739852428 4.81416665768 -2.35470940965 0.0101835106638 0.970943020036 7.84891977028 0.00286886523759 0.239293575541
1658918822.840720177 4.811113053 -2.34945728159 0.0110385546857 0.967016099819 -0.000439055771611 0.00248210288347 0.254702785783
1658918822.941602945 4.80933482677 -2.35182463608 0.0105702253174 0.963249213941 0.000110668977554 0.00243683079888 0.268598215648
1658918823.042453051 4.8066348975 -2.34650752302 0.0108111573621 0.95927796755 -7.54563043767 0.00289410803632 0.282448932406
1658918823.143243790 4.80060330384 -2.34312753028 0.0104177484486 0.954777059922 -0.000217333590166 0.00276107483395 0.297309762837
1658918823.244066715 4.79780407774 -2.33834583695 0.00999645785324 0.95013821098 -4.41097005249 0.00263924791563 0.311817915553
1658918823.344874382 4.7955576164 -2.33435177847 0.00732567844892 0.945103389788 6.6768597499 0.00287942639695 0.326758759724
1658918823.445885658 4.79734676024 -2.33310196768 0.00844555066041 0.939932240308 9.16696075464 0.00284628583348 0.341349196402
1658918823.546736956 4.79249336086 -2.33180891132 0.0101949025846 0.934784579482 -8.59093644116 0.00287286643482 0.355203503953
1658918823.647575378 4.78883006426 -2.33177642265 0.00991438482118 0.928986784885 0.000180414599717 0.00278870195757 0.370102342738
1658918823.748431683 4.78256363129 -2.32954732012 0.0120884087805 0.922805355555 0.000253708048628 0.00271171618344 0.385256872731
1658918823.849321604 4.78201802504 -2.32608397402 0.0134985086804 0.916677649396 -0.000155947033463 0.00288547931916 0.39961698761
1658918823.950177193 4.77262387954 -2.3185657381 0.0103249111042 0.910087942512 1.77452794913 0.00289990367101 0.414405027887
1658918824.051005840 4.77148806691 -2.31716502581 0.0100999132434 0.902820401471 -0.000125710469462 0.00293915963082 0.430007753679
1658918824.151843548 4.76964188195 -2.31454845189 0.00946076912353 0.896606415599 0.0001874068152 0.0025618160837 0.442820886457
1658918824.252715111 4.77273083702 -2.3103033317 0.0104958064325 0.892153528225 9.13377332575 0.0027974434909 0.451723641227
1658918824.353501797 4.76668602289 -2.31031773567 0.00907448696281 0.886419347206 5.55225522511 0.00277535480389 0.462874751118
1658918824.454432011 4.76404569848 -2.30798515473 0.0079043439965 0.879816040693 -2.60883457274 0.00301379634004 0.475304797882
1658918824.555315256 4.75974883072 -2.30520281752 0.0059868683974 0.872849424887 8.51843417491 0.00304444709012 0.487980128243
1658918824.656147718 4.7589811977 -2.30753886844 0.00668907941001 0.866852471839 0.000352737801705 0.00280524606374 0.498556715166
1658918824.757013798 4.75554890787 -2.31307920121 0.00582798175419 0.86159861514 5.8328776069 0.00316199419794 0.507580362879
1658918824.857838631 4.74086337931 -2.32263649384 0.00650127291152 0.854392148765 3.7762014479 0.00295250478292 0.519620378179
1658918824.958740950 4.72508698394 -2.33155625392 0.00667926530808 0.844588843866 0.000403637512211 0.00258339272808 0.535409047343
1658918825.059427738 4.72572493969 -2.33073825948 0.00489540144535 0.834701235302 -0.000291050185085 0.00327553442393 0.550693230346
1658918825.160448074 4.7289894644 -2.3285874024 0.007963419276 0.828317608826 -0.000280540863144 0.003264376418 0.560249233871
1658918825.261273861 4.72921857811 -2.325139001 0.00758861887013 0.822369169164 0.000226543556702 0.00263964753999 0.568948091259
1658918825.362165451 4.7271695741 -2.32800901886 0.00621384956005 0.814960132677 0.000341233123111 0.0025545310324 0.579511294176
1658918825.462999344 4.71743577953 -2.32767055991 0.00428528910807 0.806702304038 2.24964667113 0.00287694585803 0.590951026174
1658918825.563754082 4.71002771574 -2.32511895014 0.00225631513528 0.798065030859 -2.06581246496 0.00295042585808 0.60256410537
1658918825.665310144 4.70789621571 -2.32625426733 0.000905909339568 0.789827179114 4.02418787764 0.00285454235719 0.613322816387
1658918825.765579224 4.70612357614 -2.32604343965 0.00138715110295 0.782292714952 0.000137371170336 0.00278190424853 0.62290476822
1658918825.866434336 4.70662111534 -2.32308746028 0.00158773383394 0.774083449254 0.000166942346225 0.00274965945883 0.633077582207
1658918825.967301607 4.70408632718 -2.32397239355 0.00280474167475 0.765987997905 5.41708836721 0.00284610173525 0.64284856991
1658918826.068140984 4.69645769243 -2.31680623131 0.00394890346504 0.756880853962 0.000134697927637 0.00271579516955 0.653547227994
1658918826.168941498 4.68026908954 -2.30940949852 0.00507233759368 0.743667246013 0.000654116824865 0.00205189834658 0.668546474863
1658918826.269824028 4.65102301489 -2.28360934764 0.00325109139433 0.723798959807 -4.05803416912 0.00249017471801 0.690006422553
1658918826.370692730 4.62464861112 -2.25714488537 0.00122415959563 0.697500005318 0.000622193143933 0.00162856860719 0.716582656238
1658918826.572431564 4.59130784553 -2.16491185839 0.00169406346543 0.640746080436 6.97200208991 0.00329929640586 0.767745771846
1658918826.673281670 4.6004636864 -2.10450455808 0.00105676523254 0.626030791727 -1.98815398049 0.0028183705499 0.779793244521
1658918826.875010014 4.60443556383 -1.95859383479 -0.00151630424713 0.616984205941 -0.000854622042778 0.00350582446983 0.786967260078
1658918826.975867748 4.59280764264 -1.88323179896 -0.00242370948672 0.613520443218 -7.53361814416 0.00275508345254 0.789674027428
1658918827.076701164 4.57721182198 -1.81487405679 -0.00280210511653 0.611068327452 -0.000520459419284 0.00286619291312 0.791572493993
1658918827.177578926 4.55800919181 -1.74494334799 -0.00353159469136 0.608134687485 -0.000407642505284 0.00286004734084 0.793828606082
1658918827.278436184 4.53238024122 -1.67937689885 -0.00276412951943 0.604994457747 -0.000111955444755 0.00310797664725 0.796223608067
1658918827.379262447 4.50686318603 -1.61242733704 -0.00458632567173 0.601051637075 -0.000997378411197 0.00359574291195 0.799201479877
1658918827.480115414 4.48127077619 -1.54755697376 -0.00543017139894 0.596518625048 -0.000929289916313 0.00374585703897 0.802589954427
1658918827.581047535 4.45341478725 -1.47911253044 -0.00194528720855 0.59245034459 -0.000433589353653 0.00404573449014 0.805596693903
1658918827.681839705 4.43059181367 -1.40830287361 0.00105192417448 0.590110537999 -0.000527284282639 0.00379641547577 0.807313360563
1658918827.782710552 4.41155397335 -1.33987455019 0.00278747518211 0.589518110009 -0.000586613094467 0.00360272172709 0.807746912252
1658918827.883433342 4.38976545115 -1.26892711007 0.00219117298392 0.589586323025 -0.000872590536202 0.00357546772538 0.807696986696
1658918827.984313726 4.37010021225 -1.20157436508 0.00266068162417 0.590818931717 -0.0011582479824 0.00371826214709 0.806794783643
1658918828.085281372 4.35173279807 -1.14080788105 0.00436049642049 0.591514754673 -0.000924065547525 0.00310306595228 0.806287673283
1658918828.186140537 4.32597581177 -1.07677079117 0.00137411243703 0.590986136705 -0.000458990552521 0.00287004518183 0.806676476904
1658918828.287014484 4.30343581374 -1.01016001698 -0.000127053543925 0.590818072251 -0.000428309456685 0.00382534565778 0.806795630122
1658918828.387841225 4.2769564425 -0.945376193199 -0.00200698813707 0.590163493944 -0.000575064346085 0.00298600179759 0.807278021198
1658918828.488737583 4.25366805929 -0.884765644993 -0.00483938824492 0.590252300599 -0.000582936869059 0.00292084216158 0.807213324037
1658918828.589622736 4.22786682756 -0.820698680044 -0.00166757886249 0.589540557169 -0.000340839816988 0.00317386411688 0.807732469242
1658918828.690453768 4.20472703991 -0.756881490832 -0.000342870648407 0.589263734768 -0.000182111831619 0.00344552546085 0.807933379727
1658918828.791276217 4.18560359305 -0.695790371493 0.00120305003004 0.589892032874 0.000143685954548 0.00317645373959 0.807475869019
1658918828.892141819 4.17161583006 -0.632428154857 0.0006761774433 0.590540334004 -0.000107314058799 0.00319039121899 0.807001811524
1658918828.992993832 4.15246368763 -0.573334757649 0.0030908577415 0.591293348764 2.59866972902 0.00320125709493 0.806450201596
1658918829.093705177 4.12794163048 -0.516132576524 0.00174276001449 0.591136496891 -3.67232815794 0.00306100841517 0.80656572635
1658918829.198263884 4.10210592266 -0.451137255744 0.00133517686168 0.588944045338 -0.00011246761719 0.00286612680715 0.808168722563
1658918829.295515537 4.08233857176 -0.389104851775 0.00337950716294 0.587521527273 0.000115238496833 0.00320955429853 0.809202162918
1658918829.396541119 4.06302692357 -0.327866903834 0.00702999280651 0.58687204687 0.000271238118879 0.00368767115737 0.809671246936
1658918829.497141123 4.03994475396 -0.269574637067 0.00599773078952 0.585553916414 0.000308069660577 0.00339135275819 0.810626310202
1658918829.598128319 4.01710729286 -0.211100749324 0.00679038533299 0.583883727695 0.000357000150309 0.00279620666947 0.811832400383
1658918829.698902130 3.99042389924 -0.153335600951 0.00392322719629 0.580377259447 9.63773456919 0.00284684860535 0.814342760806
1658918829.799858570 3.96474304103 -0.0927597815846 0.00315007261775 0.576568076322 7.33476684063 0.00290622723609 0.817043941187
1658918829.900711060 3.93898630339 -0.0346355894758 0.00205802566087 0.572523591869 -0.000249966863057 0.00315404019684 0.819882141713
1658918830.001627445 3.91214711645 0.0284305714731 0.00140703599671 0.568572532804 -0.000374671188229 0.00318325406362 0.822626890793
1658918830.102328777 3.88213641896 0.0942908463623 0.00224834565333 0.563398545617 0.000124095336743 0.00311722399071 0.826179366913
1658918830.203284264 3.85004711902 0.15471470648 0.00253263823895 0.557588391349 -0.000229691905301 0.00288508464207 0.830112528132
1658918830.304133415 3.82153323887 0.213420119778 0.00101740750182 0.552601265269 -0.000967711241875 0.00270725603613 0.83344080529
1658918830.405002117 3.79263052959 0.27503085382 0.00147437982607 0.546918627567 -0.00074882492701 0.00260260262165 0.837181390465
1658918830.505871773 3.76307430461 0.33779330122 0.000602015447406 0.540434542465 -0.000636134056641 0.00277400406767 0.841381248629
1658918830.606726170 3.73634982394 0.395849124418 -0.00303899256609 0.536751504553 -0.000834443111282 0.00318336234824 0.843733958229
1658918830.707596302 3.71503735597 0.449575773288 -0.00195052358259 0.538805594107 -0.000912023227908 0.00251940097455 0.842425873648
1658918830.808317184 3.69613775499 0.498414288437 -0.00257428176789 0.544932204712 -0.00075341909534 0.00249558476314 0.838476056118
1658918830.909270763 3.67260886086 0.539182270548 -0.00310954352528 0.559809222574 -0.00115453869368 0.00240170649638 0.828617241655
1658918831.010143280 3.66838878422 0.587230015641 -0.0025703400887 0.578970941103 -0.00102728451296 0.0018564167007 0.815345416227
1658918831.111034393 3.65036962826 0.63880399071 0.00017485166934 0.599848001149 -0.00167897263823 0.00276749475038 0.80010742875
1658918831.211862564 3.61821069691 0.689569731891 -0.00147501419015 0.620085964964 -0.00172048397533 0.00306373725426 0.784526003077
1658918831.312619686 3.59705487027 0.737205750195 -0.000485653634319 0.638888745812 -0.001825492953 0.00350993962202 0.769288969357
1658918831.413582802 3.57943670533 0.793837366974 -0.00114359618197 0.6542268852 -0.00103319028236 0.00237862736388 0.756293896135
1658918831.514477253 3.55744430742 0.852818616067 -0.00192126222582 0.666253280655 -0.00179194408107 0.00256680256876 0.745718959446
1658918831.615304232 3.54992907522 0.920007518359 -0.00231508360644 0.677283915972 -0.00200684484382 0.00287327205023 0.73571340483
1658918831.716170549 3.5503774017 0.983140746385 -0.00101196415463 0.688815066957 -0.00222291517172 0.00303727246824 0.724927332329
1658918831.817016602 3.54965897444 1.05106514692 -0.0013041820002 0.701884652296 -0.00200970797222 0.00281264050093 0.712282236897
1658918831.918062449 3.54134474335 1.08506368815 0.000294195574736 0.718654017661 -0.00194071882503 0.00253101279854 0.695360503972
1658918832.018734217 3.55154136239 1.13905738028 0.000896768949656 0.739687945741 -0.00213490849402 0.00259788252848 0.672941629042
1658918832.119616032 3.56487635688 1.208494682 -0.00584272059841 0.75967297452 -0.00222613918364 0.00295193061165 0.650294780999
1658918832.220444679 3.5946482264 1.27539381821 -0.00407638389853 0.775897667368 -0.00212442090618 0.0024767311949 0.630850348665
1658918832.321329594 3.62208734076 1.33189569766 -0.00749328472564 0.790586474558 -0.00229745893034 0.00332566369671 0.612337070484
1658918832.422188759 3.6415482127 1.38775337145 -0.00487488493862 0.803967602415 -0.00235331040268 0.00338593161241 0.59465880273
1658918832.523005962 3.6620649391 1.4669649636 -0.00452509912341 0.817726700004 -0.00227514225535 0.00365075618353 0.575590600868
1658918832.623863459 3.68734730074 1.54186507598 -0.00380647469335 0.829657165463 -0.00156853797938 0.00298544223476 0.558263033542
1658918832.724728107 3.72388397854 1.61486193285 -0.00352082304943 0.841987665677 -0.00164040267965 0.00283488905676 0.539486833325
1658918832.825618029 3.75288122698 1.68297046892 -0.00291419793213 0.853645895137 -0.00228455542471 0.00336461509699 0.520837926699
1658918832.926435947 3.78077643138 1.73254762281 0.00251529371292 0.863705131717 -0.00139119333995 0.00316655553529 0.503985597961
1658918833.027297020 3.82080557857 1.78689300038 0.00430876256605 0.874059412074 -0.00219364544604 0.00345180092081 0.485801829098
1658918833.128146648 3.86131878861 1.84573290649 0.00468457034957 0.884312338064 -0.00223073504416 0.00331022616256 0.466878736902
1658918833.229017735 3.90121435575 1.8887898112 0.00752624331939 0.891746131539 -0.00157636072688 0.00313196836536 0.452522422368
1658918833.329764366 3.94810956122 1.93853630405 0.00823567059018 0.899419184032 -0.00207521839462 0.0035644286332 0.437067637457
1658918833.430760384 4.00545131033 1.99176478852 0.00959025563126 0.906101094788 -0.00111758919208 0.00329053748323 0.423046958836
1658918833.531607389 4.0650553705 2.03246400082 0.00838560552269 0.91503466048 -0.000944172723858 0.0034150318072 0.403359661117
1658918833.632408142 4.13092753156 2.07584353507 0.00874774908366 0.924267183467 -0.000765096627882 0.00348361268865 0.381729554313
1658918833.733282566 4.19891147805 2.11054934148 0.0101894365839 0.931108748632 -0.000770143796689 0.0030792016998 0.364727876116
1658918833.834126234 4.26315292028 2.14831858633 0.00739164838419 0.93699361671 -0.00117228259896 0.00318494292172 0.349329993183
1658918833.935019255 4.32391109218 2.18459381667 0.00714528093739 0.942818802631 -0.00159897164429 0.00315150494955 0.333286988513
1658918834.035868645 4.37652551955 2.2210997261 0.00879790364388 0.948193691706 -0.00161567634137 0.00292977877113 0.317675194178
1658918834.137221813 4.42532375772 2.25675187835 0.00784820593994 0.953091285074 -0.00173594074007 0.00315888585753 0.30266154408
1658918834.237584114 4.47192765414 2.28810712138 0.0072956374708 0.957609775025 -0.00154186671685 0.00287333204544 0.288050143875
1658918834.338474274 4.5216109216 2.31687844115 0.00478448322044 0.961927090981 -0.00166597169779 0.00310048091509 0.273283521627
1658918834.439238548 4.56683383839 2.33199052367 0.00469796596346 0.966215358086 -0.00111481273024 0.00273612348042 0.257719135144
1658918834.540162325 4.61203892122 2.35101962642 0.00378535748782 0.969795118122 -0.00226180375026 0.00283691828487 0.243893962625
1658918834.640986443 4.66370888714 2.36690648723 0.00936585221996 0.973299618075 -0.00154954640386 0.00242448866353 0.229520313295
1658918834.741817474 4.71490304812 2.39355993889 0.0100610456081 0.976705138633 -0.00151744899504 0.00312705043 0.214557663743
1658918834.842654467 4.75302914086 2.40463408427 0.0155577301996 0.980878258709 -0.00227311974379 0.00299071098706 0.194586048234
1658918834.943500042 4.78028338846 2.41506269777 0.00787693026748 0.983880864545 -0.00176161181016 0.00277102459415 0.178795029374
1658918835.044204712 4.80205737239 2.42176430808 0.00641991086469 0.986503654914 -0.00254819764517 0.00294928551489 0.163692844205
1658918835.145275116 4.80770596453 2.4194548173 0.00450324167835 0.989025871351 -0.00193915405316 0.00233016873202 0.147711325884
1658918835.246048450 4.80877285779 2.41411804733 0.00250244195715 0.990820078733 -0.00214103411641 0.00224786181294 0.13515152485
1658918835.347028732 4.80939463917 2.41274346933 0.000498152649665 0.992425971121 -0.00236868993087 0.00195196508196 0.122805826349
1658918835.447848558 4.81603482011 2.4136375577 -0.00124593209763 0.994028978537 -0.00217738768646 0.00187022486292 0.109078646259
1658918835.548754215 4.82202803841 2.40653395398 -0.000944259049328 0.99552519565 -0.0024202683122 0.001983939342 0.0944446457576
1658918835.649569988 4.82019507952 2.40515996701 0.00260414588901 0.996546380556 -0.00312921217259 0.000228297304541 0.0829787160233
1658918835.750429630 4.81946233205 2.39726553747 0.00857616521664 0.997322963858 -0.00200438893965 0.000239281066599 0.0730946710105
1658918835.851285458 4.82886089257 2.39525222286 0.00939085913768 0.998116543622 -0.00231440672444 0.000687756735104 0.0612987427359
1658918835.952152729 4.82924013051 2.39749328293 0.00758344457631 0.998809429847 -0.00286457754295 0.00117105592979 0.0486841418956
1658918836.053005695 4.83353023117 2.39259007314 0.0103045216073 0.999280393936 -0.00209402059008 0.000730772477001 0.0378652260559
1658918836.153881073 4.83925173429 2.38842242672 0.0106165052709 0.999590153051 -0.00182763857752 0.00115104019884 0.028545766183
1658918836.254707813 4.84797679874 2.38600623182 0.00668265404137 0.999851386501 -0.00212099384554 0.00155050285818 0.0170382580739
1658918836.355628490 4.86148914492 2.38133873433 0.00588055246492 0.999991388659 -0.00276714235278 0.000786601826691 0.00299111812867
1658918836.456418753 4.8816280548 2.37222857129 0.00486436631791 0.999915699258 -0.00194137654477 0.000780345671958 -0.0128146984069
1658918836.557263851 4.89998440843 2.3704018553 0.00591845001516 0.999590526043 -0.0022620979137 0.000978378553552 -0.0285079977126
1658918836.658113718 4.91774171594 2.37271823322 0.0046408071111 0.999094880998 -0.00222761300832 0.00137094866037 -0.0424567662772
1658918836.758894682 4.9278220294 2.36593874444 0.00217855214718 0.99846798756 -0.0020574041055 0.0012452316778 -0.0552801438479
1658918836.859724522 4.94476439612 2.35807227454 -0.000842861116791 0.997542047563 -0.00230052837958 0.00139904079331 -0.070018666062
1658918836.960731030 4.95952225823 2.35820493463 -0.00628599556256 0.996344039288 -0.00232303828091 0.00113654874989 -0.0853924301377
1658918837.061586380 4.97336707782 2.34699140723 -0.00850486359168 0.994928438332 -0.00224938956691 0.00112499079193 -0.100553852439
1658918837.162377834 4.99508949267 2.34012847837 -0.00777994460057 0.99334117137 -0.00184359729168 0.000647767997281 -0.115193310602
1658918837.263267994 5.01320468282 2.33190995242 -0.00748346855071 0.991595093611 -0.00209327089587 0.00114892461662 -0.129357908591
1658918837.364108562 5.0393376933 2.32514213021 -0.00625189843545 0.989677949714 -0.00158533430747 0.001108530672 -0.14329624463
1658918837.464993954 5.05470613149 2.310775459 -0.00723050891153 0.987435377326 -0.00115030414323 0.00114836598148 -0.15801497923
1658918837.565884113 5.07411163287 2.29626399303 -0.00808935594083 0.985200000248 -0.00125365081633 0.00114017222848 -0.171400373042
1658918837.666765928 5.09372012321 2.28848048211 -0.00771503729992 0.982987351973 -0.00206475369806 0.000765484828273 -0.183660057407
1658918837.767549276 5.1072512131 2.27527607847 -0.00577385994031 0.980885258595 -0.00176861007946 0.00101416330623 -0.194576342248
1658918837.868397474 5.12482245522 2.26785749823 -0.00381747389238 0.978745421998 -0.00179434494802 0.0013004364524 -0.20506703321
1658918837.969303608 5.13875641072 2.24673739192 0.000456643516967 0.976215063334 -0.00233902397189 0.00100234709735 -0.216789470194
1658918838.070145607 5.16198779376 2.23536471008 0.00341249456293 0.973827786762 -0.0018915411611 0.00127887324001 -0.227275665847
1658918838.170988560 5.18375728303 2.23072331503 0.00267559473874 0.971559072607 -0.00176900324678 0.00117869153829 -0.236787773646
1658918838.271878481 5.20757060166 2.22995891578 0.00254524022046 0.970899634634 -0.000759970600605 0.00137312546947 -0.239481599375
1658918838.372700214 5.2311594033 2.22233743084 0.00232651110643 0.971415683769 -0.000523639730518 0.00163590803902 -0.237378640433
1658918838.473557949 5.24717456969 2.21641133416 -0.000108550233317 0.971611007466 -0.0011849395408 0.0012743504613 -0.236577729553
1658918838.574398756 5.26936728087 2.20745717987 -0.00441092146108 0.972075405202 -0.000990559506877 0.00154574914842 -0.234661535095
1658918838.675261497 5.27445951941 2.20128990753 -0.00843670802879 0.972032928667 -0.00127326712299 0.00158923895173 -0.23483576963
1658918838.776113033 5.27939762728 2.19907442704 -0.00553331215154 0.971692538392 -0.00137151594999 0.00199193535615 -0.236236665171
1658918838.877058029 5.28004750772 2.19702929371 -0.00293083242447 0.971873340801 -0.000865221713665 0.00142036204945 -0.235498287476
1658918838.977829218 5.28047389003 2.19396361452 -0.00507539489619 0.97208676535 -0.000961077596352 0.0012485698653 -0.234616363528
1658918839.078680038 5.2821807793 2.19213852199 -0.0035523293019 0.971984426705 -0.000757951416792 0.00181338697759 -0.23503704257
1658918839.179555178 5.28236937845 2.19080923763 -0.00354026017882 0.971928854105 -0.00105305820817 0.0013771304923 -0.235268563852
1658918839.280412197 5.2755862119 2.19311931145 -0.00382640042551 0.971945894223 -0.0010634919881 0.00130884493258 -0.235198500448
1658918839.381281614 5.27382506543 2.19269767254 -0.00290986611392 0.971971894751 -0.000349262105786 0.00142163422687 -0.235092519632
1658918839.482155800 5.27455297872 2.19161035656 -0.00597729622487 0.971945789907 -0.000556183690657 0.0015579751008 -0.235199159981
1658918839.582990170 5.27176858389 2.19385115798 -0.00461549444335 0.972090702997 -0.00134172057627 0.0013101220752 -0.234597844219
1658918839.683883667 5.26673151138 2.19775661698 -0.0046893401302 0.972064740262 -0.00144543119892 0.00125368078026 -0.234705091025
1658918839.784702778 5.26706228528 2.19606339539 -0.00763651400065 0.972153152708 -0.000984678531572 0.0014883383104 -0.234339631597
1658918839.885556221 5.26689379104 2.19717852303 -0.00883434119158 0.97203252626 -0.00112036196644 0.00130611517947 -0.234839959855
1658918839.986422062 5.26056401184 2.1934076041 -0.00798117511246 0.971991987513 -0.00121802730292 0.00147190346776 -0.235006225703
1658918840.087296486 5.25880953233 2.19093011344 -0.00591932882488 0.972195480197 -0.00063542863357 0.00162158493701 -0.23416429057
