1658918064.495486259 -0.0127802009005 0.0264859289843 0.00977148313504 0.999999878486 -0.000397194828291 -0.000198294968901 0.000214343105334
1658918064.596345425 -0.00507494180954 0.00560030802792 0.00915499794034 0.999999902266 -0.000310972854983 -0.000220246986095 -0.000224175372519
1658918064.697203636 -0.0193061785907 -0.0164695704593 0.0201510367639 0.999996326564 -0.000886554242247 -0.000121676124004 -0.00255852970074
1658918064.798049927 -0.0528230850384 -0.0153510400587 0.0274014897246 0.999990638103 -0.00136982389669 -1.00935627125 -0.00410453259656
1658918064.898782730 -0.0978972944737 0.0117686280405 0.0174678515511 0.999996561741 -0.000885494639679 -0.000220635117799 0.00245839887208
1658918064.999774933 -0.132176296776 0.00226086121965 0.0078401082722 0.999971082254 -0.00144748877065 0.000393148664078 0.00745552586612
1658918065.100599766 -0.167736131665 -0.0172716796111 0.0120966741098 0.999999538641 -0.000933572903472 0.000214299872461 7.23543342269
1658918065.201371670 -0.19503295578 -0.0271515891802 0.0165887076483 0.99998442685 -0.00126116390381 0.000318788006836 -0.00542714452258
1658918065.302318811 -0.215720697739 -0.0135192437734 0.0168101675157 0.999979970532 -0.00115639848621 0.000332759586995 -0.00621373871811
1658918065.403202534 -0.240200371031 0.00248312614019 0.0200612603621 0.999997331338 -0.00131832906709 0.000372769707551 -0.00186020625622
1658918065.504045010 -0.267472258704 0.0267433432244 0.0227677012581 0.999947847988 -0.0015572553524 0.000263083463679 0.0100899478527
1658918065.604934216 -0.298601187805 0.0480436583359 0.0257429751913 0.999655127489 -0.00106851654818 0.000248457875481 0.0262378091021
1658918065.705677032 -0.32919849424 0.0515152165753 0.0316767970716 0.99909342928 -0.00128519181641 0.000137946224478 0.0425517193803
1658918065.806612015 -0.363208971816 0.0568886417272 0.0289421769281 0.998242638358 -0.00132866126684 0.00028485955591 0.0592434678123
1658918065.907386065 -0.391821606515 0.0714846256871 0.0306997322994 0.99693283494 -0.00136260266073 0.000351521574373 0.0782492323602
1658918066.008380413 -0.416641566089 0.0846448688427 0.0288359230576 0.994682706995 -0.00117538759603 0.000449602488449 0.102979263573
1658918066.109199762 -0.439133895422 0.0853222318709 0.0252956627432 0.991638285415 -0.00147888779242 0.00073550555252 0.129037912345
1658918066.210139275 -0.443915568295 0.0613300728009 0.0236591908671 0.989358782338 -0.0014770483441 0.000650032809917 0.14548744137
1658918066.314610481 -0.434575172634 0.0628780657367 0.0229171827317 0.98795032809 -0.0015492781742 0.000750952058425 0.154761704035
1658918066.411790371 -0.422494333311 0.0792369590483 0.0229132607295 0.985653887602 -0.00161622147037 0.00090677337507 0.1687690121
1658918066.512630224 -0.405495438706 0.12258144164 0.0235894412626 0.980621521774 -0.00218723816614 0.00115236216243 0.195896194668
1658918066.613520622 -0.383504420978 0.147506770048 0.0216434993959 0.974236226011 -0.00223982433748 0.00138633291438 0.225514605284
1658918066.714323044 -0.356218010286 0.161900072448 0.0249695493673 0.968363690975 -0.00182429708186 0.00111483505067 0.249533947761
1658918066.815242052 -0.321767955763 0.174070251064 0.0246297429327 0.963183117197 -0.00141031024073 0.000863058069144 0.268841122045
1658918066.916056156 -0.287594155202 0.184207977278 0.0254153582492 0.958828841868 -0.000989427084111 0.000568571793534 0.283982305369
1658918067.016921759 -0.246333014004 0.198074853446 0.0252366664113 0.956268095211 -0.000845238519391 0.00039165120824 0.292490106264
1658918067.117751122 -0.199996321724 0.203179419419 0.0197204568092 0.956549800628 -0.00164088782894 0.000956304220776 0.291562809507
1658918067.218653679 -0.159525742158 0.228047496458 0.0180017441307 0.957734656904 -0.00114605572083 0.000512815204013 0.287650396389
1658918067.319494247 -0.126392984513 0.250806332511 0.0167016477401 0.958769666568 -0.00116105188869 0.000607526832322 0.284181296604
1658918067.420398712 -0.0884846446137 0.279040598022 0.0150731617906 0.958851812685 -0.000449812657621 0.000142921611173 0.283906637036
1658918067.521127701 -0.0492617006155 0.312453287063 0.015241712118 0.958032006108 -0.000352440250658 -2.50181066979 0.28666103752
1658918067.621924877 0.00379672270412 0.35205519016 0.0132917328706 0.956975634778 -0.000507968710181 7.22231754163 0.290167832803
1658918067.722914696 0.0571691186184 0.397162965876 0.0107289551804 0.956294698947 -0.000387962343116 -4.86318820242 0.292404336298
1658918067.823658705 0.117527013241 0.445482461898 0.012719264487 0.956158219677 -0.000180106126664 -0.000173662526325 0.292850467555
1658918067.924662828 0.188773030452 0.492654064912 0.00902180990871 0.956453162514 -0.00119288546747 0.000221609521797 0.291883325716
1658918068.025507450 0.257821346031 0.542696011297 0.00850414751108 0.956864337588 -0.000869823756465 -1.49270392559 0.290533789146
1658918068.126353025 0.329952104923 0.597361924463 0.0108742169372 0.956718653252 -0.000818920924618 -0.000160993027338 0.291013267687
1658918068.227168083 0.400758671985 0.650558573983 0.00669109845895 0.956307945228 -0.000838008665627 -0.000157741194577 0.292360029336
1658918068.328032732 0.468270055135 0.698523647417 0.00836314785155 0.956111294261 -0.00156896758748 0.000295662587303 0.292999392339
1658918068.428919077 0.536702476451 0.741702809254 0.0151200212544 0.955598935954 -0.000550993034996 0.000695252926024 0.29466911381
1658918068.529792786 0.599727768241 0.787362953624 0.0115760616418 0.955278567226 -0.000465445999233 0.00117795870053 0.295704674924
1658918068.630620480 0.665348181216 0.829926397774 0.0112590837878 0.95566068182 -0.000592412716904 0.000996706238857 0.294467853672
1658918068.731499672 0.732518985608 0.879868328301 0.0185140974783 0.95606609748 -0.000295600889924 0.000311980543656 0.293150869924
1658918068.832291603 0.802346540172 0.92943710644 0.0148678156628 0.956383043594 -0.00069073607052 0.000451971018805 0.292114348384
1658918068.933096886 0.874205749352 0.986557130892 0.0160790079824 0.956237126175 -0.000473965872921 -0.000216547522779 0.29259235634
1658918069.033958912 0.936083976719 1.04709228423 0.0217841532209 0.956246562952 -0.000504777383592 -0.000511484979778 0.2925610952
1658918069.134962559 0.971319186511 1.11400231455 0.0266712671315 0.959102319766 -0.00133455217439 -0.000920019216594 0.283054964194
1658918069.235750675 0.979123640248 1.18635656386 0.0259538130975 0.966324727655 -0.00109670334066 -0.00285753702149 0.257307505614
1658918069.336664915 0.997566878379 1.23454587318 0.025361012235 0.975080828567 -5.42746620833 -0.0032574975175 0.221825975768
1658918069.437471628 1.03185355795 1.24862254078 0.0314224903917 0.982705182982 -0.000814990177323 -0.00351847495387 0.185141782063
1658918069.538400412 1.08042608606 1.24853706513 0.0338627935705 0.989058413809 -0.000481019147043 -0.00225967329789 0.147506327226
1658918069.639193535 1.13547194469 1.24059195482 0.0300831092684 0.993690231988 0.000349138392501 -0.000771711938665 0.112156165304
1658918069.740100861 1.18919554716 1.23263541838 0.0302779413519 0.997024382323 0.000453236526269 -0.000428129384151 0.0770843196483
1658918069.840894222 1.23276650087 1.22045445076 0.0309690555285 0.999080799113 0.000707148448686 0.000453068452333 0.0428585057251
1658918069.941760063 1.26787357246 1.20627642103 0.0311131395006 0.999942483457 0.000636149821565 0.000182399600442 0.0107047569191
1658918070.042644501 1.27984545205 1.1753307018 0.0323141318088 0.999959927458 0.000230436321835 -0.00063109933977 -0.00892704264236
1658918070.143451214 1.29129009322 1.16064807218 0.0330886960933 0.999704877836 0.000744974328229 -0.00155303023575 -0.0242320106584
1658918070.244355679 1.27879714231 1.15763623255 0.0295112287372 0.99898623806 0.000670979809026 -0.00111635783053 -0.0449977743758
1658918070.345238209 1.26407860589 1.15872370846 0.0300150362184 0.99695073439 0.00121524502033 -0.00180615777641 -0.0780031677057
1658918070.446060658 1.25904900785 1.15511350967 0.0301365291894 0.993367776464 0.000803893160692 -0.00186323585325 -0.114962353798
1658918070.546917915 1.24895079634 1.15362225452 0.0318401340762 0.988622945349 0.00172044206874 -0.00193848733486 -0.150392666957
1658918070.647789717 1.25525857068 1.13919718844 0.0339845991936 0.983166329343 0.00188479566001 -0.00169958019191 -0.182695177327
1658918070.748644352 1.24864938027 1.11944336018 0.0356477963399 0.977916680563 0.00236274770777 -0.0022491640155 -0.208969673785
1658918070.849487305 1.22772491453 1.11265249532 0.0364063584546 0.973282343238 0.00256877883357 -0.00316576658659 -0.229575389878
1658918070.950354099 1.20278073351 1.10078482895 0.0322515664131 0.969190575517 0.00287567956424 -0.0028517337167 -0.24627875753
1658918071.051198483 1.17390328902 1.10135886773 0.0335293373038 0.966642112062 0.0027922475998 -0.00372776440391 -0.256088528275
1658918071.152041435 1.14362018164 1.10602788388 0.0367702999421 0.963852858072 0.002956995532 -0.00374075905242 -0.266392437739
1658918071.252910376 1.11824376752 1.11781025384 0.0358666923193 0.960683427511 0.00336415921403 -0.00356574972977 -0.277602809726
1658918071.353836536 1.09392403226 1.14088776854 0.0349872463594 0.956489694373 0.00354646051409 -0.00277315404294 -0.2917313778
1658918071.454622030 1.06719433854 1.15979617894 0.032686544557 0.952740422865 0.00352335439485 -0.00280158493221 -0.303752240707
1658918071.555503130 1.02944731977 1.19375671488 0.0308273752049 0.948275231014 0.00338758456836 -0.00238572625211 -0.317422303606
1658918071.656238079 0.990147156277 1.22225206237 0.0263318517766 0.944375598033 0.00329396786743 -0.00192362551525 -0.328846741325
1658918071.757155895 0.944873010315 1.25038571384 0.0272172900907 0.941819952925 0.00358634794748 -0.00217814871279 -0.336091609608
1658918071.858039856 0.907486929838 1.27385487643 0.0228902503509 0.939729994038 0.00353831655123 -0.00203105401993 -0.34189310236
1658918071.958870888 0.86748317687 1.30172354362 0.0231215173055 0.938347400602 0.00371812065478 -0.00184334801665 -0.345668820449
1658918072.059782982 0.83593810547 1.33180165463 0.0244520570989 0.937741825556 0.00372994377584 -0.00083870502463 -0.347312039378
1658918072.160636902 0.80741056482 1.35051234545 0.0253760574911 0.93698173536 0.0034938147533 -0.000669789100766 -0.349360232773
1658918072.261483192 0.778361823045 1.37128074916 0.0298540601565 0.935579547015 0.0036649677654 -0.000674617181526 -0.353096338283
1658918072.362355232 0.740880014625 1.39520660976 0.0272220912163 0.932976643505 0.00367706683603 7.20694144285 -0.359918132082
1658918072.463243961 0.702685109296 1.42218966503 0.0285597886453 0.931535748613 0.00362412737783 -0.000166303930038 -0.36363166405
1658918072.564107895 0.664796082727 1.44596200763 0.0310007247322 0.930287479214 0.00376223280542 0.000722962309588 -0.366811298828
1658918072.664923429 0.61936576408 1.48126367927 0.0305168865196 0.929346348227 0.00311361709629 0.00116824223132 -0.369194130013
1658918072.765831947 0.576428921461 1.50889510817 0.0297211429266 0.929882654753 0.00257848543888 0.00145486854994 -0.367844373559
1658918072.866638899 0.541975379059 1.53838242858 0.0306453957994 0.929938638211 0.00251978104004 0.00128649938081 -0.367703854733
1658918072.967483044 0.509500739763 1.56439095364 0.0354554862734 0.930286488949 0.00273635286047 0.00132264343876 -0.366821225484
1658918073.068349600 0.479742230744 1.59385981855 0.0343460905758 0.929379758808 0.00257083910262 0.0024072349543 -0.369108195418
1658918073.169186115 0.447790413725 1.63723737233 0.0364330195382 0.929341021235 0.00210382930973 0.00211399391088 -0.369210470032
1658918073.269923687 0.406435984715 1.67671582158 0.034155804167 0.931488535048 0.00229787637408 0.00213162921831 -0.363757178617
1658918073.370949745 0.3406012617 1.72338425402 0.0349629871315 0.939084366982 0.00223864180606 0.000982166165772 -0.343678011403
1658918073.471762657 0.273791680132 1.76609023142 0.0360494231252 0.9508315583 0.00194205867011 0.00118320001211 -0.309700139145
1658918073.572666645 0.218386964008 1.81493353477 0.040094719882 0.964020542374 0.00202415013842 0.000352559520395 -0.2658198119
1658918073.673354387 0.169994387132 1.85782351816 0.0370695685266 0.974380969503 0.00171094251029 0.000466188122484 -0.224896824376
1658918073.774374008 0.122093847259 1.8877761449 0.0331467888786 0.982330091889 0.00177340200804 0.000645222548655 -0.187147079332
1658918073.875191212 0.0853779563 1.91285099676 0.0313736553876 0.988364860047 0.0012969478505 0.00027253822929 -0.152095848312
1658918073.976056576 0.0386368536131 1.92646889531 0.0292210262085 0.992896289678 0.00108771665476 -0.000587335348981 -0.118976593716
1658918074.076848269 -0.00223531875715 1.94363004994 0.0218881981923 0.996004351209 0.0010894034624 -0.00103811392753 -0.0892920371179
1658918074.177794456 -0.0455707429011 1.95335158446 0.0220708755948 0.998073383829 0.000525359574939 -0.00106290030024 -0.0620331744506
1658918074.278655767 -0.0747110256211 1.96170288899 0.0182996471569 0.999097210555 -9.63695590429 -0.00134702362707 -0.0424610421686
1658918074.379363775 -0.0957666219896 1.96348746375 0.0158878994195 0.999380219581 0.000236477159663 -0.00172910564269 -0.0351586544343
1658918074.480360985 -0.107326460399 1.95533049434 0.0199515001001 0.999262649358 0.000115031700959 -0.00322669613001 -0.038258761051
1658918074.581172943 -0.128678214882 1.95374316579 0.0212066777901 0.999073941234 -7.09061452122 -0.00437945785392 -0.0428027483689
1658918074.682043791 -0.158095521061 1.9555289012 0.0228411729199 0.998928368676 -0.000237506567307 -0.0049000191751 -0.0460222517493
1658918074.782890797 -0.194912406644 1.96521518011 0.0223735613233 0.998842343563 -1.09463924411 -0.00450524219644 -0.0478923310946
1658918074.883801937 -0.236174465571 1.96859926226 0.0200863251281 0.9988585583 -0.000172497301737 -0.00442025672597 -0.0475606148586
1658918074.984653473 -0.261121545081 1.97313421317 0.0205218717922 0.999023389694 -0.000632367377382 -0.00535923305781 -0.0438536837327
1658918075.085507631 -0.281310238479 1.97593970844 0.0223153542398 0.999246689662 -0.000777322212497 -0.00553516960724 -0.0384032663508
1658918075.186354160 -0.304248933355 1.98499853387 0.0244888683084 0.999532453399 -0.000666875716378 -0.00495435342665 -0.0301642878559
1658918075.287269115 -0.324020677932 1.9879818429 0.0253986866996 0.999800690871 -0.00105654666223 -0.0049409273629 -0.0193144888768
1658918075.388088703 -0.345410092875 1.99233672278 0.025498314467 0.999971391117 -0.00104781711313 -0.00451477319461 -0.00597794692357
1658918075.489002705 -0.366868882708 1.99011273686 0.0280483453638 0.999969896843 -0.000717009830993 -0.00481961899637 0.00603842512843
1658918075.589768410 -0.390574597144 1.99148901757 0.0269021011211 0.999806533694 -0.00115469806644 -0.00497104157127 0.0189960680161
1658918075.690645695 -0.41856117197 2.00178002799 0.0274657129438 0.999488884526 -0.000821182518921 -0.00467240910145 0.0316142999394
1658918075.791507483 -0.441701227408 2.01146919207 0.026965518073 0.999019425744 -0.001189278001 -0.00460836504254 0.0440174462711
1658918075.892375469 -0.470269685469 2.01258456852 0.0200570410299 0.998354394512 0.000865380004423 -0.00100959719355 0.0573300513625
1658918075.993535519 -0.49457433323 2.01314017969 0.022202459762 0.997449703521 -0.000921428250796 -0.00304828772932 0.071301808233
1658918076.094064713 -0.5218866486 2.01704632183 0.0263840051252 0.996215026937 -0.000832001525672 -0.00272301075754 0.0868764242488
1658918076.194940090 -0.546039942414 2.02195029971 0.0250253272226 0.994672319131 -0.00147125351119 -0.00331719563798 0.103023342895
1658918076.295793056 -0.561172403835 2.02767493541 0.0231554323745 0.992878894532 -0.00142872481395 -0.00340019900306 0.119070979608
1658918076.396638870 -0.587530621575 2.02334178209 0.0236530720476 0.990804391054 -0.0017241722582 -0.0031220366368 0.135255087836
1658918076.497406006 -0.604294177046 2.02548730911 0.0222882829208 0.988892549354 -0.00144579628502 -0.0027540994358 0.148599631361
1658918076.598316669 -0.620106120788 2.01996863811 0.0207655219706 0.986981678942 -0.00145342498898 -0.0026343780315 0.160804580289
1658918076.699183941 -0.64132285554 2.01590844184 0.0178413537156 0.985001378356 -0.00127033765185 -0.00195014669892 0.172530773508
1658918076.800094843 -0.659526083878 2.01945145291 0.017456466131 0.982388854194 -0.00144948900601 -0.00209106073664 0.186830579941
1658918076.900927067 -0.660606572226 2.01474868579 0.0184474135748 0.979983005421 -0.00150966626279 -0.00239022992175 0.199061088095
1658918077.001758099 -0.652207311967 2.00962543375 0.0211085794805 0.979250933553 -0.00157283441633 -0.0024084511221 0.202631030919
1658918077.102653027 -0.636463705184 2.00067771776 0.021369105865 0.978912618857 -0.00121623706502 -0.00208203996743 0.204265196545
1658918077.203477383 -0.61171553765 1.99972954353 0.0211485443946 0.97920073184 -0.00199032289562 -0.00256068758981 0.20286795769
1658918077.304354668 -0.581774000496 2.01507626744 0.0240052805654 0.978182092671 -0.000641423563276 -0.00185955995496 0.207740039929
1658918077.405238867 -0.546319099622 2.0392852735 0.0261822512805 0.975281047736 -0.0019562360767 -0.00309018611632 0.220937778158
1658918077.506091595 -0.505423203351 2.05300296655 0.0292278828051 0.973422269845 -0.00141073259725 -0.0017101490108 0.229006920844
1658918077.606930256 -0.465800473447 2.07687716451 0.0296876747476 0.973309349189 -0.001939643745 -0.00192177901065 0.229480838698
1658918077.707641602 -0.424470988135 2.09795523219 0.0290149396256 0.973929734091 -0.00200547795706 -0.00276308088788 0.226824197333
1658918077.808685780 -0.383650270142 2.11534943486 0.0303547257338 0.974481849008 -0.00168874723859 -0.00314109424603 0.224437981663
1658918077.909498930 -0.342563533374 2.13838165638 0.0311382734307 0.975023546907 -0.00261473567563 -0.00357597770792 0.2220573316
1658918078.010229111 -0.301838766413 2.16251454561 0.0325612808299 0.976171015634 -0.00248349599402 -0.00368485266478 0.216957144026
1658918078.111220837 -0.255376966601 2.18805718267 0.0325082204867 0.977312684673 -0.00244882991967 -0.00336354802445 0.211760728546
1658918078.213375092 -0.209353347834 2.20346763908 0.0334381668894 0.978845416489 -0.00266258468893 -0.00399865579024 0.20454479219
1658918078.312967539 -0.171949896925 2.21915654171 0.0223885495926 0.980409039198 -0.000874133475971 -0.000519946091597 0.196969747437
1658918078.413765907 -0.134150971714 2.2482342344 0.026855817243 0.981796201339 -0.00150476719972 -0.0017981970056 0.189922934897
1658918078.514683008 -0.0928188133315 2.26645394691 0.0302950542828 0.982854675372 -0.00226267354839 -0.00285356721054 0.1843459372
1658918078.615544319 -0.0455298421011 2.29055431037 0.0286952318676 0.983529048637 -0.00113949677993 -0.000385152706982 0.180746130502
1658918078.716330528 -0.000483764206251 2.31060706254 0.0297270223599 0.984989013573 -0.00163055656513 -0.000379065181281 0.172608924261
1658918078.817205906 0.0528513753004 2.32164504166 0.0388176426212 0.986699039579 -0.00316740262657 -0.00108868437038 0.162523191022
1658918078.918639660 0.0959264617466 2.34719655913 0.0445482173212 0.988659638207 -0.00468348069127 -0.00170806316851 0.150090863512
1658918079.018938065 0.138092325207 2.36506596546 0.0439249465892 0.989822185811 -0.00530303214132 -0.00125527938332 0.142205283305
1658918079.119916916 0.180366233484 2.39379021004 0.0358183674293 0.991730609769 -0.0072163429772 -0.00033696114435 0.128133557266
1658918079.220643520 0.224701869502 2.40928560185 0.033028319221 0.993603915856 -0.00782386905251 -0.00134090933957 0.112642121029
1658918079.321503639 0.279981463382 2.42269873985 0.0315329083286 0.995394299487 -0.0078582484814 0.000111578652047 0.0955427863832
1658918079.422294617 0.325337371182 2.43420325562 0.0325327903472 0.997013960319 -0.00759854911528 0.00103841144756 0.0768397467556
1658918079.523076773 0.360587405794 2.43080940905 0.036433230502 0.998466126247 -0.00910852595579 2.41118543031 0.0546116188246
1658918079.624073029 0.389568464016 2.42803156093 0.0409867256689 0.999455779303 -0.00743632695327 -8.18187682317 0.0321378214168
1658918079.724958897 0.423849830538 2.42267895887 0.0395169216907 0.99990114608 -0.00830911082944 -0.00079126371768 0.0113150628481
1658918079.825796127 0.458702172716 2.4207424203 0.0349388674919 0.999898648919 -0.00694662820168 0.0011175219807 -0.0123768893997
1658918079.926628113 0.490108501261 2.42513128596 0.0360527596734 0.999299490868 -0.00475912157434 0.00227246374275 -0.0370501581852
1658918080.027527809 0.53127376225 2.42207649836 0.032914046055 0.997944979855 -0.00564970313667 0.00150416214144 -0.0638093686872
1658918080.128374338 0.575176191675 2.40246061856 0.0367835227608 0.995996667087 -0.00535609723392 0.00127807380346 -0.0892206136536
1658918080.229237795 0.617229879654 2.3789366044 0.0381633565234 0.993309060138 -0.00553213293982 0.00139073117391 -0.115345448193
1658918080.330060005 0.657222134397 2.35492971679 0.0355536980811 0.989836006784 -0.00536380716145 0.00223274208046 -0.142094771577
1658918080.430944443 0.696849923756 2.33806615271 0.0341422534991 0.985788609801 -0.0050500908206 0.00148331034904 -0.167908049718
1658918080.531789541 0.727015385792 2.3178944232 0.0324674326368 0.980778655109 -0.0042454638305 0.0022183515656 -0.195064821624
1658918080.632576227 0.752872147546 2.30127148599 0.0351273087123 0.974773551806 -0.00371040635462 0.00184990409611 -0.223157642574
1658918080.733507156 0.766452172785 2.29078842494 0.0398863858696 0.968352534453 -0.0036911410397 -0.000130622891191 -0.249559066023
1658918080.834262371 0.787281140259 2.26726534269 0.0408024346897 0.960727286447 -0.00306527788741 4.07071853104 -0.277477356717
1658918080.935206175 0.808668136971 2.24211345481 0.0385030976834 0.952113743553 -0.0025796538422 0.000122892537245 -0.305733134647
1658918081.036098003 0.822318335503 2.22654201092 0.0363381593943 0.942488172598 -0.00216786206516 -0.000712568399028 -0.334231711741
1658918081.136914730 0.844666661066 2.19637893105 0.0334508327038 0.931483850579 -0.000817321570189 0.000488883788772 -0.363781430378
1658918081.237750292 0.860868286159 2.17667239546 0.0310932618752 0.920468035526 -0.000920097088462 0.000495657426318 -0.390816457331
1658918081.338649750 0.878349531513 2.15117767028 0.0322629637024 0.908147659843 -0.000106792596004 0.000239449030547 -0.418649924378
1658918081.439543724 0.891713307599 2.1244853454 0.0325797304863 0.895087149505 0.000253530842352 -0.000624939847212 -0.445890726482
1658918081.540427208 0.913777068472 2.0907410544 0.0347743986653 0.880768476754 0.00100139693903 -0.000950173187634 -0.473545124283
1658918081.641236544 0.924222489411 2.06716360964 0.0342509790811 0.86567936524 0.00174971922841 -0.00106952016063 -0.500594677566
1658918081.742148876 0.931248762774 2.03280062173 0.034451981518 0.850012609103 0.0019652134714 -0.00148591585396 -0.526756579793
1658918081.842814922 0.935177800569 1.99909770066 0.0298213595735 0.835764749201 0.0022814925471 -0.000872425819316 -0.549082250358
1658918081.943819523 0.931096650871 1.97016970546 0.0301407829793 0.827015701502 0.00309330650619 -0.000745948367095 -0.562169818191
1658918082.044665813 0.925868585493 1.95942098637 0.0327912093692 0.825813056015 0.00304692601739 -0.00135587111915 -0.563934104634
1658918082.145481825 0.917289627709 1.95459680506 0.0362598709997 0.828618056997 0.00276423643875 -0.00171418303011 -0.559804909045
1658918082.246338844 0.914201121204 1.941116432 0.0342943107311 0.83082166104 0.00309576719516 -0.000916358915382 -0.556529373941
1658918082.347202301 0.916670071848 1.93244924909 0.033815037614 0.832241733701 0.00310737452398 -0.000841947974106 -0.55440358227
1658918082.448075294 0.922439145094 1.92849880045 0.0339694469622 0.830798377353 0.00343156606432 -0.000796071626128 -0.556562347641
1658918082.548846245 0.922847235537 1.93142222536 0.0359615714123 0.832259036459 0.00304259022204 -0.00155221034312 -0.554376433049
1658918082.649767399 0.92616825365 1.93740230405 0.0352992563185 0.833429221754 0.00307541280946 -0.00100185634481 -0.55261674825
1658918082.750646591 0.922657557109 1.94269123917 0.03489783134 0.835488972695 0.00312612579853 -0.0012758570343 -0.549496838963
1658918082.851509333 0.919952108474 1.94823303237 0.0357435202372 0.840259887018 0.00292623189968 -0.00174922088163 -0.542173127019
1658918082.952360630 0.917716545761 1.95385293627 0.0330471036919 0.845073852023 0.00262520469522 -0.00195210309181 -0.534639581606
1658918083.053215027 0.926176686502 1.93958744922 0.0332295128771 0.850567207412 0.00227732115414 -0.00249611833752 -0.525855501898
1658918083.154067993 0.932459299382 1.91551918972 0.0329733758784 0.859551331792 0.00270861821491 -0.0017443972968 -0.51103926315
1658918083.254929781 0.96400993709 1.88033201324 0.0320040286922 0.870565790129 0.00295436055894 -0.00182249842424 -0.492039790372
1658918083.355802536 0.992611894652 1.8354021666 0.0321634181864 0.87959935416 0.00325746143888 -0.000851782101533 -0.475703310451
1658918083.456696272 1.02750552219 1.7806980505 0.0305898304164 0.882577080836 0.00359056829197 -0.000840852083146 -0.470153269871
1658918083.557416439 1.06289303314 1.728599955 0.0321693546827 0.881368452952 0.00415332470119 -0.00101188946326 -0.472410177827
1658918083.658395767 1.09869429027 1.68472256487 0.0368920765989 0.876574236074 0.00485331968637 -0.00155164311077 -0.481239697389
1658918083.759138584 1.12108810236 1.65402266445 0.0494989400328 0.87171303911 0.00669566159237 -0.000675410355978 -0.489970498482
1658918083.860057116 1.12501749838 1.65146796257 0.0520934367509 0.868409628804 0.00755728917393 0.000918673977203 -0.495789027731
1658918083.960917950 1.11904021279 1.65923747517 0.0471965383372 0.869141313257 0.00576219229221 -0.00102179526469 -0.494529201024
1658918084.061774731 1.0977591975 1.68219762115 0.0393430218911 0.873450265741 0.00548656445289 2.56493289509 -0.486882460383
1658918084.162629128 1.07700366428 1.72010589366 0.0354850678842 0.879260159142 0.00468480945987 -0.00105810594946 -0.476317651907
1658918084.263524294 1.04429346961 1.76236557686 0.0323829152678 0.888662552337 0.00410351886192 -0.00134968249266 -0.458541391332
1658918084.364364624 1.01885919268 1.8106542387 0.0294466687236 0.898926712731 0.00327810334879 -0.00120819481979 -0.43808510525
1658918084.465111732 0.992845040285 1.85783842889 0.0307226571781 0.910204616266 0.00290422984984 -0.000725270734876 -0.414148036285
1658918084.566117764 0.957684034558 1.90712876354 0.0323357644889 0.921174752303 0.00205056654046 -0.00157984751537 -0.389140559411
1658918084.666934490 0.921711119648 1.9571573318 0.0330347300997 0.931526894794 0.00186370705247 -0.00237001025029 -0.363659942697
1658918084.767794609 0.887057203062 2.00021095471 0.0327119951951 0.94049495062 0.00109830749968 -0.00227891397973 -0.339798246214
1658918084.868645191 0.841336471626 2.03812579127 0.0339208632569 0.948215689762 0.000179580244363 -0.00191441851675 -0.317621328696
1658918084.969487667 0.804177217646 2.0756877169 0.0346666235287 0.955380304593 -0.00054454694817 -0.000814857646014 -0.29537690003
1658918085.071674824 0.769285236153 2.10951921851 0.0361418800978 0.961869057947 -0.000820219372027 -0.000315733381414 -0.273508944858
1658918085.171221256 0.737866539228 2.13489613224 0.0363493927368 0.966966554421 -0.000471503169634 0.000176058016907 -0.254902784058
1658918085.272069454 0.709704733959 2.15781731164 0.0319420733771 0.971552767205 -0.00109195927818 0.000377515949217 -0.236820365769
1658918085.372915268 0.681206719233 2.18209874822 0.0332701192847 0.975737345329 -0.00136322764419 0.000851576491068 -0.218938460209
1658918085.473768950 0.652556068276 2.19762673436 0.0353439781722 0.979511833694 -0.00188226439786 0.000209122322042 -0.201377707313
1658918085.574653625 0.646407584301 2.20159256131 0.03776123842 0.982419755846 -0.00164190830029 0.00111246657243 -0.186674823904
1658918085.675481558 0.633490465976 2.21119879354 0.0370787692938 0.982952872712 -0.00205859633525 0.00178840596118 -0.183837465745
1658918085.776330948 0.612844013372 2.22382681897 0.0373698366305 0.981748114153 -0.00229713415994 0.00125621508377 -0.190167782378
1658918085.877202988 0.598183751559 2.23031958526 0.0391032040643 0.980626370337 -0.00233178193141 0.00192303613643 -0.195864204296
1658918085.978148937 0.573805660732 2.24201883073 0.037885902041 0.980868223535 -0.00199460549152 0.00261626312421 -0.194645073855
1658918086.078929186 0.557073359911 2.25156851332 0.0377408639578 0.980814497059 -0.00264174920026 0.00231519178893 -0.19491173235
1658918086.179783344 0.537806623676 2.25295278941 0.0381916001909 0.980497231955 -0.00301663245714 0.00263014589804 -0.196492138239
1658918086.280547619 0.51936642575 2.26132334956 0.0375083659633 0.978895733332 -0.00372066941485 0.00181034324727 -0.204318434167
1658918086.381476164 0.500932398675 2.26607153418 0.0360994128442 0.97441016691 -0.00371928140455 0.00119015069479 -0.224743358321
1658918086.482225418 0.475793874114 2.27339001144 0.0365213550427 0.967886485542 -0.00351100643612 0.00136713556118 -0.251359413749
1658918086.583225727 0.45723929531 2.27897748683 0.035182269328 0.959908816402 -0.00380470348905 0.00133129609636 -0.280283456657
1658918086.684081316 0.419983847297 2.29342918776 0.0364967242948 0.953299396879 -0.00384721010472 0.000878611952396 -0.302001137292
1658918086.784951687 0.389390956995 2.30643654018 0.037697103411 0.949111911355 -0.00368767260235 0.00053947942648 -0.314916956922
1658918086.885770082 0.354147932856 2.32698485929 0.0372369695895 0.946756738066 -0.00363947372964 0.000212768921885 -0.321929165945
1658918086.986667633 0.317913829975 2.35362204543 0.0376884745592 0.947021367343 -0.00415672787322 -0.000907760109357 -0.321142378675
1658918087.087500095 0.28673938332 2.3798116438 0.038726075511 0.94856437973 -0.00471625825141 -0.00150399670398 -0.316545592938
1658918087.188367844 0.250455284136 2.40481757577 0.0345364492016 0.949371972908 -0.00550712524944 -0.00244969507183 -0.314096366777
1658918087.289322853 0.20938452349 2.4263323316 0.0317746730959 0.950012998724 -0.00551940784692 -0.00254987677692 -0.312151143714
1658918087.390076637 0.168285582897 2.45286287577 0.0292682157821 0.951147126565 -0.00561108356072 -0.00312577149566 -0.308671166325
1658918087.490969181 0.133128883314 2.48394897316 0.0291754455852 0.951340238122 -0.00488377790444 -0.00296160565731 -0.308089482025
1658918087.591868877 0.09542067659 2.51007401314 0.0288010486497 0.951952255677 -0.00478723041861 -0.00451032379957 -0.306175835618
1658918087.692647934 0.0650558883606 2.53568753741 0.0275922751004 0.953834674105 -0.00451206880895 -0.00343372415756 -0.300278646009
1658918087.793508053 0.0293392623926 2.57498498433 0.0259410771317 0.957457037032 -0.00378867066028 -0.00239851559775 -0.28854101153
1658918087.894332886 -0.00220190180879 2.60006368618 0.0271060575433 0.961301547463 -0.00353534494557 -0.00286400084509 -0.275460766137
1658918087.995215416 -0.0363741045059 2.62870939194 0.0291678363546 0.966048659043 -0.00302129178461 -0.00232670815049 -0.258332047152
1658918088.096148014 -0.0750737487299 2.65870994783 0.0307970250599 0.97191509991 -0.00364978897554 -0.00433141303554 -0.235263589337
1658918088.196881294 -0.110153609888 2.68522127548 0.0320305245146 0.977776199767 -0.00302514430353 -0.00238295931241 -0.209616013646
1658918088.297655344 -0.156678850139 2.71233673234 0.0332687730836 0.982708678894 -0.00308472520674 -0.00311336839841 -0.18510657426
1658918088.398578405 -0.20375064132 2.73302764741 0.0335332475853 0.987200317244 -0.0032227115134 -0.00374514362545 -0.159408662445
1658918088.499500275 -0.236801435345 2.75070039632 0.0310905460335 0.990823381341 -0.00320647010329 -0.00287470942435 -0.135094343269
1658918088.600349426 -0.286324145682 2.77177513731 0.0303537206212 0.993873495818 -0.00333089231039 -0.00264865584128 -0.11044167732
1658918088.701196671 -0.334593978908 2.78543880168 0.0310958294547 0.996159103948 -0.00266977085887 -0.00235524128014 -0.0874892266732
1658918088.802063227 -0.382240097303 2.79628314732 0.0292510899469 0.997960605682 -0.00236585832727 -0.00179935963893 -0.0637635830676
1658918088.902867317 -0.424374259373 2.80042240949 0.0261230509578 0.999102746695 -0.00270474633113 -0.00154864740542 -0.0422372771864
1658918089.003811836 -0.466095921939 2.80820618306 0.0262909561518 0.999810485635 -0.00269540318109 -0.00111377358762 -0.0192480421054
1658918089.104648829 -0.496221504519 2.81684456938 0.0280443072487 0.999990280984 -0.00235392308854 -0.000421567321708 0.0037039525726
1658918089.205515623 -0.535387972016 2.8219482888 0.0269682203266 0.999604164913 -0.00290919776036 -0.00195185814187 0.0279148760992
1658918089.306425571 -0.573949685676 2.82863163449 0.0240304006114 0.998602682471 -0.00261177979521 -0.00190817276462 0.0527467538715
1658918089.407126427 -0.614513396921 2.82479803656 0.0236492265923 0.99713130891 -0.00267519265079 -0.00211571943657 0.0756142834831
1658918089.508081436 -0.657975724019 2.81246425316 0.0226170029752 0.99583372105 -0.00268954877882 -0.00242703498424 0.0911157277769
1658918089.608917475 -0.69843600433 2.79696679044 0.0227030324205 0.99550737325 -0.0026652350575 -0.0029180894736 0.0946015384727
1658918089.709785461 -0.732038644435 2.77867208141 0.021184635515 0.99574258327 -0.00313870434429 -0.00364470226692 0.0920520099857
1658918089.810632706 -0.780064338308 2.76166080174 0.0198308331941 0.996405471973 -0.00326364195841 -0.00328167236147 0.0845855465768
1658918089.911563396 -0.820399224937 2.73656220055 0.0193320733393 0.997513073185 -0.00354456697834 -0.00395960193564 0.0702810530786
1658918090.012214184 -0.87827656042 2.70740627064 0.0178238572407 0.998912591471 -0.00135657023165 -0.00273346336045 0.0465222795563
1658918090.113206387 -0.928180946474 2.69117493026 0.0182755600878 0.999843771458 -0.00297501744318 -0.00559495420873 0.0165008616789
1658918090.214050770 -0.958973719953 2.69373191085 0.0180549047608 0.999960364352 -0.00211802918077 -0.00498413855296 -0.00706696826637
1658918090.314927578 -0.987079581088 2.69323083908 0.0169027878976 0.999528445077 -0.00237499582062 -0.00397492342637 -0.030355343198
1658918090.415736675 -1.01154520525 2.70829734557 0.0152436915239 0.998462278333 -0.00163807855674 -0.00410228322804 -0.0552590871843
1658918090.516649485 -1.04709482235 2.72053816496 0.0163212931606 0.996462906406 -0.0015828515198 -0.00435645729858 -0.0839058521113
1658918090.617525816 -1.07492862865 2.72480464499 0.0163006080112 0.99345472764 -0.00149557927714 -0.00446953536121 -0.114129271559
1658918090.718321323 -1.11511941013 2.73348557352 0.0151797156878 0.989433966357 -0.000889492567521 -0.0040663135025 -0.144924463484
1658918090.819218397 -1.13494942206 2.73626083633 0.0135978171765 0.985605460028 -0.000805543312285 -0.00399844915626 -0.169012545886
1658918090.920097828 -1.12856342628 2.73142293661 0.0146874955496 0.984048815231 6.72467391805 -0.00135296271339 -0.1778934912
1658918091.020997047 -1.12701882185 2.73370182075 0.0155272304006 0.984288317021 -0.000368145613756 -0.00106867402011 -0.17656509106
1658918091.121725082 -1.13171700199 2.73243584821 0.0174492166729 0.986606090782 -0.000214562571572 -0.00116082640272 -0.163116608833
1658918091.222653866 -1.14771222917 2.72921346064 0.0143998935775 0.989190970468 -0.000448400565692 -0.0012086908637 -0.146627289233
1658918091.323394299 -1.16008550005 2.72515163422 0.0116020903847 0.99241746259 -0.000508638117105 -0.000924199002067 -0.122908368673
1658918091.424357891 -1.20224802059 2.73108638475 0.0129401019492 0.994697653414 -0.000237345247346 -0.000216237968163 -0.10284199143
1658918091.525258064 -1.23891235811 2.74387678053 0.0160198159479 0.99671114681 -0.00040214838178 -0.000519841085182 -0.0810336835336
1658918091.626146793 -1.27039169334 2.75582415654 0.0176050827892 0.998217208312 -0.00018649721465 5.31009101905 -0.0596855713654
1658918091.726788044 -1.28988449707 2.75288659028 0.0192550875102 0.999372226133 -0.000234977331121 0.000646534275275 -0.03542146826
1658918091.827772856 -1.32023755739 2.75255818657 0.0239751886015 0.999956143365 -0.000495924704265 0.000343240934498 -0.00934599332238
1658918091.928637505 -1.34736776246 2.75813667369 0.0236444303232 0.999834024214 -0.000234614034384 0.00102648589948 0.0181883288706
1658918092.029489756 -1.40073338244 2.77122350421 0.0231564798774 0.999294253725 -0.00140802809308 -6.6451404577 0.0375367488389
1658918092.130247116 -1.46457455319 2.78892238609 0.0201755436783 0.998828764976 -0.000965793195066 0.000561469586937 0.0483719986401
1658918092.231196404 -1.5181180385 2.8019051447 0.0183331377494 0.998940842065 -0.000534016752801 0.00124433916144 0.045993048389
1658918092.331970453 -1.56547863098 2.81143997504 0.0157843854753 0.999180005255 -0.000735722148383 0.00124756936342 0.0404625676778
1658918092.432954311 -1.58936697904 2.81635808926 0.0160089946634 0.999266881976 -0.00183224626448 -0.000145438057776 0.0382402968979
1658918092.533812046 -1.60503370382 2.81068222535 0.0191982070281 0.998984300357 -0.000969965620835 0.0012141430889 0.0450327954309
1658918092.634687901 -1.61903059314 2.80721910008 0.0169885135467 0.998452031871 -0.000798810779496 0.00188293742078 0.0555819800075
1658918092.735491037 -1.63859739312 2.79823940705 0.00748120028963 0.99739814842 -0.00260272582773 0.000615385225405 0.0720401322001
1658918092.836416245 -1.67402999936 2.80312898735 0.0112772134299 0.996477278413 -0.00201051577305 0.000388389664914 0.0838381809632
1658918092.937245846 -1.72109505217 2.80456827027 0.0148382721021 0.996084320209 -0.00184161422476 -1.04909483525 0.0883891140943
1658918093.038125992 -1.75757296022 2.81163135753 0.0143131715243 0.996155631737 -0.00252542378801 -0.00106172381711 0.0875582796557
1658918093.138907194 -1.79371018126 2.81226449197 0.0152454171049 0.996392037469 -0.00109576072387 0.000720916797881 0.0848598094204
1658918093.239797831 -1.82805532674 2.80817292932 0.0167209688064 0.996644362852 -0.00212075931351 -0.0006123849121 0.0818238434686
1658918093.340637922 -1.85335096539 2.80234133049 0.0149637266913 0.996543061182 -0.00156131223787 6.56170563953 0.0830631398862
1658918093.441440344 -1.87683577335 2.79802859566 0.0143654693265 0.996518651214 -0.00141783340406 -3.67750824762 0.0833580600745
1658918093.542406559 -1.89805089476 2.78898605616 0.0136717716159 0.996532913195 -0.00126389962461 0.000109939698901 0.0831898034033
1658918093.643254757 -1.92165156805 2.77768944435 0.0134862265991 0.9965696259 -0.000902790170084 0.000203074129668 0.0827533954806
1658918093.744463921 -1.94426338918 2.76785150602 0.0176144948162 0.996657668754 -0.000896584650331 -0.000263362916158 0.0816860948379
1658918093.844930410 -1.97526203974 2.76321327152 0.0160978491311 0.99673153855 -0.00104575163875 7.2528600134 0.0807783461253
1658918093.945776463 -2.02132901069 2.75709396316 0.0141011866833 0.996986538906 -0.000641145408341 0.000111056877802 0.0775720171111
1658918094.046564102 -2.06221310757 2.74962809618 0.0136939064443 0.997032717914 -0.000132493841498 0.000457540408331 0.0769774805423
1658918094.147480488 -2.09671292143 2.74816191086 0.0142429255991 0.996864872664 -0.000137417680476 0.000693861892405 0.0791196898382
1658918094.248300552 -2.13159095848 2.73987274286 0.0172592958381 0.996808310368 -0.00109011436656 -0.00115679669514 0.0798164510131
1658918094.349210739 -2.15749774238 2.73584217774 0.0156568519124 0.996983550295 -0.000597071550027 -1.12957775191 0.0776108485904
1658918094.450066090 -2.1798512224 2.72053894808 0.0154873722253 0.997830527297 -8.5927703899 0.000439758634699 0.065833411151
1658918094.550945997 -2.19972588017 2.71443938312 0.0147610282822 0.998977777434 -0.00057203813889 5.84314129072 0.0452003268868
1658918094.651779890 -2.2319282707 2.70488158939 0.0117666409367 0.999697224546 -0.000738856486239 0.000270986983662 0.0245934928885
1658918094.752655506 -2.26496946826 2.70236909978 0.0107180760469 0.999966324529 -0.000850851439535 0.000503022960653 0.00814695204882
1658918094.853501320 -2.29580446866 2.69443242819 0.0140589775999 0.999975450157 -0.000819355101627 0.000600128620037 -0.0069330791914
1658918094.954206467 -2.32518587083 2.69511280848 0.0148534301075 0.999732156201 -0.00100397776936 -7.02312409102 -0.0231214825084
1658918095.055238962 -2.37006671131 2.68691031835 0.0166243123073 0.999241571625 -0.00091050974653 -0.00121474314375 -0.038909856165
1658918095.155984402 -2.40896880863 2.68334148222 0.0144975604913 0.998459557902 -0.000807061121929 -0.00132739011823 -0.0554625812704
1658918095.256888628 -2.44492525384 2.67837037228 0.0129953666167 0.99738864192 -0.000689427798678 -0.00157239824805 -0.0722007563779
1658918095.357790470 -2.479665866 2.67329005928 0.0120645161616 0.99609185542 -0.000988903021723 -0.00242251433688 -0.0882845912948
1658918095.458635092 -2.51368081028 2.6698423954 0.0124514215923 0.99442312093 -0.00100358312673 -0.00146360539716 -0.105449074155
1658918095.559386730 -2.55292312267 2.66630942126 0.0118313255445 0.992484537752 -0.00102454592465 -0.00147943452404 -0.122356871084
1658918095.660427570 -2.58732898096 2.66851828607 0.0116021192186 0.990184995163 -0.00116768451347 -0.00191173831913 -0.139744971732
1658918095.761230707 -2.62228634668 2.67708762463 0.0128478661669 0.987530134146 -0.000788280786084 -0.00263808494981 -0.157406014099
1658918095.862088203 -2.66004763297 2.68643169188 0.011678974068 0.984620812185 -0.000983234542594 -0.00270397610867 -0.174681361268
1658918095.962924480 -2.69583329256 2.69669043542 0.0104987333024 0.981457454299 -0.000939412820051 -0.00211795045985 -0.19166610861
1658918096.063802719 -2.72945136996 2.70796865271 0.0118414001392 0.978055564632 -0.000902692275776 -0.00243823359203 -0.208327992972
1658918096.164661884 -2.76091024719 2.71245502137 0.0107617909844 0.974406304675 -0.000828054523459 -0.0034922902515 -0.224765370204
1658918096.265492916 -2.79366388942 2.72245651084 0.0100899392619 0.970882051894 -0.00089253908089 -0.0032690032364 -0.239534044138
1658918096.366384506 -2.82528786554 2.73947512537 0.00981024467651 0.96773291135 -0.000914839898091 -0.00473291479767 -0.251932083855
1658918096.467200279 -2.84583256561 2.74745447915 0.0102212597888 0.966767951915 -0.000901660512738 -0.00397333275873 -0.25562301693
1658918096.568096638 -2.86024776771 2.74442732101 0.0101733458093 0.967971069526 -0.00105712387179 -0.00469612584619 -0.251015611967
1658918096.668795109 -2.86031744452 2.7439085167 0.0087665265669 0.970209097987 -0.00104340228925 -0.00173307131327 -0.242260632294
1658918096.769796371 -2.84643373267 2.7329484738 0.0131191667851 0.974612951493 -0.000696386582129 -0.00547625213518 -0.223828328166
1658918096.870593071 -2.81876658056 2.71991715957 0.0136783003969 0.980238475716 -0.000747755071465 -0.00331448442304 -0.197790257045
1658918096.971489906 -2.79667224835 2.71547442056 0.0139639220497 0.986686179454 -0.000811526992262 -0.004122832631 -0.162581447128
1658918097.072343826 -2.73807740246 2.70776594676 0.0151484933012 0.991847166155 -0.00105385057511 -0.00240047142837 -0.127406146345
1658918097.173134327 -2.65130006156 2.69065505818 0.0143202203815 0.99419613981 -0.00124408724775 -0.00124381770689 -0.107568307374
1658918097.274028301 -2.53609878241 2.66383635728 0.0126720284296 0.994566608956 -0.000892138724777 -0.000874435507786 -0.104094667494
1658918097.374948025 -2.42082046179 2.64002104341 0.011799559218 0.993344598378 -0.000364357635563 0.000268940232277 -0.115179441691
1658918097.475803137 -2.31122470044 2.60883360293 0.00903486136741 0.991166634507 -0.000621810740115 0.00132022935875 -0.132614376992
1658918097.576680660 -2.2183296339 2.57696022469 0.00748754779192 0.988225397782 -0.000569679938315 0.00058121912833 -0.153002943852
1658918097.677469015 -2.14550529432 2.54363092928 0.00335225275412 0.985005465438 -8.23759122276 0.000791166177115 -0.17252130398
1658918097.778464794 -2.07759927625 2.50789820092 0.000321860147716 0.98126463054 -3.03053388015 0.000613150105447 -0.19266382115
1658918097.980070353 -1.96176457009 2.45457548671 0.00505633731712 0.976449624092 -5.17060461828 -0.00134380857483 -0.215741333814
1658918098.080862284 -1.90747591439 2.43464231867 0.00694575907727 0.976729619595 -9.27991426343 -0.00136234281006 -0.214470010994
1658918098.181741714 -1.85072193333 2.41685039055 0.00890696456717 0.97737444129 -0.00045002185902 -0.00168704974273 -0.21150922641
1658918098.282646894 -1.78666502335 2.39160411617 0.0116216062724 0.977648407916 -0.000815036860564 -0.00174828894385 -0.21023765053
1658918098.383624792 -1.70893482822 2.36680596207 0.0090401866765 0.977838172964 -0.000694048432819 -0.000740904916234 -0.209359682966
1658918098.484373331 -1.63459206558 2.33000096838 0.00940054026624 0.977503810587 -0.00109285278799 7.37981128291 -0.210914925882
1658918098.585263729 -1.55407136828 2.29505802724 0.0161765516727 0.977682882598 -0.00172461841049 -0.000754299207124 -0.210077694671
1658918098.686076641 -1.46515939935 2.25557365849 0.01823181037 0.978336283599 -0.000916594234896 0.000360895619713 -0.207019674918
1658918098.786847353 -1.37477009154 2.21180313719 0.0199183317169 0.978588555132 -0.00128838255108 0.000173519099889 -0.205822131285
1658918098.887805939 -1.29309069702 2.17884529596 0.015997464908 0.978692600379 0.000468562339548 0.00258875540936 -0.205314083196
1658918098.988552094 -1.19878976556 2.138754435 0.0193830668882 0.979088439617 -0.00105923983692 -0.0012898114564 -0.203428222738
1658918099.089519501 -1.11224370972 2.09882404161 0.0213191394603 0.978326947585 -0.000457519694622 -0.00270496178216 -0.207047959387
1658918099.190349102 -1.02880041134 2.04907927103 0.0234403686114 0.976332891884 -0.000220812227489 -0.00293102104307 -0.216253195545
1658918099.291446447 -0.949414214421 1.99760659952 0.0234319402192 0.972792105011 -0.000912111827369 -0.00335158788696 -0.231653740177
1658918099.392055273 -0.866884000737 1.94729010802 0.0225334898537 0.969279359259 0.000156325124525 -0.003332317719 -0.245939819744
1658918099.492929459 -0.791130451522 1.90524286131 0.0231653051776 0.965995191285 7.75178747961 -0.00189079747089 -0.258553107293
1658918099.593797207 -0.713701627427 1.86711214402 0.026533396607 0.963830500834 0.000725496879078 -0.00232007888434 -0.266504890292
1658918099.694648266 -0.638035943649 1.82615298151 0.0249326192824 0.962713440572 0.00100135721576 -0.00249516294352 -0.270509894067
1658918099.795518160 -0.55520855381 1.78561439406 0.0245092001014 0.962093829692 0.000157867958615 -0.00184806247304 -0.272712344075
1658918099.896389484 -0.478226389443 1.74397906986 0.0276110374048 0.962092455464 0.000481298644168 -0.00153259375646 -0.272718768417
1658918099.997221947 -0.40635702341 1.69901900766 0.0257391259552 0.960771588181 0.00148079313838 -0.00168413491129 -0.277331798186
1658918100.098084927 -0.333283543942 1.64931749736 0.0218202413721 0.957797236103 0.00186758394515 -0.00226802124342 -0.287429683095
1658918100.198935032 -0.258031994829 1.60392542115 0.0191643752603 0.954824717984 0.00277870781744 -0.000742209328505 -0.297155659268
1658918100.299737930 -0.18733863425 1.55150421774 0.0185968102096 0.951097488731 0.00284454938279 0.000203223838131 -0.308877700989
1658918100.400644064 -0.119477489152 1.50116525173 0.0185379949854 0.946608063514 0.00381632151655 0.000487041454255 -0.322363727134
1658918100.501446247 -0.0547631375052 1.44383888886 0.0232553229802 0.940970761392 0.00445548385235 0.000241551604871 -0.33845844135
1658918100.602352142 0.0123731598512 1.38903498668 0.0244172347296 0.935620540988 0.00406833948741 0.000402336322563 -0.352983696538
1658918100.703164339 0.0712430190512 1.32766154405 0.0251211681852 0.929716293245 0.00384736360486 0.00129846670169 -0.368254159314
1658918100.804088593 0.135751909005 1.27084713944 0.0268305176773 0.924919450528 0.0039211631262 0.00136187147695 -0.3801404738
1658918100.904939651 0.20347058774 1.2146911747 0.0291195930517 0.921829467302 0.00482605701729 0.00374084984612 -0.387547607952
1658918101.005684376 0.279978240646 1.1636632838 0.0343512183315 0.920118903434 0.00387646862487 0.00278591644149 -0.391610029499
1658918101.106677294 0.352359965237 1.11681181082 0.0306091356403 0.92110518871 0.00265248557094 0.002874613728 -0.389294146177
1658918101.207387924 0.413518506567 1.0843568411 0.0339095362711 0.923526232367 0.00382401140513 0.00436683393567 -0.383491337356
1658918101.308389425 0.459447848638 1.0632113111 0.0358202903552 0.927784890399 0.00379772510689 0.00479677061502 -0.373065363473
1658918101.409240246 0.487701239159 1.06863110679 0.034418688586 0.933844348042 0.00311718187877 0.00397166948549 -0.357644016656
1658918101.510082722 0.485658615014 1.07397855631 0.0354155376665 0.938602974481 0.00296047612046 0.00302308619542 -0.344973263931
1658918101.610952616 0.480261781051 1.08620954263 0.0394200878972 0.942524686321 0.00267418485144 0.00142474177453 -0.334122783603
1658918101.711777449 0.468074999439 1.11656745464 0.043457133936 0.94893834881 0.00289005892944 0.000904776377835 -0.315447046424
1658918101.812545776 0.422839209957 1.14258308579 0.0436306600476 0.957297716393 0.00300239265407 0.00142507693791 -0.289084826622
1658918101.913550854 0.378477192284 1.18141953231 0.0439493902891 0.965878296441 0.00333841130172 0.000548244328433 -0.258974266874
1658918102.014383316 0.338358177505 1.21897597124 0.0396736447242 0.974631586389 0.00382201972845 0.00112082128555 -0.22377981754
1658918102.115230799 0.281427426338 1.24938491985 0.0366335192775 0.98164282626 0.00295983706849 -0.000327610668361 -0.190705253437
1658918102.216062069 0.220344942006 1.26507000718 0.030250308016 0.9869451777 0.00275520341418 -0.000679816930598 -0.161031558762
1658918102.316966534 0.163572461918 1.29065881498 0.0256146334133 0.991354326573 0.00285448140067 -7.77949490573 -0.131180963056
1658918102.420413494 0.117828014985 1.31279914571 0.0233367838975 0.994779788036 0.00277356800907 -0.000353849666741 -0.102006644031
1658918102.518650532 0.0896793510959 1.3293589649 0.0235158955425 0.997338261266 0.002690184747 -0.00037817964619 -0.0728629707086
1658918102.619520187 0.0550970645062 1.34767847526 0.0252340534608 0.999096763156 0.00239100103028 -0.000287003405414 -0.0424247403586
1658918102.720381737 0.0287234855202 1.36362079611 0.0255783209851 0.99996211838 0.00185149987346 -0.000462767779358 -0.00849232588812
1658918102.821269035 -0.00828271958356 1.37479400687 0.024510712746 0.99958304046 0.00179958905969 -0.000489352497662 0.0288143581946
1658918102.922137022 -0.0472488424592 1.37643713371 0.0229262856818 0.997718011433 0.00194428778708 -0.000219210193369 0.0674903056305
1658918103.022932053 -0.0912532177317 1.38104632784 0.0235275832076 0.994617537089 0.00207965991817 -1.66639127251 0.103593579205
1658918103.123833656 -0.130382367288 1.38043277469 0.0245962207594 0.990253909916 0.00188988344313 -0.000854959895173 0.139258361619
1658918103.224655390 -0.166428546343 1.37834198886 0.0252106909903 0.9854172052 0.00149585946678 -0.00053854839941 0.170148182669
1658918103.325508595 -0.190999602187 1.38351314907 0.0231813822054 0.979921773344 0.00166837518347 -0.000512122880539 0.199374703462
1658918103.426362514 -0.222010968243 1.38440513694 0.0233999276552 0.974268443567 0.00160027637342 -0.000760084074141 0.225383808774
1658918103.527113676 -0.230947011528 1.38660231283 0.0253173418581 0.969203876848 0.0016898774161 -0.000813624355367 0.246252568377
1658918103.628073692 -0.223992676927 1.39311163868 0.0269594818195 0.966060182622 0.00106499190471 -0.00072395061331 0.25831388898
1658918103.728932619 -0.199527278839 1.41091840923 0.0240004427732 0.96341695701 0.00106126995936 -0.000982285850007 0.268003126411
1658918103.829776049 -0.16601990202 1.43764647035 0.0196678722282 0.957560756881 0.00166103753973 -0.0008220359579 0.28822554032
1658918103.930531025 -0.119122934272 1.46975194968 0.0203951842361 0.948120271611 0.00216013413562 -0.000959366433192 0.317903073274
1658918104.031529903 -0.0577516686348 1.51835292278 0.022023518394 0.939680749975 0.00201138961079 -0.00105937170018 0.342045201939
1658918104.132221460 -0.000556943932877 1.57245116992 0.027619490438 0.932646862199 0.00179476865709 -0.000528935083775 0.36078571128
1658918104.233245850 0.0475574771889 1.6292913761 0.0313906583468 0.92956237185 0.000186601703128 -0.000297848392023 0.368664716655
1658918104.334013939 0.0964273140666 1.68386139349 0.0320255490839 0.929951171886 0.000563902059882 0.00058881833668 0.367682136112
1658918104.434974670 0.146846348583 1.7377195681 0.0349938699651 0.93041944823 0.000157152811938 0.00101511155706 0.36649501389
1658918104.535790443 0.195183640183 1.79047434743 0.0360866276248 0.931373924458 0.000813863476074 0.00191602619949 0.364058071343
1658918104.636670589 0.256358566749 1.84051882965 0.0419713072261 0.93132102936 0.000632420545296 0.00178398744546 0.364194395487
1658918104.737516880 0.3140711646 1.89921975894 0.0407702784858 0.929250766296 0.000812324347208 0.00154563219775 0.369445482432
1658918104.838711500 0.37216490078 1.95440003728 0.0345309961945 0.928107441806 0.00171102722595 0.00105702688794 0.372307039343
1658918104.939256191 0.422540321125 2.0102098486 0.0416336594979 0.927786580998 0.001577484885 0.000790866104161 0.373107151086
1658918105.039951324 0.479094057641 2.06583779579 0.039140383802 0.928604478421 0.0020728450932 0.00122302846333 0.371063242819
1658918105.140919685 0.534961061613 2.12574132073 0.0406478243143 0.92957702384 0.00176265816091 0.00180771171016 0.368619291361
1658918105.241822720 0.588737566295 2.18952505409 0.0428536529906 0.929300674988 0.00100860903014 0.00256399723333 0.369313774578
1658918105.342659473 0.648799336054 2.2483302894 0.0412588632275 0.931124626108 0.000128024421736 0.00269617499438 0.364691163733
1658918105.443499565 0.707492259294 2.29749033364 0.0413590916833 0.932422863437 -0.000815574461553 0.00346565249732 0.361351529442
1658918105.544356346 0.756011729205 2.34976272341 0.0406266624913 0.931421872092 -0.00263624486248 0.00391259234422 0.363910755574
1658918105.645274639 0.797803573331 2.39684382639 0.0367517754222 0.928257731229 -0.00403029951936 0.00309708210079 0.371902876006
1658918105.747242928 0.817616576347 2.44729164468 0.0352175044288 0.919515404084 -0.00553974274076 0.00241029772729 0.393007536019
1658918105.846854925 0.842062523238 2.48630535131 0.0319564801977 0.910602675766 -0.00549663382255 0.00155514899994 0.413243433604
1658918105.947777748 0.877991211362 2.52052375091 0.0293438338431 0.898587601237 -0.00659663035303 0.0019603345562 0.438740201553
1658918106.048550844 0.904326217005 2.56226752612 0.0298573168573 0.886356948178 -0.00644856062447 0.00173037303258 0.462954406278
1658918106.149503469 0.925938499526 2.61344059799 0.0285520298301 0.874869096716 -0.00654688529781 0.00110536714151 0.484313927187
1658918106.250384808 0.959446200394 2.6709390149 0.0272909396003 0.86372831229 -0.00594725144702 0.00129016635954 0.503920994026
1658918106.351205826 0.990765298535 2.7222625816 0.0290806133766 0.858889691984 -0.00708977815306 0.00119201669108 0.512110155284
1658918106.452087641 1.02373497823 2.77335027314 0.0254162908097 0.85930656151 -0.00783539745907 0.000395446623201 0.511400707386
1658918106.553133011 1.05393511681 2.82614408271 0.0257295369827 0.863300087487 -0.00732060789443 -0.000631834702106 0.504637462373
1658918106.653817654 1.08992889826 2.86942330049 0.0261162099079 0.87124298495 -0.00658816925331 -0.00125345642178 0.490806159342
1658918106.754636765 1.12044719004 2.9219396254 0.0279580888425 0.878454509079 -0.0050324293321 -0.00060093780759 0.477799109468
1658918106.855506182 1.15294512531 2.9669165117 0.0332493709917 0.889408831384 -0.00528439404175 9.57069185084 0.457082045892
1658918106.956256866 1.17218393994 2.99806978581 0.0336517044715 0.901058085209 -0.00426252369255 0.00190659639908 0.433673290464
1658918107.057223797 1.18972541873 3.00742969742 0.0353356122619 0.912729070114 -0.00501078060774 0.00159955282751 0.408531489701
1658918107.158087730 1.1947560089 3.00870612197 0.0353875005507 0.918981508084 -0.00384068995869 0.000324451573729 0.394281792164
1658918107.258972406 1.18662730249 3.0072803371 0.0350658630856 0.923626046916 -0.00359225236098 -0.00048702365681 0.383277685221
1658918107.359802246 1.1735712495 2.98969693409 0.036886675944 0.932086065179 -0.00319636725308 -0.000628346006481 0.362222246027
1658918107.460639954 1.16061063429 2.97169850373 0.035459329626 0.940277101767 -0.00376512509363 -0.000993094283352 0.340387734046
1658918107.561507940 1.13259115047 2.94788802924 0.0382116662566 0.946104741149 -0.00349310682893 -0.00198857734515 0.323835857403
1658918107.662356853 1.11217150225 2.93179646463 0.0400031576334 0.950690361285 -0.00396650909116 -0.00208482975965 0.310109266631
1658918107.763233185 1.09855451417 2.90923892943 0.0384790840071 0.955876939205 -0.00492003437566 -0.00236181526806 0.293716686939
1658918107.864092112 1.0744185013 2.88535422353 0.0358527429722 0.96059926977 -0.00577208317546 -0.00282412605334 0.277862826381
1658918107.964948177 1.0428185112 2.85007848894 0.0333801870905 0.967073191119 -0.00628050147231 -0.00295658683907 0.254403728184
1658918108.065817356 0.997270189093 2.81944698544 0.0357806361535 0.972566264514 -0.0061666470458 -0.00313107342497 0.232523181583
1658918108.166671991 0.951337816122 2.78952129305 0.0353415674889 0.976710419916 -0.00556282113847 -0.00315344806095 0.214466469205
1658918108.267365932 0.898077059047 2.76223939201 0.0338620134924 0.979752445772 -0.00599889657075 -0.00310524668917 0.20009876483
1658918108.368407488 0.838112790681 2.73954480422 0.0277385505887 0.980609596642 -0.00613047854514 -0.00154389325769 0.195869478479
1658918108.469220161 0.762728213579 2.71165146308 0.0286487362237 0.980158236787 -0.00711580136422 -0.000536609546939 0.198088132607
1658918108.570092678 0.686242533618 2.68078265193 0.0315352548067 0.980146037074 -0.00721421611846 -0.000123300085786 0.198145617894
1658918108.670820713 0.617258619398 2.64414063959 0.0286752666065 0.980280023652 -0.00726897337467 2.50936286175 0.197479711932
1658918108.771819353 0.544655420425 2.60479965935 0.0354443762987 0.979983624709 -0.00710441510173 0.00171229560366 0.198943938416
1658918108.876412153 0.46601596934 2.57408639799 0.0397376366922 0.97954820281 -0.00731289338812 0.00203721682847 0.20106638135
1658918108.973513126 0.389034431882 2.5426599042 0.0338038244461 0.979878520255 -0.00743637635185 0.00310970641186 0.199431982328
1658918109.074257374 0.308505909877 2.505849183 0.0340871819954 0.979440183657 -0.00693088035801 0.000920003416036 0.201613598572
1658918109.175262928 0.239921096939 2.46437347945 0.0315575789667 0.98085111288 -0.00611476507131 0.000419434680507 0.194662600631
1658918109.276197195 0.16893938555 2.42044456273 0.0291021522983 0.983207114316 -0.00572588894225 0.000719237780091 0.182401938725
1658918109.376938343 0.10171262277 2.38234568635 0.0287734360206 0.986420196063 -0.00424540289986 0.0014567670626 0.164179935382
1658918109.477772713 0.035344851363 2.3417335261 0.0313358193853 0.990238367057 -0.00372552839171 -0.00118949980231 0.139329400832
1658918109.578671932 -0.0305495766298 2.31095701011 0.0342799086566 0.993165091802 -0.00339785466763 -0.00320213953658 0.116624617093
1658918109.679537296 -0.100964246013 2.28089306105 0.038272532755 0.995649382399 -0.00282241202571 -0.00411828648126 0.0930450484164
1658918109.780405283 -0.177262823042 2.25667518 0.0385430273612 0.997205497862 -0.00222848970103 -0.00511994544079 0.0744984229831
1658918109.881184578 -0.257161432141 2.23029989403 0.0344703798878 0.99861199857 -0.00182320628496 -0.00451756392709 0.0524437207602
1658918109.982013226 -0.332616397547 2.21282243143 0.0334797175725 0.999472813916 -0.00119881140034 -0.00372368081318 0.0322302853702
1658918110.082869768 -0.412130368807 2.2038116435 0.0309278815834 0.999903262642 -0.00103780146845 -0.00346523200719 0.0134305805153
1658918110.183719158 -0.490526289254 2.19948844423 0.0283166417884 0.999983961659 -0.00171061905204 -0.00392383837212 -0.00370859809691
1658918110.284654617 -0.565025984625 2.2003152587 0.0272500262631 0.999877785459 -0.000908245730156 -0.00280600401063 -0.0153530315144
1658918110.385515690 -0.628798484655 2.20002252614 0.025125996965 0.999851293698 -0.000840043856961 -0.00222947931398 -0.0170796439928
1658918110.486352921 -0.688213566584 2.20370495121 0.0238418137967 0.999887649221 -0.000875396806917 -0.00229940439231 -0.0147863232217
1658918110.587213039 -0.743784486741 2.20507808231 0.0236752409219 0.999868320936 -0.000719019191761 -0.00242294505834 -0.016029757863
1658918110.690587759 -0.798555799597 2.20103713689 0.0228679840094 0.999543189944 -0.00101592911503 -0.0033986789454 -0.0300138019383
1658918110.788884163 -0.842247155892 2.19257267011 0.0207306289236 0.998952408495 -0.000767084622867 -0.00224122745556 -0.0456998254125
1658918110.890253544 -0.883666968636 2.18464823517 0.0189642663612 0.997533980815 -0.000733726101747 -0.00290263985681 -0.0701212767121
1658918110.990680695 -0.907003370025 2.1760335342 0.0200153831324 0.995267181981 -0.000918190262367 -0.0024449632079 -0.0971412144876
1658918111.091820240 -0.955207738178 2.16996016159 0.0201912319195 0.991417873294 -0.000929228842781 -0.00293600059809 -0.130694747203
1658918111.192377806 -0.999340819369 2.17067045321 0.0206244969889 0.986853033865 -0.000338576155991 -0.00200412955045 -0.161607420569
1658918111.293232441 -1.0446683846 2.17889445063 0.0208070916642 0.981812297697 -0.000611537438809 -0.00299868361847 -0.189829518279
1658918111.394098759 -1.07517964953 2.19924195581 0.0197141288187 0.978124124844 -0.000379711872856 -0.00315012950475 -0.207997906001
1658918111.494933605 -1.0994138308 2.21641454984 0.0174974921398 0.977584079838 -0.000470308678852 -0.00298113709681 -0.210523771764
1658918111.595798731 -1.12745216054 2.23396392276 0.0167706936273 0.979087656029 -0.000335308245549 -0.00164492892286 -0.203431913888
1658918111.696663857 -1.14058156146 2.23962621441 0.0188963057166 0.981412120027 -0.00113326677407 -0.00331020122894 -0.191880194231
1658918111.797499180 -1.14055651892 2.24369538566 0.0189817140014 0.98313341189 -0.00174683396496 -0.00414533198847 -0.182834513205
1658918111.898356676 -1.13171309985 2.24542954909 0.0196755163517 0.9839067799 -0.00125487881843 -0.00329156462294 -0.178647808125
1658918111.999234676 -1.11230488301 2.23871240787 0.0188084219356 0.98383664459 -0.0011549050598 -0.00303574057256 -0.179038842811
1658918112.100080252 -1.08116225161 2.22759609633 0.0209128683281 0.984075590963 -0.0015464150871 -0.00268577274655 -0.177723455108
1658918112.201173306 -1.04366734995 2.21263919966 0.0207735788562 0.985545384881 -0.00129307781245 -0.00294133049789 -0.169381140815
1658918112.301804066 -0.990331393085 2.19897401223 0.0209345298283 0.98719652907 -0.000826169755505 -0.00269222796898 -0.15948379963
1658918112.402675390 -0.940974321142 2.18073474999 0.0204514749439 0.988084094243 -0.00123307171114 -0.00298041977422 -0.153881185779
1658918112.503509998 -0.881121463207 2.15796632504 0.0212349467599 0.988274445882 -0.000165498793964 -0.00168099021579 -0.152678637989
1658918112.604387283 -0.832098526131 2.14227271984 0.023507416883 0.987702269068 0.000329588946165 -0.00216341274798 -0.156331182732
1658918112.705249786 -0.77334930964 2.12683057282 0.0236453045087 0.987349608294 0.000319993740097 -0.00155304941399 -0.158550423032
1658918112.805936575 -0.712521610356 2.11224981107 0.0252334027675 0.987340378718 -0.00070512384401 -0.00199379707508 -0.158601715394
1658918112.906923771 -0.662583755832 2.10100365881 0.0241387851759 0.987402350931 -0.000559916429445 -0.00161343165186 -0.158220354912
1658918113.007814407 -0.602941294071 2.08453240609 0.0239097884418 0.987630898766 -9.41144729195 -0.00200769701566 -0.156783826009
1658918113.108648777 -0.545441312327 2.06538518751 0.0237415202274 0.987924801799 0.000120899428976 -0.00226592856423 -0.154917516575
1658918113.209550858 -0.484764738928 2.0467445036 0.0283526000729 0.988197962492 -4.45092673643 -0.00253442771531 -0.153161227543
1658918113.310384750 -0.423782223035 2.03451439638 0.0275042034339 0.988163855957 -0.00021495766548 -0.00300662673378 -0.153372447878
1658918113.411227703 -0.357937039119 2.01196259336 0.0299281012114 0.98825169997 -0.00024288189566 -0.00344910129506 -0.15279601505
1658918113.512088537 -0.28033258303 1.9927549599 0.0334858668622 0.988237805859 -2.42902024473 -0.00355933382272 -0.152883516521
1658918113.612984180 -0.202056438661 1.97527518185 0.0311913975678 0.988576218671 0.000240890383964 -0.00363618358344 -0.150677735641
1658918113.713790894 -0.135461771244 1.96064296174 0.0308952885947 0.988595504566 0.000615583812243 -0.00268145102686 -0.150570113997
1658918113.814670563 -0.0709511757348 1.94684616754 0.0333460968521 0.988181799842 0.00113630062872 -0.00193508351129 -0.15327000598
1658918113.915524960 -0.0142760635094 1.93260312222 0.0343963733274 0.9870943023 0.00088355296677 -0.00123213010592 -0.160132880933
1658918114.016377449 0.041170400232 1.91300148811 0.0327057190764 0.985280368671 0.00108108969563 0.000388893416004 -0.170942315178
1658918114.117303610 0.093380534991 1.90071580529 0.0298619593665 0.982271853594 0.00175560890856 0.000920469373938 -0.187451530297
1658918114.217956543 0.145802118926 1.87408441166 0.0338159365937 0.978118494774 0.00230228320284 0.00122729309437 -0.208032217276
1658918114.318971634 0.199479960622 1.8431541225 0.0347763903097 0.974113762358 0.0022093543938 0.00144772804534 -0.226042918096
1658918114.419803619 0.263415613623 1.80681498546 0.0364986243168 0.97040431081 0.00276305771536 0.00231660628791 -0.241459049133
1658918114.520712137 0.321507349244 1.77874112272 0.0350611062079 0.966819294808 0.0025081476112 0.00306131621684 -0.255430594732
1658918114.621472120 0.380613681505 1.74057936263 0.0361168549401 0.963314255792 0.00258805609191 0.00371197062106 -0.268337786805
1658918114.722413540 0.441926551456 1.70814051122 0.0353784774483 0.959814252669 0.00269757790976 0.00394593619241 -0.280595354621
1658918114.823223591 0.505364961808 1.67041948519 0.0316363863383 0.95669386796 0.00254845604172 0.00385181405282 -0.291059292771
1658918114.924083710 0.558451360394 1.63094606649 0.0316150838817 0.953123525057 0.00312469860886 0.00307599630775 -0.302549699204
1658918115.024929047 0.605685764768 1.587258751 0.0295578692853 0.948912346952 0.00377080274458 0.00350986849588 -0.315497733227
1658918115.125946999 0.656790884065 1.54565289896 0.0337981240855 0.943420375192 0.00327936690091 0.00161556702688 -0.331578997177
1658918115.226637363 0.701197525847 1.50172657772 0.0350504002037 0.938330006715 0.00406464888949 0.00209441251209 -0.345710703571
1658918115.327556849 0.750577606534 1.45225847371 0.0319272649662 0.933205535074 0.00487257349815 0.00199860735353 -0.359304457116
1658918115.428668022 0.793669923866 1.40684742925 0.0296667089794 0.928296375304 0.00480737890676 0.00138516292733 -0.371807490549
1658918115.529232025 0.832144153484 1.36647347688 0.0326380830227 0.922456638711 0.00590733709706 0.00128347987791 -0.386053371628
1658918115.630081892 0.876041091468 1.31964856689 0.0307558512573 0.916920833869 0.00560503096139 0.00124259607921 -0.399027848653
1658918115.730856657 0.900966130595 1.28032830352 0.0333387085728 0.911252635496 0.00553695985417 0.000281714229274 -0.411810511052
1658918115.831695080 0.927764375391 1.24105364457 0.0313017986744 0.905580677913 0.0051499100325 -0.000629276410168 -0.424142332511
1658918115.932675123 0.959230693659 1.19408029414 0.0243011689049 0.899855154335 0.00558949024281 0.000216854138975 -0.436152968338
1658918116.033516884 0.991433450039 1.14756507644 0.0260752561006 0.895303899207 0.00530479213449 -0.000141900705342 -0.445424255186
1658918116.134381294 1.02534114809 1.10465974126 0.0275411505175 0.89044386232 0.00431989969079 -0.000808307382914 -0.455071876919
1658918116.235220909 1.0483930232 1.05895253975 0.0324967444276 0.886563776462 0.00490540557092 0.000122707091032 -0.462580362969
1658918116.336099148 1.06052044804 1.02321791964 0.0358760077722 0.88431798864 0.00617761445317 0.00212806516599 -0.46683937643
1658918116.436989784 1.06177985347 1.01926670668 0.0338886016567 0.882904160821 0.00616321066099 0.00193713689634 -0.469508791333
1658918116.537820101 1.0539779237 1.03146884551 0.0348261175584 0.883543506923 0.00478590637754 -0.000276666120684 -0.46832455619
1658918116.638679504 1.03650450764 1.05037320798 0.0356064194495 0.884786857751 0.00489712926605 0.000452118982595 -0.465969988372
1658918116.739508629 1.00616148255 1.08729100057 0.0343102926943 0.88567575273 0.00468574767429 -0.000630385635408 -0.46428020355
1658918116.840371609 0.969336594334 1.139749155 0.0336276573809 0.885272626215 0.0050704952147 -0.000789343817992 -0.465044131551
1658918116.941228390 0.925749707778 1.20909326238 0.0385782250231 0.889494904832 0.00594213411962 -0.000333252096972 -0.456906329856
1658918117.042093277 0.888248760287 1.27435914982 0.0350161002274 0.892762048217 0.00559779997857 -0.000339518133157 -0.450493589994
1658918117.142927647 0.841095219968 1.33996797885 0.0333590366195 0.893609921367 0.00574378526803 -0.000104502171135 -0.448807649717
1658918117.243776798 0.801766305778 1.39699562206 0.0312193949369 0.893898030283 0.00583485763496 0.000395145912705 -0.448232205171
1658918117.344648361 0.765445881342 1.4444793321 0.0277985224387 0.894594482829 0.00578210121939 0.00111770063791 -0.446840048946
1658918117.445526600 0.731164853245 1.49584465323 0.0303975277911 0.89598048997 0.00573577020859 0.000724215438813 -0.444055782583
1658918117.546358585 0.701186621104 1.53984383633 0.0307470700622 0.894427834902 0.00522861677934 0.00111945687276 -0.447180340059
1658918117.647125721 0.673574993175 1.58718229319 0.0316629462789 0.894603302916 0.00501214392278 0.00238705907882 -0.446826712243
1658918117.747931004 0.641070092986 1.62900175701 0.0324461712419 0.894397620437 0.0052140131718 0.00283087715193 -0.447233380639
1658918117.848998547 0.609619176387 1.66569214137 0.0340276666266 0.893611632865 0.00440299427461 0.00181766260775 -0.44881572984
1658918117.950162888 0.576583202901 1.7082437273 0.0341668723829 0.893436077417 0.00396684417852 0.00167185687472 -0.449169728067
1658918118.050658941 0.537830024947 1.7525774378 0.0360456424474 0.89338305729 0.00325074813239 0.00159502830292 -0.449281205337
1658918118.151506901 0.515052232442 1.79433319628 0.032444183151 0.891971195934 0.00337510959404 0.00294537068034 -0.452070037771
1658918118.252396107 0.474254320246 1.84165173601 0.0350353434592 0.891726557358 0.00304077492021 0.00207271004485 -0.452559614264
1658918118.353203058 0.439349740253 1.88719143023 0.0355000867144 0.892256984926 0.0024142778903 0.00234193354984 -0.451515403348
1658918118.454122066 0.402855975067 1.93327448834 0.0361715611355 0.892440245451 0.00182224131086 0.00328587625745 -0.451149964816
1658918118.554938555 0.36183253625 1.98282553029 0.0415933552514 0.893139261094 0.00166587185163 0.00155108823524 -0.449774476031
1658918118.655844688 0.324761705734 2.02879582744 0.0400446904867 0.892766681676 0.000882198038883 0.00150457651409 -0.450515937637
1658918118.756508350 0.279664919652 2.08412567196 0.0375185508588 0.892382840456 -0.000119811323854 0.00124741071114 -0.451277404345
1658918118.857533932 0.240660468028 2.13144558794 0.0352273130548 0.892621207783 -0.0011921550546 0.000447567272549 -0.45080567639
1658918118.958287001 0.210830580004 2.17194514022 0.0350868426239 0.892331176601 -0.00193576752592 -0.00028172731919 -0.451377053802
1658918119.059086800 0.177384678049 2.21786525591 0.034600814195 0.892697959795 -0.00262402301323 -0.00105360530774 -0.450646598785
1658918119.160094261 0.146648851318 2.26061767055 0.0347680669118 0.892502262356 -0.0034762569034 -0.00153221022454 -0.451026916779
1658918119.260959625 0.121051521316 2.29908705504 0.034568713209 0.892926116546 -0.00409102051232 -0.0022907386003 -0.450178816092
1658918119.361776352 0.091931699749 2.33965347942 0.0322903199205 0.892994650329 -0.00428639988693 -0.00257433530077 -0.450039502775
1658918119.462713242 0.0668790823424 2.36933007416 0.033723411163 0.89284820943 -0.00409005893872 -0.0036182596047 -0.45032461018
1658918119.563485146 0.0551364986215 2.38649525162 0.0332618248686 0.893442858105 -0.00396256176713 -0.00395478398076 -0.449141978765
1658918119.664396048 0.0512842409361 2.39444512588 0.0320175698506 0.894494699848 -0.0039407015346 -0.00408299339222 -0.44704253934
1658918119.765220881 0.0474248010813 2.39260662938 0.0327881724119 0.89464691577 -0.00376454513804 -0.00348636508623 -0.446744411897
1658918119.866122723 0.0464653724891 2.39886843496 0.0333712520145 0.894200853005 -0.00373189512524 -0.00357321960677 -0.447636168718
1658918119.966942787 0.0461868618376 2.39809537563 0.0331745983362 0.894282132676 -0.0037449766417 -0.00371391308981 -0.447472512202
1658918120.067862034 0.0486100338622 2.39432119072 0.033655652607 0.895452052457 -0.00390832157564 -0.00404150250542 -0.445122469698
1658918120.168669939 0.0546235012899 2.38496701432 0.0334687042795 0.894996088275 -0.00416278448016 -0.00383231859646 -0.446038099865
1658918120.269525528 0.0750477565248 2.36045617798 0.0323785671515 0.894578012403 -0.00404141406089 -0.00313920253666 -0.446882526067
1658918120.370340109 0.0973524864769 2.33453355599 0.0343095250591 0.893587703923 -0.00382467911915 -0.00235686455401 -0.448866163146
1658918120.471199751 0.119550536694 2.31003851108 0.0361656696483 0.894354982802 -0.0037990966737 -0.00171758660931 -0.447338553556
1658918120.572052240 0.139376800318 2.28547909348 0.0365646982212 0.893803328179 -0.0033401168361 -0.00120137417661 -0.448445103503
1658918120.672876835 0.159044503722 2.26586816861 0.0375680655156 0.893526524817 -0.00321603408032 -0.00111368082189 -0.448997512563
1658918120.773868561 0.167750441033 2.25642924012 0.0391821685399 0.893758729364 -0.00275668722574 -0.000694761683824 -0.448539019113
1658918120.874645233 0.174285455934 2.25906798289 0.0396661204187 0.897264407115 -0.00287760909828 -0.00156362638241 -0.441481435808
1658918120.975536585 0.188060107472 2.26040911139 0.0397180463682 0.90630167214 -0.00311117745919 -0.000939309563142 -0.422618879547
1658918121.076326847 0.193662250417 2.26644735241 0.0390422407257 0.919535713819 -0.00322230311574 -0.00104763364398 -0.392991845001
1658918121.177281380 0.201897907774 2.27441652066 0.0378005746909 0.934370226185 -0.00354134387832 -0.000721478365948 -0.356285305297
1658918121.278097153 0.225530849785 2.27062170371 0.0362751944888 0.948317114408 -0.00382126300627 -0.000876181716513 -0.317299985464
1658918121.378980637 0.253892211754 2.25394375204 0.0361437196208 0.958436493964 -0.00341931462636 0.000572463760406 -0.285284888508
1658918121.479832649 0.287659050143 2.2294857633 0.0373199241933 0.964463944139 -0.00311237266134 0.00122977808452 -0.264193302788
1658918121.580546379 0.330618562279 2.19639757943 0.0407346895883 0.966259338575 -0.00244614170715 0.00228755932904 -0.257549362413
1658918121.681393623 0.362911623554 2.17229914584 0.0404962513443 0.965598634371 -0.00216721213411 0.00278608716154 -0.260013111614
1658918121.782392979 0.404303631932 2.14991319215 0.0450575276125 0.965525544906 -0.00196126909007 0.00291179307018 -0.260284646146
1658918121.884851456 0.439011062302 2.13323037639 0.0437751528558 0.965315040125 -0.000864825550931 0.00452391698707 -0.261047236264
1658918121.984019279 0.455580582583 2.12302869415 0.0414720260127 0.964018375328 -0.00054206837768 0.00403976883369 -0.265804361249
1658918122.084998608 0.456791604539 2.12366617697 0.0369961002917 0.963425218247 -0.000376476757085 0.00466526632161 -0.267936452168
1658918122.185671329 0.46044142066 2.12439602556 0.0352574906619 0.964240827202 -0.000946692426551 0.00374582745891 -0.264999433409
1658918122.286650658 0.464836920377 2.12764646115 0.0375091906197 0.964629273813 -0.0012915558387 0.00304859330726 -0.263589457425
1658918122.387517691 0.468620798273 2.12922658622 0.0394932260365 0.964359853838 -0.00108245045106 0.00346001101565 -0.264569327267
1658918122.488359451 0.465017536233 2.12686895064 0.0392373008186 0.964258911321 -0.00104988115337 0.00315158221472 -0.264940969307
1658918122.589192390 0.469524144221 2.12914197036 0.0393147240646 0.964392248644 -0.00096881110667 0.00381914424176 -0.264446717313
1658918122.690128088 0.46751091313 2.13002521046 0.0393208215277 0.964210810258 -0.00090476217729 0.00371886414128 -0.265109156456
1658918122.790824413 0.464043473085 2.13290604606 0.0408209428731 0.964422058824 -0.00109842623488 0.0033474864763 -0.264343867429
1658918122.891801357 0.466153800386 2.132241022 0.0400298422653 0.964197480348 -0.00086312295439 0.00392113331954 -0.265154857813
1658918122.992701530 0.462973915091 2.13570962548 0.0389541230126 0.964255458441 -0.00101851770025 0.00339807705735 -0.26495061155
