1658919908.366449356 0.00263239153301 0.00247990844005 0.0153343541255 0.999999768914 9.23340031631 -0.00066854585177 -8.18142498774
1658919908.467303276 0.0100981261487 0.00231234493113 0.0152940579655 0.999999740065 0.000372930389913 -0.000212696456511 0.000579269638103
1658919908.568095922 0.0298300020665 0.00474527531372 0.0127385727515 0.999992317834 -8.80668368525 0.000311120299739 0.0039063692448
1658919908.668980122 0.0596764165567 0.0114589596251 0.0102814732382 0.999930079044 -0.000846020278992 0.000897356946561 0.0117607832631
1658919908.769882202 0.0791139781693 0.0158292998349 0.00914509040699 0.999797395006 7.72810940115 -0.000165286078985 0.0201279817096
1658919908.870535851 0.0713510361186 0.0103029832917 0.0131735427931 0.999821196265 0.00172825633267 -0.00466276215187 0.0182441025438
1658919908.971495628 0.0651374003847 0.00134915734919 0.00893092732211 0.999985424192 0.0010721625195 -0.00310271732586 0.00428660890477
1658919909.072307587 0.0848485945051 -0.00454547777573 0.00446035992537 0.999931302464 2.62767199291 -0.00154508312743 -0.0116190524802
1658919909.173323631 0.116245500489 -0.00723342774165 0.00591936862501 0.999713661477 -0.000222342977544 -0.000155365553694 -0.0239274211318
1658919909.274147987 0.157293918141 -0.00599055460245 0.0100443424638 0.999459291882 -0.000436767501113 0.000581994236133 -0.0328723955109
1658919909.375017881 0.202078563519 -0.00418151070837 0.0119777727016 0.999254985018 -0.000815951121351 0.000786416453201 -0.0385770746574
1658919909.475871563 0.249738868591 -0.00357940618915 0.0129244471988 0.999110637984 -0.000570281878977 0.000940572963592 -0.0421511941426
1658919909.576715469 0.298394901022 -0.00283970821046 0.0167885179968 0.998935096422 0.000357963229472 -0.000407433074253 -0.046134358098
1658919909.677582264 0.348128763916 -0.00393195946172 0.0158779461099 0.998740187846 -0.00073068269985 0.00152799993612 -0.0501514556232
1658919909.778470516 0.395128837175 -0.0069705932317 0.0181745366371 0.998475923769 0.000242943306372 1.6119277765 -0.0551884985514
1658919909.879326820 0.443802133359 -0.0121839529572 0.0192702672801 0.998166920071 0.00018664808619 0.00010595935976 -0.0605206874615
1658919909.980193138 0.49164928065 -0.017847144996 0.0182784490024 0.997849001896 0.000156905675597 -0.000145415406934 -0.0655539750925
1658919910.081046581 0.539996666587 -0.0257106595203 0.0193251535376 0.997518152251 3.65805058082 -0.000159573221888 -0.0704095812165
1658919910.181903362 0.587809799385 -0.032599525145 0.0194552300481 0.997515624507 0.000285227227106 -0.000784965877544 -0.0704406227906
1658919910.282699108 0.646377919892 -0.0393747922577 0.0170720279033 0.997747146308 0.000276149577633 -0.000297739327122 -0.0670855209864
1658919910.383568287 0.701708572005 -0.0471204367832 0.0178490010383 0.998181329979 0.00072581550713 -0.000813499827133 -0.0602730776648
1658919910.535834074 0.754059616101 -0.0457256406362 0.0208196900266 0.998785729889 0.000870757190875 -1.87943383235 -0.0492575598072
1658919910.585367918 0.771857975774 -0.0457920135957 0.0223539675114 0.999403885051 0.00115198746592 2.72199044606 -0.0345043001382
1658919910.686080933 0.776669057449 -0.0469554634052 0.0286717430429 0.99986684621 0.00209929924568 -0.00320607819523 -0.015862025584
1658919910.786974907 0.780668257439 -0.0471135140924 0.0342930068563 0.999986760637 0.00191078105472 -0.00389371623919 0.00276883363594
1658919910.888041019 0.763906942653 -0.0484686796878 0.0299136397312 0.999605512152 0.00123572952202 -0.002777605993 0.0279209231967
1658919910.988754749 0.737386522191 -0.0498534577054 0.0283466047237 0.998379598333 0.00057852122096 -0.00173040258384 0.0568757299128
1658919911.089591742 0.708444599521 -0.046606927603 0.0259845465929 0.996086417047 -0.000198988690953 -0.00122831114893 0.0883759097783
1658919911.190451145 0.669626106324 -0.0483006762581 0.0253493992613 0.993126920841 0.000474386446799 -0.00304068455798 0.117001915779
1658919911.291319370 0.626162210324 -0.0499316210125 0.0233990131388 0.990172249147 0.000294385804241 -0.00327202421619 0.139814606583
1658919911.392185211 0.59067280374 -0.0523123881487 0.0219659898172 0.987656114269 1.67974343775 -0.00168122721488 0.15662877494
1658919911.493000031 0.545654339529 -0.0564765990189 0.020699936388 0.98518407772 7.8993125875 -0.00181623559909 0.171490624327
1658919911.593858004 0.500041823928 -0.061920018695 0.0187348526209 0.983145096659 3.61899345305 -0.00147108175714 0.182821097041
1658919911.694728851 0.458047116272 -0.0707485593074 0.018639276683 0.981858418327 4.02153118523 -0.00104911591293 0.189612615876
1658919911.795379639 0.417625279542 -0.0803793486363 0.017294745811 0.981146138503 -0.00024035477157 0.00173689030876 0.193259360298
1658919911.896446228 0.380552555541 -0.0939973304981 0.0194412065021 0.980285999654 0.000531637365661 -0.000325621602082 0.19758281862
1658919911.997294426 0.343935435843 -0.108257931446 0.0201564045032 0.979586082611 0.00030219824707 0.00075704377635 0.201023486974
1658919912.098172188 0.306523084403 -0.122187113188 0.0217029116976 0.97924808769 0.000477621063878 -0.000455169518816 0.202664124736
1658919912.198998690 0.266679386225 -0.139822528197 0.0201585548267 0.979217935101 0.000201636367524 8.0860353484 0.202810720578
1658919912.299917459 0.229741921797 -0.155943949576 0.019211045479 0.979386523963 0.000818331394274 0.000270589389407 0.201993301362
1658919912.400735140 0.187575202671 -0.177806003077 0.0198554176057 0.979725334677 0.000774907527555 5.48666270078 0.200343867138
1658919912.501601696 0.138552471639 -0.202744504659 0.0228276251822 0.97985619909 0.00109003510769 -0.00031214798995 0.199701135429
1658919912.602416039 0.0887138362264 -0.221441915786 0.0217552469901 0.979534436723 0.00149152433716 -0.00166072563785 0.201264265628
1658919912.703319073 0.0421531255038 -0.242020438393 0.0217712959363 0.979311496115 0.00112589787236 -0.00125028819313 0.20235158193
1658919912.804201841 -0.00407622583052 -0.258375484001 0.0200360275519 0.979166575296 0.0011803289186 -0.000724834111696 0.203053931906
1658919912.905030727 -0.0455944651962 -0.27942193651 0.0183474791506 0.979126490973 0.00138699464387 -0.000873510602545 0.203245240781
1658919913.005863905 -0.096069194246 -0.305043119959 0.0178624725348 0.978823327587 0.00156741768889 -0.00147025026708 0.204695566483
1658919913.106926918 -0.156233644641 -0.33146546613 0.0171596357946 0.977484458701 0.00146317396151 -0.00283379385982 0.210983320982
1658919913.207635164 -0.219968752595 -0.359341407828 0.015323071791 0.974454238974 0.000800664048982 -0.000404227740263 0.224584353158
1658919913.308436871 -0.278115647377 -0.382255387077 0.0143555186146 0.971033208059 0.00104691803069 -0.00112050426776 0.238939651962
1658919913.409367085 -0.330307995823 -0.407970399963 0.0156268750466 0.967547077642 0.000650992854055 -0.000462704994789 0.252689561834
1658919913.510170698 -0.371932582577 -0.434215607335 0.0143835258757 0.964153208824 0.000381795803394 -0.00183183124093 0.265339572136
1658919913.610980511 -0.421612244111 -0.462487712666 0.0141631088445 0.960539758356 0.000448661066445 0.000245846825397 0.278142249361
1658919913.711920738 -0.466533820903 -0.483718776908 0.0131062985684 0.956782477805 0.000578499048358 -0.00228352562484 0.290795015457
1658919913.812725067 -0.511269574755 -0.507934555005 0.0133839517048 0.952559130817 0.000554078435425 -0.00326902672971 0.304335520041
1658919913.913651466 -0.556915905505 -0.536090754189 0.0139593754699 0.948127890295 0.000622501042266 -0.00424682883775 0.317860158846
1658919914.014455080 -0.600559950194 -0.562124671965 0.012917648899 0.944092460667 0.000860183730285 -0.00178739049065 0.329674826201
1658919914.115184784 -0.635658459782 -0.586254176999 0.00796792670378 0.941786703194 0.00126445979713 -0.00238537512418 0.336200114237
1658919914.216127872 -0.667445845341 -0.608318779166 0.0102954293345 0.94122334657 0.000677251401937 -0.00533532645642 0.337742042829
1658919914.317059517 -0.701278141623 -0.640732550736 0.0073125889484 0.941592486761 0.00125048741514 -0.00602266816764 0.336698310992
1658919914.417871952 -0.74091187858 -0.674342819088 -0.00166699800993 0.942066228361 0.00116610168105 -0.00131652670682 0.335422313428
1658919914.518744707 -0.775680161563 -0.70837163875 0.00197770214819 0.942446675323 0.000468199722844 -0.00373188752998 0.334335337613
1658919914.619447708 -0.813655814499 -0.743635013787 -0.00144586491557 0.943541144125 0.00104470919345 -0.00149711010187 0.331250323149
1658919914.720464230 -0.850387342847 -0.780641163932 -0.00172797288374 0.945307640217 0.000628062656393 -0.00405258795027 0.326154330672
1658919914.821296692 -0.882514802865 -0.816478395139 0.00202610099495 0.947808973862 0.000659760080523 -0.00564057240404 0.318788170617
1658919914.922164440 -0.913677351144 -0.841381200483 0.00173886225452 0.950055558923 0.000549431977362 -0.00342139854147 0.312061575841
1658919915.023007870 -0.942004581371 -0.857838732073 0.0036255662376 0.95160080866 -0.000358669672003 8.31467031839 0.307336578111
1658919915.123894215 -0.957375740919 -0.859613949296 0.0020386066769 0.951927424714 8.85099181236 -0.00325936308489 0.306306295718
1658919915.224720478 -0.956580752852 -0.851648647429 0.00283344002505 0.951388918402 4.09688990218 -0.00323886480953 0.307975054214
1658919915.325621843 -0.946868073287 -0.836436073373 0.000985837657092 0.950440866551 0.000301044998318 -0.00453639359995 0.310872143645
1658919915.426436901 -0.92517537614 -0.817833083051 0.000543665840926 0.950106963723 0.000571690932028 -0.00349669318543 0.311904158022
1658919915.527331829 -0.897354141243 -0.797464073382 0.00225009598312 0.95086194582 0.000276191143774 -0.00570151144421 0.309562556645
1658919915.636343479 -0.861640943448 -0.778139419062 0.00131432993274 0.951852375768 0.000608267731733 -0.00317147232128 0.306539763357
1658919915.729039907 -0.822515990462 -0.762528726916 -0.00119352042177 0.954228194547 0.000715533048163 -0.00286096327361 0.299064968915
1658919915.829867363 -0.770071399007 -0.747464342527 0.000804673646376 0.957669152628 0.000711045360287 -0.00227118601574 0.287861303815
1658919915.930716038 -0.711869264935 -0.725383373693 0.00231700349215 0.962037262837 0.000640719543059 -0.00304098611193 0.272900433848
1658919916.031588554 -0.656102939963 -0.710029062109 0.00445017823908 0.966511045833 0.000873710357532 -0.00180693350465 0.256617166036
1658919916.136460304 -0.609925917397 -0.691147108187 0.00772525263636 0.971241103561 0.000519025976085 -0.00235914660392 0.238085874828
1658919916.233303308 -0.560516839123 -0.673275274364 0.00990981191167 0.97507034103 0.000930448953677 -0.00160195937796 0.221888255739
1658919916.334187984 -0.516994437432 -0.655288838323 0.0124098024405 0.978498022758 0.00124893425431 -0.00276794336901 0.206233843273
1658919916.435020208 -0.475388198939 -0.640435274516 0.0158185949455 0.98144597142 0.0012560959602 -0.00228200166924 0.191721203509
1658919916.535924673 -0.43284563676 -0.625561249111 0.0149827362853 0.984008585058 0.00104876192863 -0.00174905697331 0.178109363681
1658919916.636675835 -0.391753042236 -0.610892530433 0.0152368632444 0.986514832903 0.000762321610223 -0.000922823370614 0.16366750357
1658919916.737571716 -0.344219312482 -0.594807935242 0.0167659406321 0.988777020936 0.00058734973244 -0.000199914549072 0.149397516457
1658919916.838517666 -0.303004646396 -0.588554110891 0.0186041900179 0.990771267669 5.83498226687 0.00227606643829 0.135525316006
1658919916.939154625 -0.277950545176 -0.591305021327 0.020829526404 0.993093973354 0.00130653162772 -0.00156614264398 0.117303879985
1658919917.040157795 -0.243039857331 -0.589787737107 0.024380549703 0.994850492585 0.00125563572646 -0.00240536919162 0.101317002432
1658919917.141022682 -0.21032730858 -0.578020442874 0.0228226037771 0.996374054586 0.00037642104719 0.000446021815782 0.0850788030007
1658919917.241855860 -0.161459537876 -0.567373036106 0.022123143631 0.997229297991 0.000689425034128 -0.000577801069203 0.0743835873495
1658919917.342645168 -0.113810632864 -0.559354890377 0.0222534171173 0.998011310982 0.00040027508145 0.000490338652354 0.0630319165168
1658919917.443601370 -0.066003006899 -0.550582185321 0.0234408949878 0.998573884244 0.000739718989737 -0.00125348494349 0.053367399198
1658919917.544396400 -0.0128464180438 -0.542696482184 0.0230304247315 0.999020909733 0.000400983657789 4.70574074938 0.0442386585876
1658919917.645296335 0.0402972258221 -0.535591808593 0.0226785044397 0.999317710751 0.000523901168212 -0.000366863098363 0.0369283619875
1658919917.746266603 0.0921711469141 -0.525715607557 0.0217095998736 0.999488873656 0.000149791529934 0.000910981789425 0.0319552673654
1658919917.847052574 0.140394472308 -0.523435809044 0.0206685033063 0.999633513747 0.000215323278247 0.000946823444583 0.0270535645512
1658919917.947901726 0.18951783619 -0.522825409917 0.0225553074101 0.999740033982 0.000796985261138 -0.00079019427996 0.0227728975059
1658919918.048747301 0.233712584672 -0.523723673065 0.0223208410268 0.999856628155 0.000423571061109 -0.000313769661851 0.0169246941108
1658919918.149647236 0.273284994942 -0.530428832385 0.0223735083268 0.999973148568 0.000348802140726 -0.000437347113876 0.00730679183063
1658919918.250443697 0.317011540775 -0.538694111312 0.0230631916442 0.99998324534 0.000647005489381 -0.000726850341805 -0.00570632205031
1658919918.351310730 0.359355210521 -0.555120646372 0.0247518215289 0.999812149028 -0.000389518979405 0.00171997658912 -0.0193017255839
1658919918.452063084 0.410778737513 -0.55759447184 0.0247376756034 0.999359031638 0.000468778716912 -0.000718177453658 -0.0357881314205
1658919918.553026676 0.467310194036 -0.561103244094 0.0257280964111 0.998663593599 0.000741812191843 -0.00149567114464 -0.0516550046135
1658919918.653757572 0.520423574717 -0.564587091872 0.0252122222039 0.997635735682 0.000708872333929 -0.0012297436257 -0.0687089813628
1658919918.754759789 0.576021878613 -0.573052424664 0.0245255087461 0.996435304228 0.000587002545439 -0.00139146077109 -0.0843469249741
1658919918.855577230 0.63406191528 -0.578914162213 0.0224392599554 0.995035503092 -0.000504508840919 0.000401325911619 -0.0995185007666
1658919918.956437349 0.694521284899 -0.591078969058 0.0225322089118 0.993598801349 0.000530907948806 -0.00120616142403 -0.112958776857
1658919919.057338476 0.755007894893 -0.610848010991 0.0264171641185 0.991800593186 0.000394993117345 -0.00136355105622 -0.127787198359
1658919919.158993244 0.81333655441 -0.62928812262 0.0296192587361 0.989916741411 7.20538863258 -0.00188666618583 -0.141637849365
1658919919.259071827 0.877696386829 -0.6419395245 0.0296504644186 0.988354440543 0.000128877583355 -0.00235982362449 -0.15215095952
1658919919.363580942 0.945704189178 -0.654468262954 0.0257533156235 0.987576257869 0.000296149523416 -0.00164093401763 -0.157131647112
1658919919.460740566 1.00719398459 -0.659192919076 0.0258840116172 0.987615231654 0.000108676477914 -0.000759817059319 -0.156893483203
1658919919.566911697 1.07472651826 -0.678046540544 0.0285923666666 0.988015325302 3.03228936719 -0.00022117247829 -0.154355651442
1658919919.662453890 1.11897974833 -0.697626089704 0.0287283590807 0.988163391348 0.000129245202893 -3.37790544587 -0.153405000418
1658919919.763289928 1.14189106494 -0.709194776392 0.0252612268417 0.986805462395 -0.000304278432894 0.00105764964779 -0.161906665022
1658919919.864257336 1.14808116635 -0.715674319874 0.0241647337552 0.985530276015 -0.000798396745877 0.00239593101553 -0.16948066891
1658919919.965004444 1.14455346595 -0.707588496092 0.0262942503168 0.985781575716 -0.000541705588766 0.000937823577819 -0.168028307203
1658919920.065875053 1.12902295109 -0.694732042278 0.0287184586091 0.986582595292 -0.000726330537957 0.000908406588833 -0.163258782025
1658919920.167029381 1.10983919711 -0.688654051244 0.0285080433433 0.988236500639 -0.000785234329309 0.000605989730699 -0.152930163763
1658919920.267597675 1.08307835548 -0.680986327047 0.0281115114675 0.989123546505 -0.000376483011926 -0.000286224871419 -0.147086321881
1658919920.368454933 1.05310573155 -0.674890394101 0.0278633185857 0.989869409982 -0.000492777922908 -0.000271758096958 -0.141979697493
1658919920.469187260 1.03060973755 -0.658776345894 0.0277915704627 0.991489851175 -0.000507792432079 -0.000157022271215 -0.130182919418
1658919920.570134640 0.988910608856 -0.650534155967 0.0268429276398 0.993114957199 -0.000366513901327 -0.000885847255349 -0.117139927994
1658919920.670909166 0.946084040815 -0.640824283661 0.0252008317188 0.994503369296 -0.000426140089075 -0.000697904930078 -0.104701383908
1658919920.771773338 0.903755977442 -0.628898062843 0.0270752801777 0.99559577351 0.000195600881786 -0.0019429294936 -0.0937296246328
1658919920.872751236 0.863535843496 -0.622240653489 0.0266171498683 0.996299408884 -0.000579870203187 -0.00094175448948 -0.0859433808173
1658919920.973600149 0.814693384117 -0.614527680765 0.0241610049981 0.99674536857 -0.000563985868191 -0.000977041774549 -0.0806064361147
1658919921.074471474 0.767030053698 -0.611282264119 0.0225864809274 0.996948885533 -0.000142979531773 -0.000766028831952 -0.0780532663738
1658919921.175283909 0.716025418299 -0.605035312423 0.0235559045164 0.997055683133 0.000231165425573 -0.00102442044749 -0.0766737364305
1658919921.276161671 0.668661018019 -0.597912966707 0.0220757119059 0.997186908075 -0.000206433745419 -0.000228469670946 -0.0749544898576
1658919921.377036572 0.613387269661 -0.591382031473 0.0185563049542 0.997241719331 -8.22996993741 -0.000219132746936 -0.0742219538439
1658919921.477883339 0.557248959671 -0.58427268044 0.0165412250254 0.997198692476 -7.64997309631 -4.16452390204 -0.0747981292422
1658919921.578747988 0.49863882834 -0.575576654796 0.017827227794 0.997095918203 0.000351247856461 0.00020137851711 -0.0761548814903
1658919921.679431915 0.444104509323 -0.566797960938 0.0215391366178 0.997106475535 0.000638501038328 -0.000329766817818 -0.076014209301
1658919921.780435562 0.386361742484 -0.558418317887 0.0240409703482 0.997223756406 0.000344132426433 0.000280854260616 -0.0744619523811
1658919921.881308556 0.327216883353 -0.549026572141 0.0243314067564 0.997232282623 0.000274276922839 0.000389385146221 -0.0743474790789
1658919921.982153416 0.26439202239 -0.542674333443 0.0220008779696 0.997224907355 0.00116550544321 -0.000358509267311 -0.0744378748984
1658919922.082953453 0.203940496278 -0.534196252815 0.0220241701488 0.997329736086 0.00164935858309 -0.000977759823443 -0.0730049390186
1658919922.183908463 0.145412202286 -0.526471960126 0.0209976843754 0.997599442628 0.00135503886014 -0.000493732108624 -0.0692334613159
1658919922.284691811 0.0879496632902 -0.517875560396 0.0220767100676 0.998048719435 0.000959389057065 -0.000223427241123 -0.0624322295518
1658919922.385611057 0.0290983069918 -0.512904596827 0.0230050191316 0.998391029973 0.00141416075262 -0.000943665337939 -0.0566785754369
1658919922.486404419 -0.0344882511425 -0.510897628197 0.0228990595728 0.998600509446 0.00145721060976 -0.000762599421709 -0.0528613045067
1658919922.587280273 -0.0942261766188 -0.504754856883 0.0239276381705 0.998897987694 0.000623816413228 0.000561670942807 -0.0469265975644
1658919922.688082218 -0.152267508783 -0.499016106409 0.0235917782118 0.999176420282 0.000469516161877 0.000968874823604 -0.040562568802
1658919922.789038658 -0.210943203004 -0.492639040669 0.0211714001646 0.999367632052 0.00179684783561 -0.000909892186297 -0.0355004146687
1658919922.889881134 -0.273693720188 -0.487894892786 0.022347624478 0.999568709549 0.00113053578685 0.000718151141558 -0.0293360024154
1658919922.990736485 -0.338674337753 -0.486944621468 0.0204297673986 0.999743195033 0.000769781025001 -0.000246315766605 -0.0226470914573
1658919923.091572762 -0.402699864937 -0.483389343504 0.0201527654591 0.999893924416 0.00115930522953 -0.000305718613377 -0.0145155938207
1658919923.194989204 -0.467629793083 -0.480227633945 0.0219998388679 0.99998326085 0.00147566227174 -0.000812167563481 -0.0055354154704
1658919923.293313980 -0.533991622172 -0.482453757534 0.0207717246337 0.999989393311 0.00222898189738 -0.0020402259939 0.00347597228141
1658919923.394082069 -0.596555683026 -0.482759917081 0.0203412713291 0.999908015698 0.00219887406547 -0.00245106377331 0.0131574079084
1658919923.495013237 -0.660812439374 -0.48818996379 0.0188590893366 0.999712088949 0.00255193789862 -0.00273869602793 0.0237007672163
1658919923.595766544 -0.72656365827 -0.480714967215 0.0190301994219 0.999483764992 0.00218827120431 -0.00192176266301 0.0319956530595
1658919923.696744442 -0.79561082137 -0.479031220072 0.0187920572488 0.999149500472 0.00247718157867 -0.00343029112241 0.0410167329373
1658919923.797599792 -0.860723463436 -0.485427462231 0.0160911642177 0.998714165857 0.0027761129988 -0.00517152461239 0.0503543786232
1658919923.898441553 -0.924703567312 -0.49457658487 0.0130324141388 0.998164994813 0.00303953194804 -0.00577383683961 0.0602002257728
1658919923.999346018 -0.980208151787 -0.494471431043 0.0112381142249 0.997674491166 0.00374403757873 -0.00629012257671 0.0677644908355
1658919924.102441311 -1.04058236025 -0.503491573812 0.010097669681 0.996981204162 0.00320552574777 -0.00454283119845 0.0774439528757
1658919924.200912952 -1.09596882417 -0.511289544485 0.00991912073642 0.996228064537 0.00287470976506 -0.00533097490416 0.0865618864125
1658919924.301877022 -1.15311309927 -0.517668896815 0.00942611977137 0.995517148104 0.00176193734515 -0.00251560343492 0.0945313447886
1658919924.402761221 -1.2136265278 -0.523264021028 0.00969023661868 0.994808106008 0.00193356950584 -0.00393526642065 0.101674024252
1658919924.503610611 -1.27103770661 -0.536369087698 0.00789580257691 0.993836255544 0.00150472409272 -0.00395189321429 0.110777323995
1658919924.604492188 -1.32131645533 -0.548871279058 0.0081007737989 0.992892080733 0.00144071288929 -0.00338969039153 0.118961129635
1658919924.705285549 -1.37195161527 -0.558376503023 0.0106070522051 0.991783752876 0.00128725291388 -0.00209239923274 0.127902120299
1658919924.806184053 -1.43009347441 -0.565501338446 0.0113637413239 0.990732148908 0.00128955309882 -0.00297318554996 0.135791407461
1658919924.907005310 -1.48806999861 -0.57815427608 0.00520182549169 0.989466155583 -0.000422509951475 0.00624399140437 0.144629046226
1658919925.007907867 -1.54393450381 -0.589930325998 0.00788069136348 0.987736912159 -0.000138471221033 0.00388052379071 0.156079193743
1658919925.108727694 -1.58920015844 -0.596103763177 0.00717367288644 0.986327546784 0.000597473083022 -0.00150207609218 0.164788826223
1658919925.209659100 -1.63648882827 -0.604505633635 0.00811589243721 0.98581104103 -0.000883768745229 0.000940955357406 0.167853879726
1658919925.310322285 -1.67037609878 -0.610481514348 0.00957013832007 0.985418540501 -0.000527068728493 -0.00113849705127 0.170143251586
1658919925.411327362 -1.69580012879 -0.617185202275 0.00979513831212 0.984422676485 -0.000446471774779 -0.000855778159484 0.175815421192
1658919925.512156963 -1.69556004546 -0.611771735205 0.0109391332891 0.983449993049 -0.000556544569701 -0.00148500054566 0.181172835171
1658919925.613028526 -1.68046624995 -0.601884049899 0.0121464094798 0.983388815788 -0.000486903813192 -0.00177201433761 0.181502231043
1658919925.713906765 -1.64577560771 -0.593783791469 0.0115967663213 0.983990209146 -0.000596335276885 -0.000898336700659 0.178219262934
1658919925.814724922 -1.61444009822 -0.586999594494 0.0120033450747 0.985252347138 -0.000423299885023 0.000197512197295 0.17110696732
1658919925.915593147 -1.57893484323 -0.582868370386 0.0135837604526 0.98610643706 -0.000274191070001 -8.79200632189 0.166114454154
1658919926.016441107 -1.5368082422 -0.578539872763 0.0139927314978 0.987406966269 -9.6868536107 0.00029948247592 0.158200454771
1658919926.117302418 -1.49745713098 -0.575710674883 0.015813399322 0.98898217126 0.000401408987017 -0.000790253677791 0.148032021199
1658919926.218190908 -1.46045431255 -0.568929782868 0.0153393297558 0.990416976522 0.000655585215876 -0.00046846461096 0.138107072104
1658919926.319034576 -1.43474350906 -0.553498050692 0.0143319075416 0.991143023005 0.000876775973803 -0.000714342540173 0.132793934076
1658919926.419863701 -1.4146807065 -0.532649597176 0.0146049501499 0.991169940104 0.000261843724895 -0.000614233203594 0.132596018001
1658919926.520592451 -1.39807752429 -0.516261400853 0.0149168899993 0.990782716763 0.000500657924887 -0.00156884622586 0.135450715119
1658919926.621575832 -1.37302288029 -0.502213517953 0.016741567853 0.990276497989 0.00158795688477 -0.00520448055227 0.139006652016
1658919926.722493172 -1.3506712808 -0.488229370823 0.0160010576102 0.989571523045 0.000937446829206 -0.00189359333524 0.144026859567
1658919926.823324203 -1.32530104347 -0.471379494602 0.0155724776192 0.98860345657 0.000815192321438 -0.00176527210459 0.150530478423
1658919926.924179077 -1.30003854414 -0.455098786758 0.0143506913213 0.987067126227 0.00057439074133 -0.00125829272921 0.160301513085
1658919927.025008678 -1.28651929838 -0.433825897528 0.0153349511605 0.984697729998 0.000577629111605 -0.00269280568433 0.17424923437
1658919927.125874996 -1.26827235178 -0.407625899746 0.0161653537352 0.981549858461 0.000520587178692 -0.00215980556787 0.191193461143
1658919927.226617813 -1.24182677852 -0.388667095863 0.0149385586016 0.978486845154 0.00110437755796 -0.00315771323781 0.206282095827
1658919927.327633858 -1.21472765993 -0.372312738522 0.0156803778806 0.975390632597 0.00144543692641 -0.00368871081283 0.220448220604
1658919927.428452969 -1.18759350662 -0.358469918809 0.0157031298516 0.972073016136 0.00130204666403 -0.00288899301463 0.234657217434
1658919927.529320240 -1.16847202582 -0.334591103946 0.01619396113 0.967916426748 0.00154572779174 -0.00424697710403 0.251231695338
1658919927.630173683 -1.14957473767 -0.313869262204 0.0174272449913 0.962640723137 0.00148057240537 -0.00632177460543 0.27070404731
1658919927.731045723 -1.13179073721 -0.289084394321 0.0173729720875 0.95664145984 0.00170823373244 -0.00549449957283 0.291211280221
1658919927.831974030 -1.11231186799 -0.267331862113 0.0185843200851 0.950531682513 0.00132085850487 -0.00714048777213 0.310542733462
1658919927.932743549 -1.09048585265 -0.24844338133 0.017501845047 0.944666355435 0.00167462744263 -0.0060952104055 0.327971829494
1658919928.033579826 -1.06426844804 -0.226644464845 0.0171384788172 0.939514302614 0.00121046525502 -0.00644435306606 0.34244690139
1658919928.134499550 -1.02999585567 -0.207421471458 0.014136451614 0.935356690864 0.00121163139209 -0.00569933648376 0.353657900192
1658919928.235302925 -0.993752573906 -0.189333116516 0.0141927718787 0.932337072014 0.000979122564304 -0.00493971746782 0.361555285757
1658919928.336182833 -0.952869891383 -0.172085196722 0.0148602897922 0.931264145874 0.00101407001539 -0.00450602941888 0.364315464907
1658919928.437032223 -0.914682490676 -0.154515402808 0.0167278092147 0.931009216044 0.00103888487529 -0.00435015996411 0.364968267755
1658919928.537874222 -0.879205961966 -0.131694613292 0.0176780756712 0.931179747195 0.0013989536113 -0.00401481806216 0.364535598507
1658919928.638736725 -0.847436386332 -0.0965740003606 0.0179170326819 0.930737316164 0.00116027124436 -0.00361652152915 0.365668733751
1658919928.739478111 -0.813352836406 -0.0590162437822 0.0189368584443 0.929957607026 0.000925898138488 -0.00100919596193 0.367664212795
1658919928.840429783 -0.775801836264 -0.0157285235547 0.0197250089578 0.929310425303 0.000466161397883 -0.000702134393518 0.36929855554
1658919928.941273451 -0.731926253357 0.0308279679629 0.0213710351225 0.929022897899 0.000296620279469 -0.00123437495918 0.37002005826
1658919929.042170286 -0.685697921676 0.0739453753102 0.0198174438943 0.928821490766 0.000260097936589 0.00201701062287 0.370521932289
1658919929.143054485 -0.640969537532 0.116105181081 0.0175224855115 0.929436772695 0.000307902619891 0.00316791188435 0.368967688413
1658919929.243866682 -0.593193293697 0.151953478058 0.0150870389014 0.929946837192 -0.000457751420598 0.00273598590703 0.367683538987
1658919929.344724178 -0.548930889868 0.193348348442 0.0149288049631 0.930504674345 -0.000565675196829 0.00444313023656 0.366252630882
1658919929.445554495 -0.50636852126 0.237851822433 0.0151994396635 0.931083207807 -0.000354609701507 0.00207913069471 0.364800783451
1658919929.546376944 -0.461130827122 0.27821759993 0.0126410393983 0.932762216595 -0.00136931674993 0.00137977453648 0.360486987957
1658919929.647312164 -0.417363155396 0.315422367982 0.0116813707636 0.933347314521 -0.00164227502268 0.00305674737391 0.358957866196
1658919929.748166561 -0.373415715478 0.355567431143 0.0100567493424 0.934546077605 -0.00107794036944 0.00316665495076 0.355826417195
1658919929.849055529 -0.32453902923 0.399137559891 0.0105082189671 0.935942271215 -0.00104816196457 0.000415515105859 0.352151662863
1658919929.949903727 -0.279729493581 0.442712828068 0.0135075164638 0.938250217934 -0.00114779941963 -0.000456455218121 0.34595520339
1658919930.050730705 -0.233583390523 0.482992920282 0.0182859308551 0.940470531741 -0.00110729148833 0.00122160176786 0.339871241091
1658919930.151585579 -0.1869251851 0.520241907378 0.0199673030807 0.943549651062 -0.00130824771084 0.00110236766896 0.331226703717
1658919930.252444744 -0.140104350247 0.557143568067 0.0196540311759 0.947188358419 -0.00186320126073 0.000778565821028 0.320671383182
1658919930.353285313 -0.0908428570666 0.591301152838 0.0172428585937 0.951433429299 -0.00173900191938 0.00131221175467 0.307846850859
1658919930.454175472 -0.044168116801 0.623512886342 0.01667863385 0.955699734049 -0.00112712886221 0.0016120466188 0.294336795567
1658919930.555003643 0.00697479405115 0.655792847997 0.0175350917813 0.959864984438 -0.000722733054382 0.00159365797799 0.280457036924
1658919930.655894756 0.0572835811876 0.684018431957 0.0165956410521 0.963429216042 -0.000877002492122 0.00191751151632 0.267954659772
1658919930.756727457 0.105561036566 0.706015489245 0.0199992637734 0.967681849305 -0.000512009119068 -1.04953486033 0.252173702559
1658919930.857601166 0.147531345601 0.721956199938 0.0183732608426 0.971837202078 -0.0009439063123 0.0010539183149 0.235648999477
1658919930.958462000 0.170472803056 0.732872441855 0.0196429091125 0.97643034647 -0.00153310008034 0.00233583300251 0.215814670448
1658919931.059234858 0.177605663464 0.732291722019 0.020973941944 0.980450108379 -0.0013160765246 0.000790125306635 0.196761857643
1658919931.160151958 0.17471212371 0.732654433717 0.0213264971013 0.983348159828 -0.000962301774557 -0.000281415391526 0.181728895181
1658919931.261044264 0.169263469464 0.733858017862 0.0211150740643 0.987046917707 -0.000930671947067 -0.00150452043096 0.160422107307
1658919931.363244057 0.145475124948 0.721902656784 0.020506112363 0.991240899738 -0.00129499063519 -0.000122294047662 0.132059784684
1658919931.462761402 0.111914450681 0.709052540148 0.019414928221 0.995056169539 -0.000498298515675 -0.00112961705156 0.0993060679237
1658919931.563693047 0.0842841246318 0.689790173169 0.0189019599625 0.997595232303 -0.000332020983579 -0.000427108132004 0.06930699696
1658919931.664427757 0.0611017670764 0.677868954382 0.0183853966347 0.99896804209 -0.000143227829829 -0.000548734081837 0.0454150774403
1658919931.765289307 0.0425348442245 0.672902870988 0.0187919676981 0.999568273201 -0.000344835836723 0.000871053559499 0.0293664700676
1658919931.866170168 0.0217469488114 0.670540111479 0.0172128545596 0.999775261799 -0.000675467661089 0.00144878907636 0.0211393152521
1658919931.967005730 -0.00970127044291 0.665136476194 0.0175842421945 0.999859808902 -0.000266468235747 0.000733605565992 0.0167258291289
1658919932.067905903 -0.046954138653 0.663903022836 0.0183157000886 0.999922968128 0.000183369121515 0.000570440628889 0.0123975313205
1658919932.168992043 -0.0879067961081 0.662132163528 0.0195427280978 0.99996782774 -0.000253851996948 0.00105787109352 0.00794732366329
1658919932.269590378 -0.142099721416 0.6497527543 0.0188799105482 0.999988740489 -0.000889038157939 0.00274958007432 0.00376408222411
1658919932.370361567 -0.190389144081 0.650515305554 0.0185304941201 0.999995288875 -0.000240384087937 0.00149392760592 -0.00267069716735
1658919932.471199989 -0.24437635504 0.65092679714 0.0192823373239 0.999959198702 -0.000198912234719 0.0015945794134 -0.00888924523762
1658919932.572160721 -0.294650253043 0.653999234564 0.0181458501428 0.999855292891 0.000106847396266 0.00123980197487 -0.0169659880913
1658919932.673006535 -0.348503098901 0.651705988868 0.0179721869007 0.999672760541 -0.000634680478029 0.00278302460985 -0.025420932049
1658919932.773883581 -0.407701891844 0.650799268247 0.0164094636686 0.999458209066 -0.00058025132596 0.00252682734683 -0.0328110771429
1658919932.874758720 -0.4723800772 0.648676409211 0.0183251528921 0.999168661165 0.000413486482603 0.0013499720383 -0.0407430135025
1658919932.975589275 -0.533779222199 0.651245860886 0.0193279137809 0.998758636265 0.000864826701312 0.000213867463601 -0.0498035422582
1658919933.076478958 -0.589823373696 0.651537393164 0.0172286266332 0.998453550118 -0.000359898042612 0.00175724959812 -0.0555633944614
1658919933.177290916 -0.646939970375 0.651859354752 0.0140526524766 0.998185919093 -0.00066063688547 0.00207389069005 -0.0601675449094
1658919933.278172731 -0.707493982048 0.664788937225 0.0141108666542 0.997772279234 -0.000288995190181 0.00233264574396 -0.0666704885072
1658919933.378989220 -0.763453384824 0.676387197268 0.0125519187851 0.997070999976 0.000371287074144 0.00115859321203 -0.0764718302034
1658919933.479888916 -0.817437714468 0.680260506449 0.0134313722432 0.996568939517 -8.9306729432 0.00230163902428 -0.0827347766822
1658919933.580753326 -0.874454648079 0.68518876176 0.0152246761895 0.996194842768 0.000238726394954 0.00115301198924 -0.0871461348271
1658919933.681575298 -0.925771755246 0.689604429323 0.0169476873589 0.996038396151 0.000635723566705 0.00103589382929 -0.0889158938079
1658919933.782660007 -0.980375729445 0.695829100466 0.0199467317692 0.99594967299 0.000934444998048 0.000173966829809 -0.0899074269398
1658919933.883301258 -1.03622881196 0.702621071782 0.0210030504176 0.995923754452 0.000427744402036 -0.000174198545503 -0.0901979046758
1658919933.984227180 -1.0973036555 0.70956605824 0.0204188290625 0.996015477707 -9.98134769371 -0.000314871743369 -0.0891799252147
1658919934.084953547 -1.15673791356 0.719528864383 0.0183580216305 0.996061751994 0.00053803927779 -0.00100078740826 -0.0886549217639
1658919934.185763359 -1.21918451216 0.72947591589 0.0163465644514 0.996072617422 0.000988969047065 -0.00126553952966 -0.0885254831835
1658919934.286727428 -1.27819048272 0.737253253041 0.0157091012685 0.99606248772 0.00145832472426 -0.00239670192762 -0.088609534845
1658919934.387626410 -1.33853573915 0.743701149188 0.0155958511495 0.996163505714 0.000675447419874 -0.0019783797912 -0.0874865684952
1658919934.488439560 -1.39798271562 0.751075208976 0.0143626301687 0.996253175435 0.00099407757824 -0.00256597205929 -0.0864409511338
1658919934.589271545 -1.45794481049 0.75969502342 0.0124431849174 0.996262364589 0.0009322813419 -0.00300361867616 -0.0863215502006
1658919934.690294504 -1.51822938869 0.770445483811 0.0154445028552 0.996364015861 0.000498865209084 -0.0033766812986 -0.0851298834418
1658919934.791031361 -1.57463943866 0.782858940122 0.0139479537376 0.996371565423 -0.000260773009423 -0.0018826610158 -0.0850887254695
1658919934.892417431 -1.63266791462 0.790070398215 0.0136854632085 0.996362076053 -0.000390894175456 -0.00182505163483 -0.0852005269413
1658919934.992722034 -1.68947244132 0.800930504896 0.0123062555835 0.996315437229 -0.000271522843788 -0.00198174542362 -0.0857411715581
1658919935.093440056 -1.74567603842 0.808565793695 0.0113056104255 0.9962382102 -0.00125047307864 -0.0014436598947 -0.0866359088397
1658919935.194465399 -1.80653921152 0.822237612629 0.0141959536107 0.996199629006 -0.00171176391536 -0.000464266662009 -0.0870813038984
1658919935.295170307 -1.86869595661 0.831988335233 0.0135754589128 0.996095730799 -0.00156686842278 7.28831800409 -0.0882657050965
1658919935.396074057 -1.93436248156 0.844171257347 0.0131814254827 0.99593757672 -0.000934453047231 6.35256587686 -0.0900414684361
1658919935.497029781 -1.9973729281 0.853327530256 0.00886210050834 0.995857241023 -0.000864768365978 -0.000660705679528 -0.0909239855323
1658919935.597886324 -2.05974002654 0.864484289661 0.00528226354338 0.995851254628 -0.00136166896962 0.000262787225108 -0.0909854683824
1658919935.698723316 -2.12123653413 0.871845521521 0.00560292022604 0.99584404202 -0.000506932834425 0.000163226412249 -0.0910733789287
1658919935.799509048 -2.17970865461 0.882236231163 0.00582840430845 0.995741975751 -0.000262432276652 -0.000510131167282 -0.0921823661129
1658919935.900442600 -2.21781916688 0.891757637644 0.00293723663958 0.995508846247 -0.00111225833283 -0.000683874089144 -0.0946595596909
1658919936.001338243 -2.24865031395 0.906952915438 0.00239762243213 0.994955870544 -0.00130045899231 -3.66530851006 -0.100305150084
1658919936.102150679 -2.27942998412 0.921099088562 0.00224828806076 0.993913450663 -0.00140664034847 0.000384734741331 -0.110154100849
1658919936.202907562 -2.31193307026 0.92662179472 0.00490183702342 0.992649464666 -0.00101565284288 0.000435977934195 -0.121019910228
1658919936.303859234 -2.3514748773 0.926768992632 0.00740414089355 0.991872649133 -0.000695443426292 0.000424501123145 -0.127232008782
1658919936.404788256 -2.39532531982 0.927746129303 0.00810895631751 0.991577627804 -0.000599690007033 0.000419549288781 -0.129511668927
1658919936.505661011 -2.43522901733 0.92914468577 0.00705627135299 0.991779709353 -0.000766867082278 0.000667155143693 -0.127953018469
1658919936.606492758 -2.47606065182 0.935537629734 0.00693934442886 0.991988381243 -0.000893596381321 0.000645973843779 -0.12632432736
1658919936.707285881 -2.51274735827 0.941252167099 0.00475102815742 0.99215363118 -0.000268049137798 -0.00119304835911 -0.125018706284
1658919936.808242321 -2.54762258002 0.949036047436 0.00197732392357 0.992190650845 -0.000887340973777 -0.00074355294333 -0.124725186436
1658919936.909032106 -2.58481539433 0.958424884506 0.00268369971256 0.992143942371 -0.00141450609999 0.000766808320541 -0.125091201902
1658919937.009911537 -2.61894531816 0.964200462732 0.00219901701691 0.992101776417 -0.00169521639524 0.00103398585306 -0.125419784503
1658919937.110775948 -2.6493291571 0.974228658188 0.000117710735025 0.992245958979 -0.00142451428751 -0.000506439872637 -0.124280614607
1658919937.211460590 -2.66805903071 0.981482421266 -0.00187719379716 0.992721753739 -0.00148774368977 -0.000269895114633 -0.120421067216
1658919937.312438965 -2.66192992494 0.976362952467 0.000757181946204 0.992884437123 -0.00160741601509 0.00112792726227 -0.119065689909
1658919937.413327694 -2.65484551246 0.974359635412 0.00125223226942 0.992842029878 -0.00205175782909 0.00105937085389 -0.119412611272
1658919937.514015675 -2.63562863126 0.969254351748 0.00124895977273 0.99295868833 -0.00173940375325 0.000774869727257 -0.118445841297
1658919937.615020275 -2.60732507082 0.961928855233 0.00325924742126 0.992730073985 -0.00158716975469 0.000795971549663 -0.120348857604
1658919937.715892792 -2.58142852972 0.962970002432 0.00558456444383 0.992571242937 -0.00155607158885 0.0016612340988 -0.121643522788
1658919937.816761017 -2.55961738009 0.963738409109 0.00499395659426 0.992829534674 -0.00113337372768 0.000690242753579 -0.119531393817
1658919937.917456627 -2.5368035958 0.960253638151 0.00903364392125 0.993275549452 -0.000922653916936 0.00069431057959 -0.11576851689
1658919938.018359423 -2.50108243213 0.95321377028 0.00862624518429 0.993474926697 -0.000818051695049 0.000587281727067 -0.114046288483
1658919938.119321823 -2.46413612679 0.939444261929 0.00821994870965 0.993452206725 -0.000965851781754 0.00123757395861 -0.114237684208
1658919938.219923019 -2.42778455949 0.931194247555 0.0094472681858 0.993361439374 -0.00117514757754 0.00119233110553 -0.115022815737
1658919938.321070671 -2.397368306 0.925990798538 0.00869488051543 0.99340742474 -0.00127347350056 0.00142344132741 -0.114621291874
1658919938.421822071 -2.36358919242 0.923443501333 0.00814710393356 0.993526402255 -0.00121444448723 0.000615363305253 -0.113593285344
1658919938.522729158 -2.32283330283 0.918147589941 0.00846210890066 0.993766099715 -0.000855187106912 0.000441392386759 -0.111480997867
1658919938.623584509 -2.27482163527 0.910019347449 0.00899141520602 0.993975447913 -0.000970129685917 0.000226213889038 -0.109598433483
1658919938.724457264 -2.21483665924 0.898646150491 0.00893487551814 0.994108692951 -0.000861448203205 0.000461392251753 -0.10838335492
1658919938.825288534 -2.14938585174 0.884759867178 0.00975976910075 0.994153019921 -0.000744789313664 0.000763937459303 -0.107975157656
1658919938.926195621 -2.07794016506 0.867986567047 0.00830359174241 0.994101844242 -0.000935971739068 0.000520156299456 -0.108445270388
1658919939.026940823 -2.0000766157 0.853350724125 0.00724580146394 0.99391956414 -0.000628838665671 -0.000186974115595 -0.110106628421
1658919939.127890110 -1.92503463091 0.840781186331 0.00592215294686 0.993788755869 -0.00150841964529 0.000579618082868 -0.111271278509
1658919939.228640079 -1.84914047329 0.826541301119 0.00899115232176 0.993857811849 -0.00108435234399 -0.000330520193158 -0.110658776261
1658919939.329636097 -1.77310984744 0.814019698862 0.0108320874038 0.993835842668 -0.000930574380672 -0.000418121513335 -0.110857011662
1658919939.430443287 -1.69504464462 0.799671218116 0.0126076385757 0.993868167616 -0.000946017104192 -1.39742423689 -0.110567491862
1658919939.531332016 -1.62223761632 0.787140742474 0.015999375623 0.994019608712 -0.000612367275079 -0.00143677623755 -0.109190559004
1658919939.632129669 -1.54783818674 0.77361556684 0.0191728640604 0.994210806778 -0.000340886027039 -0.00171156513139 -0.107432890804
1658919939.733019114 -1.46850214922 0.753638090252 0.0190000014986 0.994191636511 0.000179400548754 -0.00153489532481 -0.107613204592
1658919939.833949089 -1.38726727485 0.726571206711 0.0157829427421 0.993733924514 0.000745634095407 -0.0020344763889 -0.111750580334
1658919939.934739590 -1.30628785615 0.70036396628 0.0192595045235 0.992849676423 0.00151470524187 -0.00138250751165 -0.119353736292
1658919940.035567522 -1.23012912647 0.675520324509 0.0188892814064 0.991851312931 0.000869851515908 -0.00103723014732 -0.127393644068
1658919940.136455059 -1.15210261368 0.647777040794 0.0163368329318 0.990445566769 0.00122058148465 -0.000728831024937 -0.137896911694
1658919940.237299442 -1.07667548006 0.619645003509 0.018667202777 0.988666192799 0.000716291100222 0.000327747619119 -0.150128407451
1658919940.338177919 -0.999822459134 0.590430876514 0.0171556779353 0.986570256467 0.000594590759307 0.00175122457506 -0.163326999389
1658919940.439016819 -0.920159191901 0.551487290784 0.0158847548441 0.984123397217 0.000683041483245 0.00209261606508 -0.177471951199
1658919940.539882660 -0.853367361064 0.525148118898 0.0210796330209 0.981198278215 -0.000440272340282 0.00238453764754 -0.192987198973
1658919940.640727282 -0.80178482838 0.498242410962 0.0212371423753 0.977925626362 0.000465599829212 0.000369027487082 -0.208952426022
1658919940.741599321 -0.752357037807 0.471699068383 0.0200133280059 0.974747917084 -0.00115538042905 0.0024078526645 -0.223292107972
1658919940.842442036 -0.70909358903 0.456107293135 0.0190393351029 0.971602672416 -0.000550401422943 0.00247626598781 -0.23660475929
1658919940.943194628 -0.665550876421 0.430275524747 0.0206187886595 0.968509538999 -0.000682349359909 0.00189285486574 -0.248968320007
1658919941.044571400 -0.620671530777 0.405229243279 0.0197447642418 0.965459589823 -0.00122789902828 0.00150416822865 -0.260545600924
1658919941.145064831 -0.576458526875 0.383556161498 0.0172645496446 0.962551824782 -0.00179449352093 0.0016401175718 -0.271086839252
1658919941.245890379 -0.529055905373 0.355962444537 0.0172586391624 0.959497051152 -0.00179845586403 0.00240857554708 -0.28170263249
1658919941.346631527 -0.480926761107 0.326852264144 0.0222737962272 0.956635803201 -0.0014835460865 0.00190359812489 -0.291276699102
1658919941.447583675 -0.433237110618 0.295809931739 0.0225176786947 0.953361027876 -0.000700942489271 0.000989928251011 -0.301829884619
1658919941.548436880 -0.391647916115 0.260943299749 0.0213252976851 0.949599994428 -0.000772205290897 0.000392562138136 -0.313463076256
1658919941.649297476 -0.34922544886 0.226790923438 0.0202379743086 0.945557132075 6.64266674377 0.000205043976833 -0.325456085403
1658919941.750167847 -0.308203053517 0.194258484844 0.0213233363847 0.941050521709 -0.000732219037485 0.000954147647775 -0.338263904442
1658919941.851009846 -0.271085307629 0.155820764691 0.0211281958681 0.935695683239 -0.00172779315982 0.00152594152568 -0.352800615932
1658919941.951868534 -0.231033132272 0.116280248004 0.0199659564667 0.930258359237 0.00159198319624 -0.00175374999742 -0.366897499338
1658919942.052739143 -0.197493769166 0.0688624591941 0.0207982033843 0.92468445695 -0.00113214780803 0.00190988032133 -0.380727889276
1658919942.153607130 -0.164343477345 0.029938398989 0.0203437496701 0.918293112777 -0.00233594807198 0.00282284660419 -0.39588424307
1658919942.254458189 -0.118644160166 -0.0134437186155 0.0204456120489 0.913472328471 -0.00281034640307 0.00358771842716 -0.406875331455
1658919942.355294228 -0.0647009977287 -0.0540448578089 0.0208388747596 0.912209936012 -0.00106849113952 0.0017362831981 -0.409718044865
1658919942.456189632 -0.0106813710729 -0.0959695149102 0.0224200648934 0.913320606565 -0.00116477178613 0.00183055278951 -0.407235511721
1658919942.557008505 0.0458642003555 -0.144995307423 0.0205564000575 0.914538800174 -0.000212041496794 0.000572299193644 -0.404497726183
1658919942.657878876 0.102756994888 -0.198714330017 0.0200717201003 0.915451528168 -0.00115404342503 0.00255813162866 -0.402418468416
1658919942.758738041 0.162658428625 -0.247745572939 0.0202351809835 0.917797846841 -0.000497344834425 0.00179067414439 -0.397043648065
1658919942.859496593 0.224936043716 -0.298900730405 0.0246565051793 0.92286724369 0.000820090255648 0.000855362326516 -0.385116406209
1658919942.960459709 0.288321323314 -0.350589154789 0.023647366356 0.929552148162 -0.00021007407605 0.00236364929293 -0.368683024938
1658919943.061376333 0.351228720648 -0.402265382711 0.024992569996 0.937394916187 -0.000698907473858 0.00213242473135 -0.348261016194
1658919943.162161350 0.408212897258 -0.443910203509 0.0246762371317 0.942297719174 0.000189012980956 0.00224652634827 -0.334768466009
1658919943.263061523 0.461834160398 -0.476721977527 0.0276125466422 0.948487483606 0.00129953719349 0.000777329385197 -0.316810985298
1658919943.363884926 0.506426977899 -0.500247987906 0.0277503718034 0.953076018853 0.00239745127741 -0.00121633662534 -0.302719135568
1658919943.464737415 0.53781947191 -0.516765467079 0.0301094655602 0.958317056788 -0.000532000983026 0.00294454357017 -0.285691206214
1658919943.565829992 0.546036244455 -0.521144733606 0.0303018293066 0.962534957988 -0.000815013128682 0.00331354666559 -0.271136148111
1658919943.666477680 0.537126716595 -0.517532452342 0.0317110953614 0.966264568796 0.00238701165798 -0.00141343067886 -0.25753657503
1658919943.767328262 0.512738714287 -0.510729828866 0.0300309391078 0.971067816588 0.00127953323976 0.000223894465797 -0.238800352287
1658919943.868146896 0.487948305574 -0.4886582887 0.024423943778 0.977137760551 -0.00172540043956 0.00472800146888 -0.212547561505
1658919943.969040632 0.44405514554 -0.461286955566 0.0277537313959 0.983677857206 0.00224428405461 -0.00112162290408 -0.179921033773
1658919944.069852352 0.382830042012 -0.438565668486 0.0273906188729 0.989477421656 0.00247740730035 -0.00092128144268 -0.144663214834
1658919944.170719147 0.313873891519 -0.406970043557 0.0227592589547 0.993593629041 0.00190747572342 -2.29626247843 -0.112995846551
1658919944.271585703 0.24900408658 -0.388980579556 0.0239964481814 0.997145231745 0.00130100920537 0.00125516158261 -0.0754858844625
1658919944.372332573 0.185397136652 -0.375076595582 0.0236983972692 0.999060401065 0.00170146433692 0.000582170177438 -0.0433022068869
1658919944.473298550 0.111687415065 -0.361134061548 0.0211015068049 0.999929889644 0.00125385579339 0.00127701587508 -0.011705249803
1658919944.574040413 0.0315260380271 -0.351011011328 0.0255370834764 0.999793579951 0.00068062441004 0.00225311006714 0.0201806277154
1658919944.675006866 -0.0372952524283 -0.35868954391 0.0267772034464 0.998531229859 0.00165773521553 -0.00147346771175 0.054133758442
1658919944.775787115 -0.11363630778 -0.359751457966 0.0277336779296 0.996691608117 0.000846919622808 0.000764943596125 0.0812682957721
1658919944.876704454 -0.181553774544 -0.371594151259 0.0290898846152 0.994133197561 0.000881158551085 0.002384259373 0.108132901444
1658919944.977578878 -0.253672020468 -0.37971979112 0.0270482938156 0.990843465462 0.000702887475127 0.00075504192834 0.13501171361
1658919945.078454018 -0.313268685648 -0.389240468464 0.0247786903486 0.988534980275 0.00126946738907 -0.00063230789601 0.150985368205
1658919945.179296732 -0.369945369052 -0.397055935244 0.0225571065485 0.986029557554 0.00114023107857 0.000239613495676 0.166566365418
1658919945.280162811 -0.423265201048 -0.405813773688 0.021585418846 0.984184294573 0.00125094385089 3.93986054738 0.177143184751
1658919945.381018639 -0.478215160506 -0.410994101936 0.0214014793935 0.982348431491 0.000923558260041 -0.000914919333291 0.187055791435
1658919945.481882572 -0.529702428595 -0.41336817563 0.0205949577519 0.979879882584 0.00116966483248 -0.000295976220931 0.199584468305
1658919945.582724094 -0.574694721651 -0.434367230323 0.0192200326581 0.976416236939 0.00197425263701 -0.00442248772436 0.215842248345
1658919945.683593988 -0.624749454167 -0.458946847893 0.0210098407535 0.971744941402 0.00080561732413 -0.00187261100088 0.236024602887
1658919945.784340143 -0.671427597789 -0.480577327057 0.0209531561082 0.967062885304 0.000681293412182 0.00057144769634 0.254536019365
1658919945.885317326 -0.710040746445 -0.504404217336 0.020527538857 0.960603790787 0.000772702487565 -0.00282960912942 0.277906015351
1658919945.986107111 -0.754677350521 -0.531658797259 0.0178672785169 0.955490251691 0.000602401363371 -0.00423090299436 0.294991721064
1658919946.086988449 -0.805591570044 -0.55330352236 0.0165745793449 0.950016284077 0.00145691948285 -0.00384334546839 0.312173294935
1658919946.187938929 -0.853890103763 -0.57832389347 0.0160818535195 0.945721881115 0.00074221060915 -0.0041468877576 0.324949805395
1658919946.288745642 -0.89786846829 -0.609656142673 0.0157015440994 0.941060743839 -5.774427055 -0.00314757223738 0.338222957768
1658919946.389621735 -0.942028965368 -0.631670657243 0.01465108325 0.93664079666 0.000961227171799 -0.00260819500133 0.350280304031
1658919946.490359068 -0.983908336091 -0.652809169697 0.0161471946511 0.934423062108 0.000213384566406 -0.00283911713988 0.356153667512
1658919946.591339111 -1.01812151193 -0.670115962695 0.0166784506408 0.932381467766 0.000138625348529 -0.00355282210375 0.361458374927
1658919946.692181110 -1.04534040766 -0.685151201696 0.0171428226759 0.931500826553 -0.000201442262825 -0.00351431576556 0.363722173007
1658919946.793001175 -1.06580998389 -0.691598936286 0.018386778222 0.931495528229 0.000143668799939 -0.00441888234205 0.36372590467
1658919946.893856525 -1.08273689966 -0.70034487596 0.0169426681588 0.931840705087 0.000174078924448 -0.00354795509402 0.362850219863
1658919946.994715214 -1.08795301958 -0.704831994152 0.0154107707549 0.932790116035 -0.000153293937966 -0.0038042564827 0.3603999217
1658919947.095455647 -1.08909384936 -0.700048880082 0.0148232136366 0.933913448297 7.67224089484 -0.00350918895424 0.357481966851
1658919947.196361542 -1.07607294718 -0.690608570571 0.0154521415749 0.935728164353 3.66765196459 -0.00400211851782 0.352699282872
1658919947.297210217 -1.05732287506 -0.676684927943 0.0163332709155 0.935946893651 -8.1994138325 -0.00363313922044 0.352122430187
1658919947.398143530 -1.02976208208 -0.658780835518 0.015562430983 0.93543783742 -0.000191287912433 -0.00278775273508 0.353480189213
1658919947.499021053 -0.997793519989 -0.62130663678 0.0152448801117 0.937188816822 2.90612044763 -0.00366108604696 0.348803264361
1658919947.599892616 -0.95399592034 -0.575409832618 0.0152890068722 0.94027885348 2.77349995806 -0.00489000033376 0.340370041023
1658919947.700776100 -0.904143133859 -0.529458140218 0.0168866036196 0.945765135922 0.000246227949938 -0.00482971681647 0.324815210361
1658919947.801631927 -0.852953128235 -0.473305883645 0.015402887571 0.953054772673 0.00112961702028 -0.00366623179933 0.302773649771
1658919947.902476311 -0.798027549599 -0.438672317269 0.0163435888779 0.959887664053 0.00146043944461 -0.00308967977835 0.280364037271
1658919948.003196239 -0.747055717353 -0.409795107497 0.0193771742025 0.965692530508 0.000902271984134 -0.00403906300512 0.259655172097
1658919948.104154587 -0.702161216432 -0.385984650462 0.02137909416 0.970551763528 0.00110883521123 -0.00280303648223 0.240873800532
1658919948.204921246 -0.646914709133 -0.377098603762 0.0208588318895 0.975522549908 0.0014451218229 -0.0029160874394 0.2198753344
1658919948.306373596 -0.596172572674 -0.370138670786 0.0216315467839 0.97796246058 0.000897817778556 0.000653444298075 0.208777854739
1658919948.406732559 -0.55253666665 -0.358524231655 0.02236799262 0.978120702988 0.000749005513001 -0.00175387775773 0.208029452936
1658919948.507567883 -0.507505766148 -0.34627732327 0.0240045497055 0.977289593169 0.000550675038241 0.000563339999859 0.21190665513
1658919948.608476639 -0.483411336545 -0.332104374852 0.0266410973139 0.974387743618 0.000821279117644 -0.000540607508224 0.224872315618
1658919948.709209919 -0.465309094564 -0.318582375908 0.027443595112 0.97013248319 0.00058794627321 0.000276879417156 0.242574818799
1658919948.810185909 -0.445197557169 -0.304932284848 0.0283896678028 0.964644420516 0.000884673993007 -0.000209481078974 0.263553249719
1658919948.910922050 -0.420127055374 -0.284724346495 0.027820371642 0.959016954232 0.000410460566527 0.00115930198447 0.283346023507
1658919949.011915922 -0.39761508047 -0.260123178826 0.0266786186197 0.953142532056 0.000185954474227 0.00204537949299 0.302514620192
1658919949.112730980 -0.37843826911 -0.234876504697 0.0287646814005 0.946200923579 0.000466441193263 0.00018312435691 0.323579296489
1658919949.213629723 -0.347686666778 -0.208781696011 0.0277011950864 0.9390910882 0.000426664504211 0.00103575385082 0.343666514567
1658919949.314311743 -0.326636873548 -0.182174290966 0.0253765534613 0.931416337886 0.000554018284192 0.00146030948583 0.363952148062
1658919949.415323019 -0.3075441555 -0.150565390945 0.0247651212186 0.923514824058 0.000531813815814 0.00160185496399 0.3835590189
1658919949.516198158 -0.284162978073 -0.124102552691 0.0234367089495 0.915640175667 0.000171053494289 0.00114989319761 0.401997160675
1658919949.617012501 -0.263730844655 -0.0902222577017 0.0243568760732 0.907160655129 -0.000222589489265 0.00188980629922 0.4207801384
1658919949.717891693 -0.242411960896 -0.0528874376016 0.023569576453 0.899352023268 -8.44353176901 0.00257748443281 0.437217666259
1658919949.818763494 -0.221614355504 -0.0162267594741 0.0230904316146 0.890919522254 -0.00013708048094 0.00261339955659 0.454153670268
1658919949.919424057 -0.191100468602 0.0196105737523 0.0222346853947 0.8867210166 -0.000182439604621 0.00273151978493 0.462296814001
1658919950.020347834 -0.156712685807 0.0627646553035 0.0203061505406 0.886159576328 -0.000132670243599 0.00340128722952 0.46336769301
1658919950.121224880 -0.11947751309 0.106929735735 0.0185677334908 0.887951698108 -0.00105434240208 -0.000420812341093 0.459935314046
1658919950.222238541 -0.085433129424 0.153352593012 0.0155680833404 0.8889403668 -0.001129929342 0.00195130046509 0.458017401372
1658919950.323018551 -0.0587070501319 0.19748945036 0.017217436201 0.889107498398 -0.00130924381748 0.00120853242162 0.457694965694
1658919950.423881292 -0.0293648815465 0.234265970997 0.0169620448208 0.88865615149 -0.000861746558609 0.00290128580371 0.45856415511
1658919950.524782658 0.00294898329221 0.272882938913 0.0185611936267 0.890208960769 -0.000814132085159 0.00287678507252 0.455542607736
1658919950.625607967 0.0384466065405 0.311856099808 0.019058978566 0.893394137283 -0.000962066041356 0.00232151675922 0.449266736424
1658919950.726413250 0.0787919446758 0.350320587362 0.0200651859229 0.899569400607 -0.000566092987764 0.00264033172225 0.436769506351
1658919950.827280998 0.115799773858 0.389628201351 0.0157514229381 0.906280380107 -0.00142912902723 0.00334797010652 0.422661355366
1658919950.928148985 0.150383031388 0.409841421718 0.0162103438202 0.914861454191 -0.00125551138284 0.0042710727959 0.403743360644
1658919951.029015541 0.172531065223 0.416500345784 0.0192691032815 0.923007564162 -0.00113598025314 0.00370579237637 0.384762281353
1658919951.129859447 0.175305863318 0.417137158493 0.0230573427712 0.9300729833 -0.000764507017461 0.00287718244727 0.36736274047
1658919951.230732441 0.184533050852 0.412563659875 0.0214729150409 0.937677488775 -0.000674483741553 0.00229706485131 0.347498482888
1658919951.331623077 0.198368553693 0.400330785686 0.0208995869142 0.947814593613 -0.00132754858576 0.003133930195 0.318803877377
1658919951.432461262 0.196449697458 0.379407370492 0.0208497924895 0.96010975056 -0.000829146684677 0.00201921746965 0.279614917621
1658919951.533304214 0.18630900632 0.362862501952 0.0212298062961 0.969447597703 -0.000976381811623 0.00244616103228 0.245284362083
1658919951.634089470 0.156873095395 0.33857215061 0.0184899476428 0.975390437175 -0.00105303547604 0.00358035829176 0.220453095279
1658919951.735013485 0.119203270614 0.318377705181 0.0187243381901 0.981863390972 -0.00137913663017 0.00361832729993 0.189550223315
1658919951.835862398 0.0609876267639 0.291797230944 0.018979136602 0.986355850368 -0.00120834963832 0.00249812822046 0.164603875081
1658919951.936752081 0.00411960669175 0.261952919589 0.0173589492185 0.990495927627 -0.00152028237929 0.00349855126045 0.137489149516
1658919952.037574768 -0.0591300708006 0.23326389141 0.0180866927697 0.993825365055 -0.00139123300747 0.00273524849445 0.110913149169
1658919952.138435364 -0.115964214876 0.211068286339 0.0185990804391 0.99645868353 -0.00179398622271 0.00291186950753 0.0840142526391
1658919952.239293337 -0.179570967007 0.18695514133 0.0223690988722 0.998048336621 -0.00187718308467 0.000657679150259 0.0624144327082
1658919952.340172768 -0.235552014725 0.171432615611 0.0284819656972 0.999280381133 -0.00138308711133 3.80911494537 0.0379052173291
1658919952.440982342 -0.296141279159 0.163024159615 0.029067861573 0.999911434168 -0.000787056009852 0.000148147589122 0.0132846684121
1658919952.541902065 -0.366335536282 0.156767271349 0.029349568418 0.999934385145 -0.000903952662197 8.04958621441 -0.0114193604794
1658919952.642697573 -0.426859488549 0.152187366137 0.0288816851623 0.99944428926 -0.00177814483714 0.00172571231267 -0.0332411309044
1658919952.743547916 -0.487840716336 0.143434251573 0.028192583899 0.998551700969 -0.00181003490394 0.00275837149109 -0.0536993077439
1658919952.844435930 -0.551770937954 0.146208955739 0.0272169543647 0.997394262085 -0.00147891088922 0.00159797271503 -0.0721106459947
1658919952.945245266 -0.596729826969 0.156947786387 0.0241964280352 0.996563343829 -0.000612945924707 0.000500367542374 -0.082830403033
1658919953.046083450 -0.629240447557 0.169437969573 0.0237255709287 0.995866377972 -0.00148913755018 0.00131581471392 -0.0908086357457
1658919953.146961212 -0.637354650503 0.178393666665 0.0223960760165 0.99567175666 -0.0009906775894 0.00094196186533 -0.092929458491
1658919953.247870922 -0.625641380706 0.183474040427 0.0213051959001 0.995900311661 -0.00159568427855 0.0019541307057 -0.0904223666958
1658919953.348786354 -0.60478089163 0.185492292255 0.0205210987763 0.996578175683 -0.00065265133522 0.000563978071001 -0.0826510479559
1658919953.449588537 -0.566900131262 0.180822741554 0.0189309450708 0.997408569688 -0.000678188239684 0.000919109446151 -0.071936363622
1658919953.550449848 -0.515695268108 0.175155610969 0.0201274975876 0.998020800767 -0.000776691748086 0.000998493862609 -0.0628719412429
1658919953.651289225 -0.469951021152 0.16671619738 0.0210524650839 0.999047848427 -0.0013504570409 0.00184130644684 -0.0435681352483
1658919953.752168894 -0.418928907861 0.17050384495 0.0235753589638 0.99957653715 -7.64978657434 -0.000739370815257 -0.0290894114582
1658919953.853016376 -0.361974798503 0.174146247859 0.0248449505421 0.999990318509 -0.00111159018304 0.00163978380453 -0.00392916852958
1658919953.953946114 -0.302175059455 0.187350174372 0.0274225687369 0.999775095348 0.000380354652747 -0.00274847150258 0.0210252219143
1658919954.054705143 -0.256002347621 0.193931394934 0.0292182866094 0.998455459622 -0.000194865517429 -0.00277409217841 0.055488391506
1658919954.155596256 -0.224220886633 0.216098441188 0.0308708817762 0.996210009881 -4.08492974465 -0.00316922651449 0.086922784975
1658919954.256478310 -0.198616365595 0.23514812999 0.0309320329143 0.992379967521 -0.000403849724667 -0.00294256016381 0.123179455708
1658919954.357375622 -0.201300544984 0.249991159038 0.0284290998045 0.988360321483 -0.00260096723095 0.00478320482039 0.152033650353
1658919954.458026886 -0.217243497008 0.258571945869 0.0274537338487 0.982625547144 -0.00198367345777 0.00350183295441 0.185555480399
1658919954.558969021 -0.241281277954 0.259470510017 0.0262683031623 0.975149103893 -0.00194045558992 0.00370043291018 0.221510195262
1658919954.659826994 -0.294258687439 0.243928982403 0.0256435750483 0.962499946568 -0.00120747330884 0.002630746642 0.271266426298
1658919954.760698795 -0.329066455546 0.227072332462 0.0280008221159 0.949492967422 -0.000577881164039 -0.00292168051818 0.313774177798
1658919954.861479282 -0.384149230089 0.209563764872 0.0299057541467 0.936504989907 -0.000611795601461 -0.00140041278391 0.350650921045
1658919954.962429047 -0.433885914987 0.183369366643 0.0289473761792 0.922194805266 -0.000822675906207 -0.000770660575868 0.386724023596
1658919955.063337326 -0.479658629979 0.155589717726 0.0276731962772 0.908741932072 -0.000708435543742 0.00339367845903 0.417344081016
1658919955.164165020 -0.515243881681 0.130837945819 0.0237856609199 0.901953588467 -8.48279486624 0.00121455113723 0.431831265568
1658919955.265024185 -0.534250809974 0.117079591515 0.0218674249384 0.899042535582 -0.000177278300151 0.00113845075035 0.437859785452
1658919955.365864515 -0.539761614253 0.113379186892 0.0210161007846 0.899670145352 -0.000260859541181 -0.000492298542147 0.43656994761
1658919955.466718912 -0.544957831568 0.109311432131 0.0221404129336 0.900741846132 -0.000521441906334 0.000361701466279 0.434354375939
1658919955.567587376 -0.550497326479 0.107218256622 0.023225391611 0.903186625383 -0.000267480617564 0.000574592843473 0.429247618545
1658919955.668413401 -0.53821487171 0.117215105472 0.0234512912153 0.905817511215 -0.000436480124139 0.00259964363326 0.423659872674
1658919955.769500494 -0.527845282023 0.133502954419 0.0228418895993 0.911697866495 -0.000437787767869 0.000510114187378 0.410860740828
1658919955.870070934 -0.509763002989 0.152187835812 0.0234727792175 0.918303998719 -0.000565902866556 0.00273498562328 0.395866095473
1658919955.970901966 -0.495865964789 0.167382014313 0.0229017076761 0.92308356716 -0.000771724264389 0.00203939588422 0.384593257019
1658919956.071936607 -0.471219131006 0.188097961327 0.0231065607646 0.927864922849 -0.000933429233519 0.00334257616082 0.37290030952
1658919956.172758579 -0.435211075099 0.22294085356 0.0243871271249 0.934657189454 -0.000951163573591 -0.00071824997998 0.355548193087
1658919956.273628950 -0.402907018227 0.243237295427 0.0236281585877 0.94079963734 -0.00124070048658 0.00293619599725 0.338948199281
1658919956.374437809 -0.368611681629 0.258273239259 0.0220769991927 0.948951630558 -0.00117352567552 0.00252594914829 0.315409329729
1658919956.475317478 -0.326782958954 0.27608069458 0.0223955451648 0.957697764386 -0.00174190817426 0.00407514871605 0.287741813105
1658919956.576087475 -0.305617841806 0.277940621195 0.0217969283889 0.966351979217 -0.00213483302893 0.00401781763998 0.257183109656
1658919956.677031517 -0.294843651775 0.276546843254 0.0241771948087 0.972883142081 -0.00147030700157 0.00194503070472 0.231284342115
1658919956.777866364 -0.280016281566 0.276193406586 0.0259383106359 0.977482785704 -0.000822519895142 -0.00201372958308 0.211003962062
1658919956.878767014 -0.281056636133 0.264213598418 0.0263290357112 0.981169472898 -0.00171419014349 0.000971273419406 0.193138767813
1658919956.979601622 -0.274140844739 0.261857487697 0.0266135542478 0.987186656234 -0.000957874479298 -0.00175304902446 0.159557246932
1658919957.080498219 -0.27238040362 0.253762619214 0.0253971250107 0.992638993516 -0.0015833550265 0.00210566527523 0.121082152743
1658919957.181330204 -0.27348340448 0.24115612473 0.0271410650693 0.996581099466 -0.00203672376407 0.00212359581676 0.0825678768323
1658919957.282169580 -0.283936892397 0.23882432658 0.023977786207 0.999066431702 -0.00209362556652 0.0024562188865 0.0430795632059
1658919957.383031607 -0.314566299035 0.231266621677 0.0244666895784 0.999856409365 -0.00163392865723 0.00184785643172 0.0167653319703
1658919957.483909607 -0.338756996399 0.225790171339 0.0262234471228 0.999999499375 -0.000828313003295 0.000299326929507 0.000474922063179
1658919957.584692955 -0.358094943482 0.216980220054 0.0239530611654 0.999976973618 -0.00173640306634 0.00255509583979 0.00604223664259
1658919957.685480595 -0.380614810932 0.209926035189 0.0232786234264 0.999889208833 -0.0009308192508 0.00116723943317 0.0148101717288
1658919957.786453247 -0.409729578596 0.209037982156 0.0230902927025 0.999826317124 -0.000752545270706 0.00038524538882 0.0186177562306
1658919957.887355804 -0.440658494606 0.204978018391 0.0242676114824 0.999791796753 -0.00143995917968 0.001494518155 0.0202991644797
1658919957.988174915 -0.47760776089 0.199123868447 0.0245724218513 0.999766585536 -0.00127992640302 0.0014951665027 0.0215151274898
1658919958.089009285 -0.518140969047 0.195402270629 0.0230184771508 0.999821547274 -0.00126047682883 0.00137191977718 0.0187990063781
1658919958.189896584 -0.558680066609 0.200038746391 0.0237447319534 0.999862244103 -0.00123297468941 0.00151527321366 0.0164826131801
1658919958.290808678 -0.598880925283 0.200506044824 0.0246059918075 0.999826737419 -0.0013404770173 0.00210603827739 0.0184462154818
1658919958.391592264 -0.639734335118 0.196065411032 0.0249019389778 0.999735846696 -0.00103406685049 0.00102255928305 0.0229373474737
1658919958.492459774 -0.681008698722 0.191021453544 0.0250829840657 0.999646127397 -0.00104673899645 0.000951385069971 0.0265634934407
1658919958.593301296 -0.723551527065 0.187167052782 0.0245195165904 0.999506646186 -0.00151958079115 0.00255903344993 0.0312666987625
1658919958.694168568 -0.761728932434 0.18463129525 0.0260317545457 0.999335035204 -0.000820074848283 0.00130017062407 0.0364297192798
1658919958.795036793 -0.798324016047 0.182628912134 0.0250304574571 0.999127759032 -0.000539887586215 0.00182506372588 0.041714491421
1658919958.895855904 -0.838299906067 0.174203063188 0.0241341705174 0.998782168918 0.000132408618582 0.0007389886337 0.0493316877366
1658919958.996729374 -0.878212896059 0.168871771023 0.0245104630534 0.998468681991 0.000289117059762 -0.000502054802499 0.0553168639338
1658919959.097584009 -0.921563747106 0.160592188516 0.0237957641996 0.997704632254 0.000239926594648 -0.000406067887364 0.0677144321605
1658919959.198313236 -0.964854752222 0.149845400869 0.0213363320046 0.996679934426 0.000184695976259 -0.000971187810417 0.0814133342566
1658919959.299283981 -1.00037402698 0.13673906383 0.0219286889204 0.995034696671 0.000561001854205 -0.00112007062635 0.0995207673765
1658919959.400173187 -1.03441946209 0.130917500842 0.0211571780741 0.993659340011 0.00053160356232 -0.00233541327122 0.112407202849
1658919959.501029491 -1.07256162844 0.127966221853 0.0225521175426 0.992281270798 0.000736368878952 -0.00193837640868 0.123990241875
1658919959.601879120 -1.10449049692 0.120825015977 0.0226106898831 0.991105914365 0.000957106248724 -0.00338430139249 0.133028932802
1658919959.702767849 -1.13727936356 0.117471517586 0.0216436207077 0.989634623982 0.00124667122076 -0.00463271429244 0.143528027874
1658919959.803588390 -1.16531124299 0.117388760155 0.0200865016443 0.988282661603 0.00141347379825 -0.00430038313364 0.152567655717
1658919959.904490232 -1.19147678175 0.124941361875 0.020404959007 0.987776210132 0.00127090117694 -0.00408339926033 0.155819990241
1658919960.005311251 -1.21883777042 0.12950006718 0.0185201820261 0.988076214238 0.00139472413794 -0.00440144562384 0.153896318597
1658919960.106176376 -1.24754380881 0.129206728022 0.019025413339 0.988497944215 0.0018030740975 -0.00440177738029 0.151159477252
1658919960.207036972 -1.27084679912 0.122520435085 0.0190330895673 0.988755787908 0.00129037689124 -0.00362874772544 0.149489661835
1658919960.307893276 -1.30026041092 0.1130217599 0.0213136629817 0.988860598071 0.00148302367537 -0.0040682418048 0.148781610529
1658919960.408726931 -1.33281179975 0.104231517495 0.0212579041653 0.989167917594 0.00132984088215 -0.00431923202574 0.146718800978
1658919960.510105133 -1.36748026881 0.0925756748501 0.02089315 0.989305694546 0.00139423375206 -0.00363174929916 0.145805038485
1658919960.610406160 -1.40781086262 0.0802172200381 0.0201176264841 0.989272962771 0.00109044589019 -0.00200375215218 0.146060949725
1658919960.711349249 -1.44633368823 0.0650068915129 0.0218917240797 0.989180599093 0.00096007199727 -0.00191229303991 0.146687299297
1658919960.812169075 -1.48428744886 0.0507379331719 0.019248905116 0.989158387896 0.00111123851174 -0.00240470970187 0.146828696703
1658919960.913012505 -1.51924325186 0.0371949736533 0.0203545827118 0.989109185547 0.00143686137418 -0.00228881369988 0.147158811586
1658919961.013874054 -1.5576098044 0.0218611752924 0.0192149420134 0.989029446795 0.00117545721425 -0.0021994693563 0.147697440761
1658919961.114725113 -1.58991408647 0.000527863062154 0.0189142412955 0.989145170981 0.000816607896637 -0.00274383718707 0.146913699951
1658919961.215547562 -1.62200592597 -0.0211183338766 0.0188974191181 0.989910316995 0.000360223247297 -0.00263052034179 0.141670444726
1658919961.316466331 -1.65325958478 -0.0433238387747 0.0191406072796 0.991062765573 0.000599218679323 -0.00237089530132 0.1333739648
1658919961.417333603 -1.68360340249 -0.06378688235 0.0172291932608 0.99245120433 0.000500010453452 -0.00253148582138 0.12261300336
1658919961.518053055 -1.71524764594 -0.0854902201548 0.017395430659 0.994074471126 0.000778027873182 -0.00199671128437 0.108680051861
1658919961.619038820 -1.74993497723 -0.103228338997 0.0158496969162 0.995646938037 0.000621415853093 -0.0016225631278 0.093188818579
1658919961.719648600 -1.78966818689 -0.11466840414 0.016095944823 0.997068200092 0.000884122692294 -0.0019899701042 0.076487010081
1658919961.820772886 -1.84377493028 -0.113601753256 0.0154559028799 0.997757405064 0.000399013221626 -0.00190972621021 0.0669055630983
1658919961.921540260 -1.91189240537 -0.102460496014 0.0153099851265 0.997751680649 0.00089305062819 -0.0020093419188 0.0669831976571
1658919962.022491217 -1.96990508418 -0.0944992734215 0.0152467788655 0.997478261084 0.00126875306595 -0.00157757509612 0.0709437818776
1658919962.123364687 -2.02493396592 -0.101334760219 0.0161417780686 0.997236189016 0.00163572201919 -0.000934371884877 0.0742727048105
1658919962.224143505 -2.06809014028 -0.107686422488 0.0121909848132 0.997295869166 0.000815814718322 -0.0013175830543 0.0734748104134
1658919962.325133324 -2.10654179682 -0.115829948144 0.0126804633997 0.997302274693 0.00122814668118 -0.00146067909054 0.073379363347
1658919962.425913811 -2.14235310642 -0.124680778024 0.00938628939554 0.997340833825 0.000661258476502 -0.00264676819507 0.0728273200187
1658919962.526745081 -2.17754253989 -0.125576445391 0.00695015281054 0.997290443965 0.00146273479849 -0.00178103469795 0.0735286250278
1658919962.627613306 -2.20187395602 -0.126702680203 0.00587771459568 0.997160284313 0.00142299477169 -0.000960093924958 0.0752889148228
1658919962.728443146 -2.20291703769 -0.126939096368 0.00511730380517 0.99710126166 0.00119667269731 -0.00125373186038 0.0760662219789
1658919962.829226017 -2.18861982747 -0.132203783943 0.00641297172272 0.997193207797 0.00124804901514 -0.00076927008776 0.0748569096377
1658919962.930167675 -2.16553932715 -0.13143831285 0.00960347398584 0.997348275824 0.00151542294615 -0.00108669902168 0.0727525895776
1658919963.030932188 -2.13780947898 -0.128950030368 0.00970376445007 0.997446306932 0.00157199806611 -0.00106456766573 0.0713951000068
1658919963.131874561 -2.10747680689 -0.120514540892 0.0113962759587 0.997404538865 0.0013675885902 -0.00120363334631 0.0719782385145
1658919963.232727289 -2.07355997617 -0.113078618719 0.0148545367729 0.997447537453 0.00115559922809 -0.000681767969923 0.0713905442677
1658919963.333666325 -2.03288937716 -0.101129775017 0.0132687257735 0.997346905082 0.00109888222334 0.000404116486793 0.072785850762
1658919963.434413433 -1.99058021577 -0.0910008549467 0.0154347462313 0.997187035067 0.00124135394049 -0.000173169807947 0.0749429526163
1658919963.535297871 -1.9417226348 -0.085000440877 0.0164319260069 0.997056207218 0.00129916668127 -0.0010329063256 0.0766561472983
1658919963.636210442 -1.889452139 -0.0778376816574 0.0168875198992 0.997199385593 0.000942526017902 -0.0012496648779 0.0747725575067
1658919963.737024307 -1.83984966718 -0.068718329094 0.0180821381353 0.997320634239 0.000856931088685 -0.00179824797473 0.0731271802703
1658919963.837923288 -1.78953798792 -0.0601071964635 0.0182293238551 0.997336736038 0.00088838074641 -0.00100938168664 0.0729220602967
1658919963.938738346 -1.73715074379 -0.0484985393366 0.0195164553111 0.997291772664 0.000749817747139 -0.000839914022805 0.073538102324
1658919964.039600372 -1.68295443068 -0.035289786211 0.0179071876509 0.997240365065 0.000702610135222 -0.00120097730684 0.0742274765651
1658919964.140419006 -1.63169142443 -0.0251958507767 0.0195708097548 0.997147742054 0.00100232725418 -0.00175632775477 0.0754472741009
1658919964.241300583 -1.5815335777 -0.0179523170113 0.0185097987127 0.997104010891 0.000788888738117 -0.0003361603405 0.0760450926412
1658919964.342180729 -1.5291779954 -0.0122824060305 0.0196720936813 0.997132516162 0.000989140540792 -0.00104475514905 0.0756615840415
1658919964.443004847 -1.47745181903 -0.00344746023296 0.0210558344224 0.997416869112 0.00104237702371 -0.00220063522007 0.0717889954335
1658919964.543893337 -1.42151108739 -0.000729378606537 0.0219196251833 0.997690418242 0.00124255948056 -0.0023363740929 0.0678736086483
1658919964.644669771 -1.37211264849 0.00428221597686 0.0227686319918 0.997948950927 0.00120466312284 -0.00193728847512 0.0639741122962
1658919964.745583296 -1.324623211 0.00752336704167 0.0232482946529 0.998254401079 0.00151219071627 -0.00257711629318 0.0589849343276
1658919964.846497059 -1.2772456485 0.010320628492 0.0242722579267 0.998540180925 0.00201836122914 -0.00221724074642 0.053930669742
1658919964.947343588 -1.23045226769 0.0140076302672 0.0235813136336 0.998927390109 0.00213353643424 -0.00326281417488 0.0461396939292
1658919965.048218727 -1.18360948415 0.0152867826396 0.0244592158655 0.999244817982 0.0018925374951 -0.00417002785066 0.0385852679901
1658919965.149015903 -1.14991791347 0.0178827364089 0.0231190182771 0.99954597061 0.00152933744427 -0.00272937950875 0.0299677201735
1658919965.249866247 -1.10202354038 0.0227553716525 0.0232162331506 0.999790662169 0.00242003393334 -0.00428726988861 0.0198593703847
1658919965.350732088 -1.05038069626 0.0305702713498 0.0213519200838 0.999919182652 0.00223640561133 -0.00295239977806 0.0121618250973
1658919965.451605320 -1.00486960802 0.0316787602375 0.0213737208408 0.999979849464 0.00129127188064 -0.000937913313165 0.00614439600998
1658919965.552452564 -0.958396835497 0.036794452364 0.0233867798387 0.999995251011 0.00123708717955 -0.000583733849408 -0.00276167086049
1658919965.653297424 -0.911073246452 0.0400949808058 0.0240981247376 0.999942811005 0.00150406632948 -0.000256366940174 -0.0105852151769
1658919965.754226208 -0.870778570163 0.0371415305798 0.0271502272542 0.999872201399 0.00120293049057 0.000371796345724 -0.0159372392852
1658919965.855010986 -0.830561124605 0.0361237961704 0.0286772293634 0.999731750735 0.001322639971 -0.000517934455701 -0.0231172866067
1658919965.955915213 -0.789123605542 0.0344791840133 0.0301026716911 0.999553541377 0.000781586217877 0.000376299858961 -0.0298657904819
1658919966.056715965 -0.751153952213 0.035886390521 0.0294875381409 0.999327928933 0.000492834895103 0.00122708057276 -0.0366325243625
1658919966.157658339 -0.710058324265 0.0347281874644 0.0299599200831 0.99907730504 0.000602993307356 0.000773852825267 -0.0429368851378
1658919966.258508682 -0.669527974611 0.0331748215602 0.0296680578833 0.998764423078 -5.35847297585 0.00159889393224 -0.0496696157864
1658919966.359308243 -0.623575869955 0.0266654628947 0.0281679190884 0.998488137044 0.000711935024113 0.000696833162503 -0.054958600371
1658919966.460177898 -0.580885898191 0.0205447725161 0.027088643826 0.998089492701 0.000266636314037 0.00154440881849 -0.0617649436609
1658919966.560966492 -0.543447682919 0.00960418957755 0.0280522966308 0.997709954034 -0.000713163545658 0.0026533969112 -0.0675817912143
1658919966.661921978 -0.509315640945 0.00342286847772 0.0288109563937 0.997426189119 -0.000589063990375 0.00196529927687 -0.0716713880328
1658919966.762732506 -0.479908088887 -0.00198908142871 0.0290094170706 0.99699228022 -0.000145686460316 0.00160962094436 -0.0774840698303
1658919966.863822460 -0.446918592689 -3.27920210954 0.0291480831822 0.995998549481 0.000103657130556 0.000896352367254 -0.0893648434213
1658919966.964439392 -0.417451078279 -0.00457610799527 0.0283081017964 0.99521278193 -0.00121344674619 0.00291162456574 -0.0976809534801
1658919967.065302134 -0.386950332978 -0.0134547557486 0.029634848006 0.994049910828 -0.000427555525582 0.00164599168219 -0.108912270613
1658919967.166168213 -0.359983807454 -0.0265935978645 0.0295169808059 0.993140371857 -0.000413822140573 0.00134155871734 -0.116919762054
1658919967.267040968 -0.323195285037 -0.0342945931784 0.0282317592355 0.991683171522 3.84741871828 0.000905884655087 -0.128699903699
1658919967.367931366 -0.28967355837 -0.0495313342647 0.0289477372833 0.990378825345 -0.000561667138246 0.00133289366013 -0.138375179254
1658919967.468799114 -0.256893010311 -0.06299286297 0.0279028364302 0.989221830116 -0.000599006532632 0.00197004859563 -0.146410146237
1658919967.569453001 -0.227925161844 -0.0753672067997 0.0273929514187 0.98777012838 -0.000429357064232 0.00188271258084 -0.155905242135
1658919967.670463324 -0.198781303968 -0.0856724474379 0.0276907776854 0.98662479421 0.000796204202794 -0.000138459960638 -0.163005712592
1658919967.771261692 -0.16924841769 -0.097264536503 0.0263295335181 0.985746870673 -0.000716447904073 0.00212087271632 -0.168220377956
1658919967.872148275 -0.137727451263 -0.112722487908 0.0256447272282 0.984553863853 -0.000313907526022 0.00127335475333 -0.175077037906
1658919967.973050117 -0.108342881977 -0.127852704145 0.0268300950412 0.983499452367 -0.000187425971604 0.00105678330436 -0.180907919326
1658919968.073861122 -0.0832370977407 -0.140166017477 0.0249602110195 0.982227332158 -0.000843203523667 0.00196859479816 -0.187682928379
1658919968.174589872 -0.0680501862489 -0.151197898609 0.0265631489862 0.981144226168 -0.000429828706943 0.00203461461135 -0.193265835178
1658919968.275610447 -0.0502880231722 -0.159190824257 0.0252207844297 0.980694581753 -0.00126807713834 0.00213996506466 -0.195529920599
1658919968.376453400 -0.0304208477754 -0.171045279575 0.0232047563898 0.98024925413 -0.000903434167391 0.00234180216322 -0.19775009367
1658919968.477333307 -0.00864058102176 -0.184151941853 0.0231026029915 0.979069041508 -0.00129533386213 0.00308530747844 -0.203500896677
1658919968.578099728 0.00988768417531 -0.192023276144 0.0261999255259 0.977683352878 -0.00102637492638 0.00244354489923 -0.210067220546
1658919968.679039955 0.0261365141561 -0.200236859101 0.0279635829714 0.976304369844 -0.000509178122073 0.00230079653263 -0.216389058171
1658919968.780022621 0.0473544640262 -0.210949664688 0.0283231319415 0.974382413809 0.000766101291775 0.00010217222054 -0.224896230093
1658919968.880731106 0.0655317852607 -0.222063873359 0.0290185501978 0.972376820427 0.000875651766858 0.000150326451232 -0.233414930395
1658919968.981732368 0.0876479898129 -0.231986006002 0.0288336411434 0.970022318775 0.00109430733532 0.000147276041814 -0.243013336833
1658919969.082453251 0.108465943851 -0.244335010353 0.027957063165 0.967640094464 0.000107810238188 0.00136729747964 -0.252330668885
1658919969.183300495 0.135776922958 -0.257327846262 0.0296690129554 0.96441203605 0.000639989369984 0.000378932812414 -0.264402858429
1658919969.284121752 0.159080529349 -0.268087118811 0.0317952937085 0.961880042858 0.00023728091373 0.00148002324872 -0.273467614866
1658919969.385036945 0.181321161241 -0.282026668266 0.0317999567951 0.959406437955 0.00146978615486 -5.49663429585 -0.282023267689
1658919969.485921621 0.197596340109 -0.298962705393 0.0321704684006 0.956089682646 0.00121230731664 0.000732602835074 -0.293070831612
1658919969.586729050 0.220246779448 -0.318266231314 0.0310684604257 0.953455101527 -0.000304263306888 0.00202490780039 -0.301528069247
1658919969.687637806 0.240864201545 -0.340198123695 0.0285689865288 0.951787772836 -0.000987387565909 0.00304625584104 -0.306740575845
1658919969.788455486 0.262622664644 -0.355930412573 0.0317108858218 0.951913490042 0.000969298815511 0.00026071922961 -0.306365304762
1658919969.889245987 0.283178331926 -0.367965425863 0.027895226949 0.955604022646 -0.00072032511773 0.00177538533625 -0.294647723631
1658919969.990153313 0.30399365306 -0.380219648779 0.0265274083457 0.959381933154 -0.000234758877939 0.00142131747034 -0.282106772485
1658919970.091039658 0.33361809144 -0.394545802327 0.0290989112429 0.963261811483 -0.000663955029264 0.00200856370399 -0.268555780749
1658919970.191870689 0.36227875922 -0.412952784206 0.0319273307626 0.966268748916 0.000323287777207 0.00155668117841 -0.257530924546
1658919970.292747974 0.39013779711 -0.433032580031 0.0295996972362 0.96731603882 -0.000365235681618 0.00244042335811 -0.253561810961
1658919970.393588066 0.424588967676 -0.45078487594 0.0289247377856 0.968743496625 -0.000497110897041 0.00225053372877 -0.248053876657
1658919970.494427204 0.464264878528 -0.468861808084 0.0279793402131 0.970137859089 -0.000147078015253 0.00178421923692 -0.2425475815
1658919970.599938869 0.510412861989 -0.484157377715 0.0314758875693 0.971300082738 0.00145256399424 -0.000582367427399 -0.23785226545
1658919970.696186543 0.545379592063 -0.498992147486 0.0278907987714 0.973285575469 0.000687922517411 1.6264058397 -0.229596853949
1658919970.797877312 0.579534965055 -0.511007477333 0.0279283983023 0.975038365046 -0.000515791621578 0.00147238165732 -0.222030972478
1658919970.897894382 0.611609570034 -0.518584182785 0.0295892171176 0.977540938316 -0.000856449807237 0.00163939264683 -0.210737497379
1658919970.998745918 0.637388106985 -0.522221934766 0.03032022251 0.979767372304 -0.00041736505952 0.000478732540192 -0.200138683894
1658919971.099611282 0.660625204823 -0.526311029537 0.0288129573614 0.982801730588 -0.00134591497372 0.00182714801817 -0.184649961811
1658919971.200464964 0.685776927704 -0.527407256407 0.0278146714929 0.985884246411 -0.000718109454836 0.000502905360564 -0.167426055569
1658919971.301321030 0.705763305744 -0.530005342084 0.0282572426161 0.988601326772 -0.00158741363875 0.00141183083598 -0.150542032523
1658919971.402162552 0.72822014897 -0.532501409492 0.0269781032435 0.991040926653 -0.00129342987374 0.00153687637045 -0.133543426453
1658919971.503033638 0.751213211488 -0.537255017423 0.0279493595792 0.993173249361 -0.00126760791269 0.000823884273246 -0.116638806313
1658919971.603800297 0.783355284472 -0.539745238379 0.0287900531905 0.994005295714 -0.00110097738365 0.000719365605526 -0.109324025056
1658919971.704740763 0.813843333975 -0.547122798088 0.0265639149344 0.993924459195 -0.00141138244119 0.00153647049698 -0.110044612185
1658919971.805576324 0.843004671982 -0.551402666172 0.0242678825229 0.993547250935 -0.0015039531483 0.00167747878087 -0.113396579972
1658919971.906461716 0.865336247564 -0.558559725542 0.0254130685402 0.992847462012 -0.00152842152344 0.00190623586141 -0.119364766023
1658919972.007307291 0.865211279984 -0.560644730537 0.0230090903563 0.992584548279 -0.00155188338318 0.00314881746589 -0.121505518902
1658919972.108165741 0.861339399908 -0.556503936248 0.025626611724 0.99285989723 -0.00134473455655 0.00115108798674 -0.1192731787
1658919972.208934784 0.86597241372 -0.556118222922 0.0251623489757 0.993020201519 -0.00158515427374 0.00181797212501 -0.117919725401
1658919972.309902191 0.866167917674 -0.552822786977 0.0271398197388 0.992905724384 -0.00136994924855 0.00104906328006 -0.118891737266
1658919972.410725355 0.867592408611 -0.548989302034 0.0278193789744 0.993048889909 -0.00153660678103 0.00097486532715 -0.11768853269
1658919972.511632204 0.86735691863 -0.549078751768 0.0247385713438 0.993000663153 -0.00150115128705 0.00166409097574 -0.118087511296
1658919972.612486839 0.866333520929 -0.549197699984 0.0247017310457 0.992922742293 -0.00145948824856 0.00155965749787 -0.11874285326
1658919972.713306904 0.867433413639 -0.549413367596 0.0264941724022 0.992953552777 -0.00124424516688 0.000417209308435 -0.118496919024
1658919972.814175606 0.862040019921 -0.553107072386 0.0252192218611 0.993040212623 -0.00149155004585 0.00131443976673 -0.117759006619
1658919972.914992571 0.860708327434 -0.551547865023 0.0260109389879 0.993007854005 -0.00161462265741 0.00123922360848 -0.118030755326
1658919973.015882969 0.864361290875 -0.548861668854 0.0261577139423 0.992924125747 -0.00135963682358 0.000975807394549 -0.118738703452
1658919973.116766453 0.862695763864 -0.548502906331 0.0255927745127 0.99303002185 -0.00148206765992 0.00135150636924 -0.117844612139
1658919973.217578173 0.863395968337 -0.548606793243 0.0244205523111 0.992864366391 -0.00122775153721 0.00137106069734 -0.119234905834
